NMF_Replicate	L1	L1 %	L2	L2 %	KL Divergence	Correlation	Convergence Iterations
1	14.743	50.53	5.92	46.488	0.24	0.863	6000.0
2	15.674	53.854	6.236	47.239	0.269	0.858	6000.0
3	14.295	48.891	5.669	47.079	0.216	0.863	6000.0
4	15.898	54.485	6.666	52.682	0.296	0.82	6000.0
5	13.818	47.349	5.681	45.176	0.218	0.875	6000.0
6	16.247	55.762	6.447	50.082	0.288	0.846	6000.0
7	13.754	47.281	5.691	44.382	0.215	0.881	6000.0
8	14.189	48.61	6.026	46.225	0.214	0.863	6000.0
9	16.584	56.667	6.51	51.434	0.264	0.831	6000.0
10	14.776	50.596	5.72	42.758	0.236	0.88	6000.0
11	15.341	52.571	5.978	48.08	0.24	0.856	6000.0
12	15.187	52.003	6.059	47.894	0.233	0.86	6000.0
13	13.045	44.671	5.135	40.053	0.213	0.902	6000.0
14	12.523	42.801	4.962	39.856	0.187	0.902	6000.0
15	14.484	49.597	5.909	45.648	0.244	0.877	6000.0
16	15.062	51.578	5.769	46.068	0.226	0.871	6000.0
17	14.633	50.115	5.855	46.988	0.242	0.859	6000.0
18	13.877	47.605	5.212	43.0	0.221	0.881	6000.0
19	14.216	48.828	5.738	45.605	0.264	0.863	6000.0
20	14.17	48.485	5.534	43.467	0.238	0.879	6000.0
21	13.869	47.592	5.468	44.121	0.218	0.88	6000.0
22	15.072	51.623	5.91	47.276	0.254	0.861	6000.0
23	13.61	46.548	5.172	41.012	0.225	0.902	6000.0
24	14.492	49.781	5.566	45.116	0.225	0.868	6000.0
25	14.946	51.314	5.795	47.268	0.256	0.861	6000.0
26	14.645	50.186	5.892	45.962	0.238	0.87	6000.0
27	12.682	43.324	5.163	40.987	0.2	0.907	6000.0
28	14.387	49.241	5.76	46.538	0.237	0.868	6000.0
29	15.075	51.682	6.303	49.442	0.234	0.848	6000.0
30	16.262	55.677	6.249	49.649	0.266	0.857	6000.0
31	12.409	42.465	5.142	40.757	0.187	0.896	6000.0
32	14.117	48.332	5.681	46.182	0.241	0.868	6000.0
33	14.396	49.241	5.708	44.445	0.219	0.882	6000.0
34	12.625	43.34	5.02	41.596	0.2	0.896	6000.0
35	13.695	47.073	5.436	45.427	0.234	0.869	6000.0
36	14.125	48.359	5.742	44.599	0.201	0.884	6000.0
37	15.964	54.603	6.339	49.946	0.293	0.839	6000.0
38	14.803	50.698	5.636	44.738	0.218	0.87	6000.0
39	14.264	48.905	5.446	44.835	0.235	0.874	6000.0
40	14.098	48.471	5.612	44.962	0.213	0.875	6000.0
41	13.468	46.199	5.471	43.736	0.237	0.874	6000.0
42	16.037	55.0	6.48	51.195	0.261	0.836	6000.0
43	14.929	51.233	5.892	47.144	0.235	0.861	6000.0
44	15.494	53.075	6.362	47.731	0.244	0.856	6000.0
45	16.032	55.094	6.38	49.506	0.269	0.839	6000.0
46	15.787	54.071	6.485	49.056	0.228	0.852	6000.0
47	15.588	53.347	5.975	47.495	0.235	0.856	6000.0
48	15.849	54.267	6.445	48.922	0.275	0.859	6000.0
49	14.424	49.345	5.954	45.054	0.251	0.867	6000.0
50	15.721	53.674	6.265	48.703	0.253	0.853	6000.0
51	13.906	47.679	5.608	44.736	0.236	0.871	6000.0
52	15.875	54.442	6.476	51.206	0.295	0.836	6000.0
53	13.859	47.572	5.553	45.972	0.23	0.863	6000.0
54	13.437	46.03	5.388	44.21	0.214	0.884	6000.0
55	13.42	46.036	5.224	42.88	0.202	0.885	6000.0
56	14.252	48.799	5.636	44.056	0.23	0.88	6000.0
57	14.797	50.772	5.971	45.369	0.258	0.874	6000.0
58	14.055	48.197	5.613	44.895	0.227	0.873	6000.0
59	15.037	51.472	5.753	47.263	0.233	0.866	6000.0
60	14.158	48.48	6.058	46.696	0.223	0.867	6000.0
61	15.816	54.097	6.259	47.189	0.273	0.857	6000.0
62	14.463	49.478	5.804	45.998	0.231	0.869	6000.0
63	14.24	48.818	5.516	45.24	0.232	0.877	6000.0
64	13.323	45.703	5.301	42.632	0.241	0.884	6000.0
65	16.609	56.825	6.412	49.986	0.268	0.863	6000.0
66	15.286	52.372	5.994	48.08	0.269	0.852	6000.0
67	14.416	49.271	6.027	47.341	0.214	0.868	6000.0
68	16.228	55.662	6.356	52.04	0.275	0.827	6000.0
69	14.011	47.975	5.71	45.826	0.231	0.868	6000.0
70	15.712	53.926	6.391	49.165	0.255	0.848	6000.0
71	15.091	51.816	6.153	49.705	0.241	0.842	6000.0
72	14.325	49.213	5.505	44.132	0.232	0.879	6000.0
73	13.376	45.863	5.699	44.354	0.212	0.876	6000.0
74	15.305	52.542	6.359	51.103	0.25	0.836	6000.0
75	15.956	54.529	6.195	49.015	0.269	0.852	6000.0
76	16.082	55.053	6.138	49.128	0.282	0.841	6000.0
77	14.491	49.809	5.914	46.018	0.243	0.865	6000.0
78	16.971	58.227	6.798	53.276	0.296	0.829	6000.0
79	13.637	46.646	5.207	43.244	0.211	0.879	6000.0
80	16.367	56.175	6.387	50.054	0.293	0.837	6000.0
81	14.188	48.632	5.562	45.387	0.212	0.873	6000.0
82	14.681	50.229	5.446	44.243	0.253	0.876	6000.0
83	13.18	45.098	5.471	44.173	0.192	0.888	6000.0
84	14.589	49.9	5.68	44.529	0.259	0.875	6000.0
85	15.122	51.807	6.221	49.855	0.254	0.848	6000.0
86	15.792	54.178	6.742	50.933	0.295	0.834	6000.0
87	13.756	47.19	5.409	44.257	0.217	0.882	6000.0
88	14.038	47.939	5.585	45.759	0.218	0.869	6000.0
89	15.114	51.723	6.173	48.239	0.243	0.854	6000.0
90	14.889	51.109	6.093	49.67	0.235	0.85	6000.0
91	14.571	49.772	6.082	47.308	0.238	0.86	6000.0
92	13.217	45.213	5.221	42.645	0.205	0.894	6000.0
93	13.152	44.998	5.1	41.958	0.204	0.896	6000.0
94	14.148	48.53	5.474	44.517	0.215	0.875	6000.0
95	16.104	55.24	6.518	50.741	0.285	0.843	6000.0
96	14.874	50.86	5.974	46.709	0.231	0.867	6000.0
97	15.151	51.662	6.102	48.193	0.24	0.858	6000.0
98	12.742	43.704	4.863	40.095	0.201	0.899	6000.0
99	13.665	46.888	5.426	44.12	0.214	0.874	6000.0
100	13.333	45.861	5.046	41.852	0.215	0.885	6000.0
101	14.958	51.146	5.969	48.221	0.241	0.851	6000.0
102	13.877	47.583	5.496	44.988	0.224	0.865	6000.0
103	15.863	54.145	6.403	49.336	0.271	0.849	6000.0
104	14.355	49.23	5.501	44.949	0.241	0.879	6000.0
105	13.0	44.519	5.044	42.349	0.194	0.882	6000.0
106	13.953	47.767	5.474	44.713	0.201	0.877	6000.0
107	15.112	51.797	5.836	48.14	0.27	0.856	6000.0
108	13.602	46.702	5.589	43.958	0.209	0.884	6000.0
109	15.498	53.095	6.132	48.631	0.255	0.855	6000.0
110	13.908	47.55	5.437	42.74	0.253	0.885	6000.0
111	15.231	52.133	6.17	50.274	0.258	0.842	6000.0
112	13.989	47.924	5.845	47.16	0.223	0.866	6000.0
113	17.634	60.446	7.156	56.109	0.31	0.807	6000.0
114	14.769	50.479	5.832	46.01	0.267	0.863	6000.0
115	16.614	57.114	6.519	50.908	0.291	0.84	6000.0
116	14.25	48.856	5.52	45.398	0.252	0.864	6000.0
117	15.329	52.637	6.102	47.068	0.273	0.863	6000.0
118	12.92	44.288	4.972	41.118	0.186	0.9	6000.0
119	12.428	42.452	4.866	38.564	0.225	0.907	6000.0
120	13.361	45.808	5.237	42.576	0.208	0.891	6000.0
121	13.7	46.954	5.385	44.565	0.207	0.88	6000.0
122	15.687	53.578	6.433	50.432	0.246	0.839	6000.0
123	12.493	42.828	5.156	42.499	0.185	0.893	6000.0
124	14.381	49.187	5.975	46.126	0.228	0.872	6000.0
125	12.63	43.32	5.265	41.961	0.225	0.888	6000.0
126	15.274	52.272	6.326	48.838	0.251	0.852	6000.0
127	14.789	50.645	5.847	45.756	0.239	0.873	6000.0
128	15.788	54.212	6.244	46.749	0.253	0.857	6000.0
129	13.015	44.553	5.201	41.344	0.185	0.904	6000.0
130	13.876	47.541	5.773	43.64	0.2	0.888	6000.0
131	14.103	48.309	5.684	44.632	0.219	0.875	6000.0
132	15.196	51.984	6.077	47.789	0.235	0.86	6000.0
133	15.111	51.729	6.221	49.932	0.26	0.841	6000.0
134	16.105	55.036	6.877	50.803	0.251	0.835	6000.0
135	12.629	43.296	5.051	42.11	0.208	0.891	6000.0
136	14.333	49.374	5.601	45.552	0.231	0.866	6000.0
137	13.834	47.43	5.445	42.88	0.217	0.883	6000.0
138	12.461	42.651	5.086	41.508	0.2	0.893	6000.0
139	15.116	51.697	6.244	47.724	0.265	0.858	6000.0
140	15.893	54.454	6.57	49.203	0.244	0.848	6000.0
141	15.024	51.497	5.991	45.648	0.236	0.868	6000.0
142	15.366	52.738	5.947	46.975	0.26	0.875	6000.0
143	15.848	54.191	6.53	50.821	0.254	0.839	6000.0
144	13.877	47.51	5.721	44.098	0.196	0.879	6000.0
145	14.907	50.883	5.708	46.302	0.225	0.873	6000.0
146	14.237	48.7	5.552	43.68	0.245	0.881	6000.0
147	16.209	55.587	6.779	52.247	0.286	0.832	6000.0
148	13.794	47.152	5.503	43.742	0.215	0.877	6000.0
149	14.146	48.407	5.565	45.227	0.218	0.875	6000.0
150	16.688	56.905	6.812	51.746	0.282	0.829	6000.0
151	14.529	49.797	5.314	43.061	0.245	0.886	6000.0
152	16.476	56.286	6.814	52.094	0.281	0.822	6000.0
153	13.676	46.721	5.642	45.205	0.211	0.87	6000.0
154	14.846	50.945	6.02	47.457	0.239	0.863	6000.0
155	14.537	49.541	5.678	44.53	0.233	0.877	6000.0
156	12.827	43.988	5.384	41.921	0.19	0.888	6000.0
157	14.481	49.471	5.583	43.395	0.218	0.879	6000.0
158	14.141	48.491	5.436	43.962	0.217	0.885	6000.0
159	15.533	53.301	6.145	48.905	0.258	0.847	6000.0
160	13.958	47.63	5.392	44.313	0.232	0.872	6000.0
161	15.715	53.678	6.438	50.737	0.232	0.844	6000.0
162	15.204	52.312	6.263	48.354	0.268	0.843	6000.0
163	14.402	49.276	5.702	44.745	0.239	0.882	6000.0
164	14.523	49.851	5.999	47.541	0.231	0.865	6000.0
165	15.849	54.291	6.29	50.776	0.252	0.839	6000.0
166	13.085	44.856	5.074	41.115	0.209	0.897	6000.0
167	13.957	47.812	5.654	43.474	0.246	0.874	6000.0
168	13.34	45.515	5.181	41.279	0.206	0.896	6000.0
169	16.413	56.226	6.619	51.922	0.281	0.836	6000.0
170	14.581	50.1	5.632	44.361	0.256	0.874	6000.0
171	14.976	51.257	5.74	46.098	0.254	0.865	6000.0
172	14.417	49.436	5.623	45.513	0.246	0.868	6000.0
173	11.979	40.938	4.762	38.262	0.19	0.914	6000.0
174	15.15	51.781	6.213	48.702	0.256	0.852	6000.0
175	12.525	42.995	4.826	40.412	0.202	0.9	6000.0
176	15.891	54.3	6.141	50.438	0.281	0.842	6000.0
177	13.612	46.685	5.205	42.306	0.217	0.892	6000.0
178	14.233	48.842	5.6	44.791	0.25	0.86	6000.0
179	13.348	45.733	5.272	42.486	0.205	0.892	6000.0
180	13.824	47.296	5.233	42.132	0.219	0.893	6000.0
181	14.811	50.916	5.704	44.767	0.263	0.876	6000.0
182	13.764	47.2	5.291	43.288	0.228	0.883	6000.0
183	15.927	54.524	6.327	49.613	0.262	0.851	6000.0
184	15.146	51.881	5.803	45.75	0.254	0.866	6000.0
185	14.843	50.841	5.774	46.376	0.253	0.869	6000.0
186	14.965	51.276	6.048	45.972	0.262	0.864	6000.0
187	13.753	47.048	5.332	40.555	0.217	0.898	6000.0
188	13.796	47.388	5.13	42.24	0.225	0.885	6000.0
189	14.292	49.012	5.821	47.537	0.239	0.85	6000.0
190	15.184	51.98	5.627	44.842	0.246	0.879	6000.0
191	13.387	45.823	5.388	42.092	0.218	0.886	6000.0
192	14.575	49.948	5.981	47.83	0.223	0.859	6000.0
193	15.229	52.158	5.878	47.0	0.246	0.868	6000.0
194	12.434	42.666	5.111	40.204	0.188	0.904	6000.0
195	15.53	53.154	6.464	50.913	0.281	0.84	6000.0
196	14.498	49.816	5.882	46.404	0.219	0.872	6000.0
197	14.753	50.37	6.184	48.197	0.266	0.857	6000.0
198	14.669	50.294	6.061	47.103	0.233	0.863	6000.0
199	15.557	53.303	6.562	49.969	0.251	0.834	6000.0
200	13.341	45.61	5.398	42.523	0.201	0.898	6000.0
201	15.91	54.638	6.366	49.929	0.262	0.847	6000.0
202	16.465	56.469	6.559	51.308	0.298	0.835	6000.0
203	16.422	56.419	6.599	51.114	0.264	0.839	6000.0
204	13.613	46.642	5.485	44.539	0.215	0.875	6000.0
205	12.782	43.963	5.089	41.145	0.218	0.891	6000.0
206	14.313	48.997	5.393	42.781	0.228	0.881	6000.0
207	14.205	48.811	6.049	46.418	0.25	0.872	6000.0
208	14.399	49.256	5.751	45.014	0.239	0.879	6000.0
209	14.613	50.073	5.704	44.642	0.225	0.878	6000.0
210	13.574	46.735	5.231	44.889	0.216	0.865	6000.0
211	14.268	48.945	5.715	46.708	0.24	0.861	6000.0
212	15.029	51.634	6.272	46.897	0.271	0.854	6000.0
213	15.437	53.01	6.087	48.458	0.257	0.858	6000.0
214	15.321	52.519	5.829	47.241	0.254	0.861	6000.0
215	14.898	51.074	6.18	48.113	0.265	0.85	6000.0
216	13.067	44.637	5.167	41.606	0.198	0.888	6000.0
217	14.294	49.109	5.894	46.478	0.219	0.866	6000.0
218	14.794	50.694	5.793	47.134	0.261	0.847	6000.0
219	15.175	51.837	6.34	48.731	0.265	0.856	6000.0
220	13.403	45.819	5.657	44.676	0.194	0.884	6000.0
221	15.893	54.395	6.537	49.491	0.269	0.852	6000.0
222	14.558	49.931	6.122	46.832	0.237	0.862	6000.0
223	15.984	54.798	6.566	52.493	0.272	0.83	6000.0
224	14.259	48.917	5.579	45.042	0.248	0.865	6000.0
225	14.026	47.97	5.658	45.453	0.224	0.869	6000.0
226	14.824	50.779	6.076	46.679	0.224	0.865	6000.0
227	13.13	44.999	5.138	40.79	0.198	0.901	6000.0
228	14.017	48.078	5.694	46.29	0.236	0.866	6000.0
229	13.612	46.599	5.188	41.985	0.195	0.893	6000.0
230	14.63	49.988	5.965	46.853	0.219	0.867	6000.0
231	13.937	47.636	5.951	44.065	0.216	0.888	6000.0
232	16.31	55.844	6.605	52.236	0.254	0.83	6000.0
233	14.764	50.697	5.809	44.157	0.221	0.884	6000.0
234	16.368	56.007	6.7	51.515	0.273	0.834	6000.0
235	16.221	55.623	6.713	51.636	0.271	0.834	6000.0
236	14.648	50.103	5.961	47.361	0.23	0.863	6000.0
237	16.261	55.72	6.273	49.93	0.263	0.847	6000.0
238	14.599	49.971	6.143	47.917	0.246	0.855	6000.0
239	13.914	47.75	5.601	44.554	0.204	0.87	6000.0
240	18.256	62.547	7.703	56.478	0.335	0.801	6000.0
241	14.135	48.424	5.706	45.976	0.211	0.871	6000.0
242	15.719	53.774	6.302	50.55	0.27	0.843	6000.0
243	14.21	48.625	5.583	44.137	0.223	0.869	6000.0
244	18.695	64.066	7.776	58.084	0.34	0.785	6000.0
245	14.83	50.84	5.994	48.277	0.231	0.853	6000.0
246	14.929	51.32	5.96	46.812	0.232	0.86	6000.0
247	16.842	57.707	6.443	52.395	0.283	0.839	6000.0
248	15.133	51.844	5.946	46.174	0.246	0.863	6000.0
249	13.434	46.053	5.433	44.092	0.229	0.876	6000.0
250	16.299	55.758	6.991	52.501	0.292	0.824	6000.0
251	14.703	50.39	6.08	47.555	0.215	0.861	6000.0
252	14.428	49.415	5.655	45.923	0.218	0.875	6000.0
253	14.806	50.797	5.773	44.721	0.248	0.877	6000.0
254	14.987	51.418	5.709	45.838	0.237	0.872	6000.0
255	14.233	48.849	5.63	46.337	0.246	0.858	6000.0
256	14.48	49.601	5.606	43.831	0.256	0.89	6000.0
257	14.81	50.762	6.083	45.689	0.232	0.879	6000.0
258	14.714	50.556	5.71	45.676	0.244	0.872	6000.0
259	14.423	49.422	5.586	45.118	0.249	0.873	6000.0
260	13.343	45.782	5.406	43.266	0.205	0.881	6000.0
261	17.507	59.816	6.975	54.746	0.314	0.813	6000.0
262	13.978	47.936	5.768	43.245	0.237	0.877	6000.0
263	16.655	57.105	6.687	52.367	0.295	0.825	6000.0
264	16.493	56.721	6.605	51.68	0.274	0.832	6000.0
265	16.997	58.307	7.076	54.154	0.292	0.819	6000.0
266	13.361	45.723	5.232	41.384	0.22	0.893	6000.0
267	15.949	54.657	6.378	50.827	0.245	0.845	6000.0
268	14.176	48.659	5.925	45.673	0.222	0.869	6000.0
269	14.636	50.064	5.8	44.358	0.242	0.884	6000.0
270	14.499	49.608	5.898	46.436	0.217	0.857	6000.0
271	15.968	54.503	6.158	48.901	0.242	0.852	6000.0
272	13.592	46.469	5.256	44.497	0.199	0.882	6000.0
273	17.273	58.997	7.189	52.052	0.295	0.841	6000.0
274	13.774	47.23	5.577	44.016	0.221	0.876	6000.0
275	14.808	50.714	6.064	49.372	0.233	0.855	6000.0
276	14.438	49.446	5.566	43.712	0.227	0.887	6000.0
277	13.709	46.991	5.218	43.17	0.208	0.889	6000.0
278	12.845	44.094	5.068	41.967	0.214	0.893	6000.0
279	14.735	50.681	5.663	46.586	0.242	0.861	6000.0
280	13.805	47.202	5.171	41.872	0.232	0.894	6000.0
281	15.227	52.092	5.99	47.744	0.255	0.858	6000.0
282	13.657	46.745	5.368	43.24	0.219	0.88	6000.0
283	15.579	53.416	6.009	47.525	0.254	0.858	6000.0
284	15.497	53.294	6.317	48.13	0.267	0.851	6000.0
285	14.219	48.85	5.943	45.971	0.251	0.867	6000.0
286	15.004	51.518	5.893	48.557	0.239	0.859	6000.0
287	13.49	46.224	5.613	43.421	0.214	0.879	6000.0
288	13.57	46.562	5.431	44.391	0.205	0.874	6000.0
289	13.057	44.696	5.377	43.09	0.184	0.885	6000.0
290	13.095	44.926	5.064	40.156	0.2	0.905	6000.0
291	15.032	51.399	5.858	45.488	0.242	0.878	6000.0
292	14.898	51.239	5.642	46.084	0.248	0.861	6000.0
293	13.476	46.055	5.359	43.825	0.209	0.88	6000.0
294	15.61	53.525	6.137	49.392	0.263	0.844	6000.0
295	15.721	53.905	6.074	50.231	0.277	0.833	6000.0
296	16.748	57.32	7.169	52.975	0.295	0.826	6000.0
297	15.159	51.979	6.175	49.537	0.241	0.847	6000.0
298	14.502	49.655	5.599	42.161	0.232	0.889	6000.0
299	14.927	51.048	5.76	46.223	0.226	0.871	6000.0
300	17.345	59.491	7.142	54.443	0.307	0.815	6000.0
301	16.575	56.655	6.759	50.193	0.287	0.846	6000.0
302	14.94	51.227	5.944	44.957	0.264	0.869	6000.0
303	14.687	50.335	5.927	46.254	0.249	0.873	6000.0
304	15.086	51.691	5.832	47.614	0.26	0.855	6000.0
305	14.458	49.444	6.034	48.169	0.223	0.854	6000.0
306	13.199	45.224	5.128	41.328	0.198	0.887	6000.0
307	17.463	59.806	6.91	54.635	0.302	0.82	6000.0
308	13.688	47.006	5.216	41.035	0.219	0.893	6000.0
309	15.366	52.65	6.334	49.752	0.294	0.846	6000.0
310	13.584	46.619	5.188	42.681	0.199	0.884	6000.0
311	13.802	47.346	5.354	42.981	0.214	0.884	6000.0
312	14.841	50.91	5.939	48.088	0.241	0.859	6000.0
313	16.179	55.452	6.358	49.046	0.276	0.847	6000.0
314	15.502	53.122	6.134	47.436	0.237	0.865	6000.0
315	15.488	53.097	5.933	48.174	0.273	0.857	6000.0
316	13.645	46.705	5.324	43.817	0.22	0.877	6000.0
317	13.666	46.865	5.386	43.347	0.204	0.884	6000.0
318	12.765	43.666	5.013	40.559	0.181	0.903	6000.0
319	15.059	51.729	6.025	48.434	0.279	0.852	6000.0
320	15.643	53.653	6.42	49.164	0.254	0.855	6000.0
321	13.897	47.358	5.361	44.759	0.219	0.866	6000.0
322	15.165	51.902	5.934	44.051	0.24	0.883	6000.0
323	15.018	51.618	5.977	46.027	0.229	0.866	6000.0
324	13.381	45.876	5.527	42.594	0.19	0.879	6000.0
325	14.019	48.096	5.37	45.252	0.23	0.87	6000.0
326	14.612	49.875	5.914	45.463	0.224	0.868	6000.0
327	16.277	55.652	6.824	49.417	0.253	0.86	6000.0
328	15.964	54.694	6.398	49.196	0.272	0.847	6000.0
329	16.983	58.032	7.009	53.18	0.3	0.823	6000.0
330	15.0	51.405	6.236	47.508	0.244	0.86	6000.0
331	15.154	51.669	6.109	45.515	0.263	0.859	6000.0
332	15.915	54.545	6.531	50.445	0.267	0.836	6000.0
333	13.717	46.894	5.686	45.012	0.214	0.883	6000.0
334	14.916	51.124	5.759	48.167	0.257	0.857	6000.0
335	14.583	49.855	5.859	45.128	0.241	0.88	6000.0
336	16.06	55.03	6.208	50.05	0.282	0.841	6000.0
337	15.061	51.802	5.92	45.46	0.237	0.876	6000.0
338	15.327	52.501	6.476	49.186	0.25	0.852	6000.0
339	14.854	50.867	5.826	45.303	0.254	0.875	6000.0
340	13.838	47.415	5.43	43.782	0.209	0.88	6000.0
341	16.717	57.052	6.733	51.101	0.272	0.837	6000.0
342	14.304	48.895	5.731	46.909	0.219	0.864	6000.0
343	14.276	48.935	5.682	46.543	0.226	0.866	6000.0
344	13.492	46.253	5.487	45.21	0.186	0.873	6000.0
345	16.451	56.323	6.511	51.194	0.285	0.836	6000.0
346	15.694	53.599	6.096	48.47	0.256	0.858	6000.0
347	16.149	55.552	6.585	50.123	0.266	0.848	6000.0
348	14.004	48.087	5.536	42.138	0.227	0.896	6000.0
349	16.333	56.09	6.14	50.039	0.269	0.838	6000.0
350	14.541	50.04	5.308	44.426	0.259	0.865	6000.0
351	14.181	48.552	5.626	44.829	0.218	0.879	6000.0
352	15.432	53.097	5.934	46.074	0.269	0.865	6000.0
353	14.056	48.114	5.727	46.219	0.214	0.865	6000.0
354	13.762	47.061	5.292	42.504	0.231	0.879	6000.0
355	16.47	56.492	6.547	50.432	0.279	0.834	6000.0
356	15.063	51.651	5.912	46.872	0.236	0.863	6000.0
357	14.937	51.151	5.863	48.265	0.239	0.858	6000.0
358	13.852	47.486	5.597	44.823	0.229	0.874	6000.0
359	16.334	55.822	6.891	51.07	0.263	0.838	6000.0
360	14.192	48.644	5.334	42.256	0.217	0.901	6000.0
361	15.57	53.454	5.935	47.575	0.266	0.862	6000.0
362	14.457	49.576	5.583	45.228	0.242	0.869	6000.0
363	15.002	51.317	6.146	46.79	0.26	0.868	6000.0
364	13.485	45.954	5.602	44.285	0.22	0.875	6000.0
365	12.155	41.74	4.827	39.255	0.209	0.903	6000.0
366	13.964	47.884	5.417	43.836	0.219	0.879	6000.0
367	15.036	51.417	6.072	48.468	0.225	0.856	6000.0
368	14.546	49.761	5.661	45.425	0.23	0.872	6000.0
369	14.808	50.722	5.952	47.55	0.233	0.866	6000.0
370	15.804	54.269	6.299	49.672	0.257	0.846	6000.0
371	15.054	51.508	6.165	49.627	0.24	0.845	6000.0
372	14.734	50.412	5.632	43.279	0.246	0.886	6000.0
373	13.658	46.885	5.486	42.566	0.255	0.889	6000.0
374	15.046	51.682	6.118	48.447	0.222	0.852	6000.0
375	13.882	47.465	5.827	44.87	0.217	0.871	6000.0
376	13.349	45.84	5.128	42.474	0.221	0.88	6000.0
377	15.91	54.369	6.432	49.187	0.254	0.857	6000.0
378	15.775	54.173	6.422	49.958	0.255	0.841	6000.0
379	14.815	50.731	6.006	46.66	0.255	0.859	6000.0
380	13.129	45.111	5.217	42.8	0.205	0.885	6000.0
381	15.892	54.28	6.335	49.913	0.257	0.841	6000.0
382	14.08	48.356	5.318	43.979	0.215	0.876	6000.0
383	14.258	48.951	5.513	45.693	0.22	0.868	6000.0
384	15.521	53.089	6.332	49.088	0.295	0.841	6000.0
385	15.01	51.547	5.977	47.404	0.24	0.855	6000.0
386	14.341	48.939	5.866	46.363	0.235	0.866	6000.0
387	14.569	49.882	5.603	44.972	0.224	0.875	6000.0
388	13.525	46.345	5.343	43.439	0.234	0.879	6000.0
389	14.534	49.791	5.862	48.19	0.232	0.855	6000.0
390	15.008	51.463	5.759	46.781	0.23	0.863	6000.0
391	15.933	54.662	6.149	49.158	0.261	0.853	6000.0
392	17.089	58.48	7.03	52.752	0.292	0.834	6000.0
393	14.291	48.928	5.596	44.906	0.224	0.874	6000.0
394	16.74	57.236	6.966	52.427	0.292	0.83	6000.0
395	15.334	52.494	5.942	46.403	0.23	0.861	6000.0
396	13.334	45.828	5.687	43.658	0.203	0.886	6000.0
397	15.175	51.857	6.092	47.891	0.248	0.856	6000.0
398	15.92	54.449	6.804	50.052	0.265	0.858	6000.0
399	15.144	52.009	6.272	47.659	0.256	0.86	6000.0
400	14.3	49.108	5.745	46.598	0.245	0.861	6000.0
401	15.419	52.72	6.057	49.046	0.247	0.854	6000.0
402	16.831	57.609	6.441	51.772	0.277	0.832	6000.0
403	13.765	47.188	5.366	42.311	0.231	0.886	6000.0
404	15.796	54.18	6.045	47.332	0.279	0.859	6000.0
405	15.545	53.285	6.327	50.542	0.259	0.842	6000.0
406	15.081	51.711	5.964	47.886	0.252	0.86	6000.0
407	14.255	48.804	5.713	46.255	0.229	0.87	6000.0
408	14.448	49.449	5.876	48.14	0.246	0.857	6000.0
409	13.872	47.58	5.603	43.563	0.222	0.882	6000.0
410	13.866	47.556	5.611	43.744	0.229	0.883	6000.0
411	14.254	48.997	5.568	44.809	0.235	0.873	6000.0
412	15.909	54.525	6.457	50.662	0.257	0.846	6000.0
413	13.857	47.402	5.537	44.312	0.205	0.881	6000.0
414	13.824	47.352	5.419	44.523	0.197	0.883	6000.0
415	12.273	42.133	5.012	40.308	0.188	0.902	6000.0
416	15.594	53.477	6.26	49.851	0.252	0.844	6000.0
417	15.208	52.038	6.149	48.518	0.254	0.849	6000.0
418	15.221	52.152	5.912	47.649	0.255	0.86	6000.0
419	15.812	54.172	6.52	50.76	0.25	0.84	6000.0
420	14.928	51.157	5.915	47.34	0.232	0.864	6000.0
421	12.922	44.33	5.165	41.884	0.231	0.895	6000.0
422	14.46	49.786	5.634	43.637	0.231	0.88	6000.0
423	13.79	47.137	5.623	45.826	0.224	0.873	6000.0
424	14.324	48.971	5.526	44.611	0.236	0.877	6000.0
425	14.661	50.208	6.213	46.314	0.248	0.86	6000.0
426	15.348	52.58	5.773	46.048	0.256	0.861	6000.0
427	14.892	51.113	6.238	45.492	0.241	0.865	6000.0
428	15.23	52.323	6.062	47.488	0.272	0.855	6000.0
429	13.901	47.533	5.589	45.545	0.227	0.871	6000.0
430	14.666	50.196	5.803	46.101	0.225	0.867	6000.0
431	14.823	50.89	5.778	46.868	0.249	0.861	6000.0
432	15.851	54.503	6.206	49.053	0.266	0.844	6000.0
433	12.22	41.84	5.21	41.752	0.183	0.89	6000.0
434	13.92	47.681	5.639	45.343	0.204	0.875	6000.0
435	15.045	51.476	5.887	45.834	0.244	0.875	6000.0
436	16.704	57.383	6.637	50.302	0.318	0.83	6000.0
437	13.999	48.107	6.126	47.818	0.201	0.86	6000.0
438	16.346	56.017	6.149	48.735	0.301	0.848	6000.0
439	14.737	50.46	5.88	46.454	0.239	0.864	6000.0
440	14.094	48.199	5.579	45.111	0.227	0.876	6000.0
441	18.525	63.403	7.667	58.045	0.317	0.79	6000.0
442	16.183	55.498	6.534	50.835	0.297	0.827	6000.0
443	16.088	55.238	6.471	49.388	0.272	0.85	6000.0
444	14.26	48.777	5.401	44.859	0.229	0.874	6000.0
445	12.861	44.063	5.549	42.662	0.2	0.89	6000.0
446	17.28	59.26	6.942	53.881	0.298	0.817	6000.0
447	15.999	54.904	6.388	48.41	0.283	0.855	6000.0
448	15.208	52.074	6.056	48.803	0.255	0.85	6000.0
449	14.861	50.865	6.174	48.588	0.233	0.853	6000.0
450	16.272	55.597	6.372	49.586	0.276	0.85	6000.0
451	17.311	59.348	6.782	52.536	0.289	0.832	6000.0
452	14.434	49.362	5.713	46.506	0.219	0.869	6000.0
453	16.222	55.525	6.696	49.853	0.282	0.836	6000.0
454	14.882	50.912	5.801	46.086	0.236	0.871	6000.0
455	14.24	48.609	5.8	44.834	0.225	0.866	6000.0
456	13.94	47.853	5.579	44.678	0.228	0.876	6000.0
457	15.226	52.136	6.137	45.663	0.25	0.877	6000.0
458	14.073	48.267	5.367	43.187	0.208	0.884	6000.0
459	16.403	56.105	6.16	48.781	0.252	0.845	6000.0
460	14.117	48.307	5.472	43.333	0.219	0.884	6000.0
461	14.262	49.086	5.76	45.322	0.234	0.869	6000.0
462	15.794	53.916	5.914	47.536	0.249	0.86	6000.0
463	15.512	53.112	6.251	48.869	0.259	0.848	6000.0
464	16.282	55.676	6.441	50.389	0.262	0.845	6000.0
465	14.488	49.67	6.017	47.649	0.221	0.861	6000.0
466	14.022	48.129	5.55	45.254	0.23	0.871	6000.0
467	15.163	51.897	5.912	47.371	0.249	0.863	6000.0
468	15.094	51.576	6.261	48.617	0.234	0.851	6000.0
469	15.254	52.102	6.54	49.86	0.256	0.844	6000.0
470	15.331	52.339	6.137	49.038	0.268	0.843	6000.0
471	14.99	51.594	5.946	48.022	0.243	0.855	6000.0
472	13.693	46.934	5.407	42.478	0.235	0.889	6000.0
473	13.4	45.905	5.179	41.163	0.2	0.897	6000.0
474	14.656	50.289	5.926	45.525	0.243	0.872	6000.0
475	15.493	52.895	6.029	46.694	0.278	0.87	6000.0
476	12.218	41.784	4.878	39.112	0.204	0.907	6000.0
477	14.105	48.574	5.689	45.548	0.243	0.863	6000.0
478	15.373	52.657	6.373	48.471	0.245	0.854	6000.0
479	15.903	54.403	6.288	48.26	0.27	0.855	6000.0
480	14.368	49.264	6.182	48.763	0.224	0.852	6000.0
481	14.117	48.306	5.535	46.316	0.241	0.861	6000.0
482	13.831	47.343	5.817	45.946	0.206	0.867	6000.0
483	14.602	50.161	5.687	45.637	0.26	0.869	6000.0
484	14.236	48.726	5.685	43.938	0.226	0.877	6000.0
485	14.3	49.043	5.194	43.384	0.244	0.88	6000.0
486	12.722	43.446	5.075	40.315	0.18	0.899	6000.0
487	11.687	40.02	4.416	35.841	0.182	0.926	6000.0
488	14.832	50.735	5.76	46.821	0.248	0.864	6000.0
489	14.843	50.927	6.251	48.74	0.233	0.846	6000.0
490	15.146	51.855	5.769	45.319	0.249	0.87	6000.0
491	13.839	47.341	5.613	45.577	0.222	0.866	6000.0
492	13.076	44.733	5.096	42.621	0.177	0.884	6000.0
493	15.317	52.419	5.884	47.914	0.265	0.857	6000.0
494	14.824	50.871	5.72	45.754	0.233	0.869	6000.0
495	14.415	49.344	5.987	46.272	0.243	0.868	6000.0
496	14.869	51.057	6.273	47.533	0.266	0.842	6000.0
497	16.329	55.947	6.832	51.94	0.289	0.835	6000.0
498	16.549	56.816	6.831	52.284	0.278	0.832	6000.0
499	14.62	49.998	5.878	46.564	0.235	0.874	6000.0
500	13.006	44.556	4.898	41.059	0.224	0.891	6000.0
501	15.953	54.698	6.556	49.576	0.299	0.839	6000.0
502	13.908	47.934	5.516	43.761	0.222	0.869	6000.0
503	11.582	39.766	4.807	39.284	0.153	0.907	6000.0
504	13.492	46.167	5.335	42.034	0.252	0.877	6000.0
505	13.25	45.482	4.98	42.056	0.175	0.889	6000.0
506	14.454	49.601	5.595	44.5	0.236	0.871	6000.0
507	13.599	46.448	5.214	42.802	0.21	0.884	6000.0
508	13.601	46.71	5.738	45.676	0.214	0.872	6000.0
509	15.353	52.713	5.976	47.964	0.262	0.86	6000.0
510	14.413	49.41	6.049	48.068	0.252	0.846	6000.0
511	14.767	50.484	5.775	44.566	0.25	0.876	6000.0
512	14.514	49.762	5.699	45.215	0.234	0.869	6000.0
513	12.969	44.531	4.941	40.31	0.211	0.896	6000.0
514	15.533	53.308	6.005	48.97	0.242	0.847	6000.0
515	14.864	51.0	6.014	46.509	0.243	0.858	6000.0
516	14.337	49.191	5.539	44.655	0.242	0.867	6000.0
517	14.682	50.17	6.236	46.52	0.239	0.866	6000.0
518	15.072	51.652	5.947	47.419	0.242	0.862	6000.0
519	14.56	49.959	5.862	46.013	0.236	0.87	6000.0
520	12.828	44.072	4.934	40.89	0.202	0.893	6000.0
521	13.682	46.955	5.377	42.031	0.221	0.899	6000.0
522	14.243	48.806	5.508	44.847	0.229	0.874	6000.0
523	14.982	51.261	6.53	48.489	0.245	0.861	6000.0
524	12.958	44.291	5.226	42.923	0.183	0.883	6000.0
525	14.771	50.739	6.374	49.752	0.253	0.84	6000.0
526	15.818	54.22	6.129	48.926	0.256	0.856	6000.0
527	14.441	49.464	5.948	46.391	0.247	0.865	6000.0
528	13.614	46.715	5.607	44.225	0.244	0.872	6000.0
529	13.642	46.829	5.624	44.775	0.243	0.868	6000.0
530	14.977	51.33	5.827	46.051	0.241	0.866	6000.0
531	16.02	54.978	6.172	48.278	0.268	0.844	6000.0
532	15.077	51.739	5.737	45.637	0.254	0.874	6000.0
533	15.365	52.756	6.258	47.881	0.262	0.857	6000.0
534	14.402	49.321	5.527	44.077	0.209	0.887	6000.0
535	14.156	48.47	5.459	42.426	0.209	0.885	6000.0
536	13.241	45.206	5.341	41.61	0.208	0.895	6000.0
537	16.711	57.103	6.67	50.299	0.303	0.846	6000.0
538	14.821	50.762	6.041	48.203	0.238	0.861	6000.0
539	16.822	57.568	7.158	53.531	0.295	0.822	6000.0
540	15.359	52.585	5.893	46.729	0.265	0.865	6000.0
541	16.26	55.759	6.245	50.904	0.272	0.84	6000.0
542	14.674	50.354	5.945	46.551	0.248	0.866	6000.0
543	15.341	52.505	6.197	48.927	0.254	0.852	6000.0
544	15.062	51.744	6.02	48.605	0.223	0.855	6000.0
545	16.778	57.65	6.846	53.427	0.309	0.825	6000.0
546	14.677	50.272	6.123	47.533	0.231	0.87	6000.0
547	13.961	47.838	5.819	43.731	0.218	0.884	6000.0
548	14.908	50.968	5.968	46.963	0.239	0.864	6000.0
549	15.068	51.583	5.992	46.729	0.247	0.864	6000.0
550	13.048	44.613	5.298	42.581	0.205	0.888	6000.0
551	13.727	47.019	5.632	46.105	0.224	0.867	6000.0
552	14.846	50.862	5.68	46.916	0.233	0.866	6000.0
553	14.579	49.968	5.575	43.681	0.24	0.879	6000.0
554	15.984	54.857	6.262	49.982	0.25	0.847	6000.0
555	13.465	46.09	5.243	43.297	0.238	0.877	6000.0
556	14.129	48.546	5.539	44.109	0.22	0.882	6000.0
557	12.926	44.368	4.888	41.045	0.205	0.89	6000.0
558	15.757	54.14	6.108	48.576	0.253	0.849	6000.0
559	14.268	48.793	5.523	45.507	0.223	0.866	6000.0
560	15.31	52.493	5.794	47.137	0.246	0.851	6000.0
561	14.114	48.308	5.513	44.28	0.238	0.878	6000.0
562	13.397	45.992	5.396	45.299	0.207	0.872	6000.0
563	13.891	47.592	5.579	45.912	0.205	0.868	6000.0
564	14.662	50.287	5.816	45.901	0.23	0.867	6000.0
565	14.883	50.798	5.755	45.445	0.236	0.869	6000.0
566	15.555	53.133	6.011	46.553	0.269	0.864	6000.0
567	13.981	47.958	5.491	43.515	0.229	0.883	6000.0
568	18.267	62.784	7.495	55.922	0.359	0.802	6000.0
569	16.426	56.275	6.519	49.683	0.278	0.846	6000.0
570	14.156	48.572	5.654	45.284	0.216	0.876	6000.0
571	13.608	46.586	5.105	40.389	0.205	0.896	6000.0
572	13.923	47.559	5.797	45.809	0.208	0.867	6000.0
573	12.567	43.023	5.226	42.199	0.195	0.886	6000.0
574	13.354	45.793	5.337	43.45	0.233	0.865	6000.0
575	13.839	47.454	5.373	44.093	0.218	0.875	6000.0
576	14.899	51.022	5.845	44.842	0.23	0.881	6000.0
577	16.32	55.833	5.958	49.512	0.248	0.845	6000.0
578	16.008	54.868	6.76	53.198	0.301	0.823	6000.0
579	13.456	46.134	5.148	42.037	0.202	0.892	6000.0
580	15.514	53.026	6.335	50.188	0.247	0.844	6000.0
581	15.021	51.506	6.232	48.366	0.25	0.861	6000.0
582	15.603	53.496	6.103	48.142	0.272	0.855	6000.0
583	13.454	46.146	5.436	42.89	0.193	0.891	6000.0
584	13.942	47.762	5.634	45.616	0.2	0.873	6000.0
585	14.856	50.968	5.68	46.215	0.235	0.858	6000.0
586	13.376	45.79	5.064	41.484	0.218	0.895	6000.0
587	15.092	51.794	6.075	48.299	0.259	0.849	6000.0
588	14.753	50.646	5.756	45.983	0.238	0.862	6000.0
589	11.908	40.835	4.979	41.043	0.172	0.897	6000.0
590	14.0	47.968	5.286	42.221	0.22	0.893	6000.0
591	15.512	53.15	5.978	47.279	0.246	0.865	6000.0
592	13.576	46.417	5.506	43.886	0.219	0.881	6000.0
593	15.786	54.051	6.592	51.497	0.265	0.84	6000.0
594	14.156	48.563	5.574	45.361	0.219	0.874	6000.0
595	16.247	55.571	6.894	52.095	0.284	0.835	6000.0
596	16.05	55.04	6.606	51.775	0.25	0.842	6000.0
597	16.625	56.84	6.611	50.837	0.289	0.845	6000.0
598	15.821	54.048	6.294	50.763	0.271	0.838	6000.0
599	13.951	47.814	5.341	43.163	0.219	0.886	6000.0
600	13.751	47.099	5.221	43.301	0.208	0.884	6000.0
601	16.706	57.061	6.888	51.854	0.286	0.835	6000.0
602	16.436	56.437	6.454	50.506	0.273	0.838	6000.0
603	15.303	52.495	6.138	47.93	0.275	0.86	6000.0
604	15.616	53.452	6.154	48.052	0.255	0.85	6000.0
605	16.278	55.774	6.421	50.573	0.276	0.841	6000.0
606	14.785	50.706	5.735	47.027	0.249	0.863	6000.0
607	14.791	50.687	5.837	45.24	0.266	0.863	6000.0
608	14.992	51.366	6.034	47.548	0.254	0.87	6000.0
609	14.178	48.4	5.932	48.318	0.231	0.855	6000.0
610	13.017	44.513	4.674	36.895	0.218	0.918	6000.0
611	14.48	49.639	5.682	46.552	0.23	0.865	6000.0
612	14.965	51.181	5.824	45.598	0.25	0.877	6000.0
613	14.514	49.723	5.608	45.027	0.21	0.873	6000.0
614	15.852	54.348	6.03	48.344	0.266	0.864	6000.0
615	16.171	55.487	6.322	50.642	0.287	0.844	6000.0
616	16.719	57.344	6.776	50.424	0.293	0.843	6000.0
617	14.249	48.651	5.573	44.713	0.234	0.873	6000.0
618	14.558	49.818	5.772	46.869	0.228	0.868	6000.0
619	15.824	54.296	6.474	52.127	0.265	0.83	6000.0
620	13.755	47.273	5.758	45.693	0.241	0.863	6000.0
621	16.445	56.562	6.649	51.278	0.288	0.828	6000.0
622	14.816	50.738	5.903	47.039	0.242	0.859	6000.0
623	16.29	55.705	6.56	51.42	0.282	0.839	6000.0
624	13.702	46.889	5.291	43.94	0.206	0.877	6000.0
625	14.939	51.251	5.725	46.372	0.249	0.868	6000.0
626	13.307	45.518	5.41	43.957	0.203	0.882	6000.0
627	14.702	50.459	6.099	47.668	0.241	0.858	6000.0
628	14.944	51.264	6.034	47.529	0.237	0.857	6000.0
629	14.589	49.793	5.602	44.083	0.227	0.872	6000.0
630	16.905	57.852	6.647	51.314	0.268	0.842	6000.0
631	13.123	44.95	5.458	42.393	0.193	0.89	6000.0
632	14.684	50.406	6.085	48.016	0.251	0.852	6000.0
633	15.328	52.479	5.997	47.34	0.258	0.861	6000.0
634	15.74	53.797	6.23	48.454	0.277	0.853	6000.0
635	14.983	51.402	5.826	47.163	0.231	0.856	6000.0
636	12.447	42.753	4.712	38.37	0.193	0.913	6000.0
637	16.396	56.222	6.797	51.331	0.285	0.837	6000.0
638	13.148	45.187	4.964	41.479	0.2	0.894	6000.0
639	16.094	55.277	6.407	51.565	0.266	0.83	6000.0
640	15.34	52.483	6.195	48.724	0.276	0.843	6000.0
641	14.42	49.296	5.792	44.159	0.229	0.875	6000.0
642	15.195	52.075	5.655	46.823	0.238	0.868	6000.0
643	13.553	46.553	5.628	44.099	0.213	0.872	6000.0
644	15.612	53.61	6.202	48.628	0.267	0.847	6000.0
645	14.221	48.805	5.781	43.402	0.225	0.881	6000.0
646	13.806	47.358	5.505	43.196	0.206	0.896	6000.0
647	14.089	48.112	5.578	44.202	0.241	0.878	6000.0
648	15.735	53.809	6.444	50.515	0.262	0.841	6000.0
649	15.889	54.305	5.969	46.936	0.255	0.858	6000.0
650	15.892	54.473	7.064	52.299	0.281	0.832	6000.0
651	16.807	57.516	6.921	52.901	0.294	0.832	6000.0
652	16.261	55.627	6.552	49.727	0.261	0.856	6000.0
653	14.28	48.871	5.88	46.384	0.22	0.872	6000.0
654	15.661	53.595	5.962	48.168	0.267	0.849	6000.0
655	14.67	50.288	6.048	47.185	0.23	0.867	6000.0
656	13.237	45.378	5.337	43.228	0.2	0.888	6000.0
657	14.125	48.437	5.618	47.764	0.228	0.857	6000.0
658	13.431	45.906	5.242	43.004	0.247	0.885	6000.0
659	14.617	50.077	5.963	44.278	0.24	0.878	6000.0
660	14.278	48.927	5.548	45.39	0.234	0.876	6000.0
661	13.856	47.46	5.306	44.537	0.23	0.876	6000.0
662	13.682	46.832	5.346	43.518	0.203	0.887	6000.0
663	15.585	53.393	5.828	46.509	0.278	0.869	6000.0
664	13.481	46.3	5.477	43.138	0.239	0.879	6000.0
665	14.924	51.173	5.764	47.991	0.244	0.856	6000.0
666	13.219	45.327	5.516	43.834	0.2	0.882	6000.0
667	15.601	53.429	6.087	47.933	0.246	0.861	6000.0
668	13.672	46.814	5.288	42.858	0.215	0.886	6000.0
669	15.882	54.317	5.981	47.696	0.277	0.855	6000.0
670	14.496	49.529	5.961	44.023	0.223	0.882	6000.0
671	15.209	52.109	6.02	47.116	0.26	0.851	6000.0
672	15.129	51.858	6.172	47.609	0.27	0.868	6000.0
673	15.882	54.415	6.286	49.474	0.257	0.852	6000.0
674	15.916	54.519	6.669	51.664	0.27	0.835	6000.0
675	15.263	52.367	6.104	47.961	0.248	0.857	6000.0
676	14.819	50.824	5.982	46.529	0.251	0.862	6000.0
677	14.776	50.744	5.781	45.991	0.247	0.861	6000.0
678	16.242	55.696	6.738	51.17	0.263	0.84	6000.0
679	14.654	50.228	6.162	45.531	0.244	0.868	6000.0
680	14.947	51.141	6.105	47.528	0.238	0.859	6000.0
681	14.966	51.408	5.898	46.706	0.244	0.865	6000.0
682	15.825	54.45	6.318	50.369	0.268	0.841	6000.0
683	13.881	47.474	5.726	44.902	0.217	0.881	6000.0
684	14.674	50.184	6.269	48.633	0.238	0.847	6000.0
685	15.187	52.062	5.64	45.46	0.243	0.872	6000.0
686	15.23	52.039	5.898	45.677	0.268	0.861	6000.0
687	15.234	52.314	6.162	47.753	0.232	0.861	6000.0
688	16.071	54.812	6.776	50.891	0.257	0.835	6000.0
689	14.918	51.06	5.989	47.631	0.268	0.86	6000.0
690	16.045	55.062	6.313	50.07	0.29	0.839	6000.0
691	12.951	44.266	5.181	42.753	0.19	0.89	6000.0
692	13.672	46.808	5.371	42.57	0.207	0.887	6000.0
693	15.928	54.557	6.494	49.735	0.256	0.853	6000.0
694	14.558	49.742	5.516	44.666	0.218	0.882	6000.0
695	16.923	58.078	6.754	51.48	0.285	0.831	6000.0
696	14.74	50.544	5.678	45.13	0.246	0.878	6000.0
697	15.516	53.187	5.981	48.344	0.265	0.854	6000.0
698	14.917	51.026	6.15	48.665	0.274	0.858	6000.0
699	11.927	40.824	4.897	37.146	0.197	0.918	6000.0
700	14.546	49.811	6.181	49.361	0.239	0.852	6000.0
701	14.697	50.339	5.99	47.923	0.234	0.863	6000.0
702	12.3	42.124	5.064	38.316	0.207	0.908	6000.0
703	16.258	55.664	6.804	51.029	0.264	0.845	6000.0
704	14.904	51.136	6.217	48.963	0.256	0.849	6000.0
705	16.53	56.776	6.836	50.978	0.31	0.832	6000.0
706	17.392	59.693	6.974	54.642	0.308	0.802	6000.0
707	14.546	49.808	5.764	47.015	0.231	0.868	6000.0
708	12.831	43.906	5.238	42.535	0.187	0.887	6000.0
709	13.905	47.73	5.363	42.404	0.222	0.895	6000.0
710	15.455	53.03	5.974	47.383	0.248	0.865	6000.0
711	13.114	44.982	5.508	43.562	0.24	0.872	6000.0
712	14.05	48.233	5.795	44.519	0.25	0.878	6000.0
713	13.514	46.276	5.18	41.308	0.212	0.897	6000.0
714	14.882	51.234	5.677	45.343	0.26	0.865	6000.0
715	14.909	51.181	5.827	46.273	0.244	0.871	6000.0
716	16.262	55.593	6.457	50.137	0.26	0.85	6000.0
717	14.506	49.635	5.566	44.759	0.228	0.882	6000.0
718	15.646	53.614	6.069	48.043	0.246	0.865	6000.0
719	13.915	47.65	5.355	43.431	0.215	0.885	6000.0
720	14.818	50.914	5.637	45.575	0.247	0.867	6000.0
721	11.59	39.724	4.624	39.346	0.165	0.904	6000.0
722	14.386	49.344	5.802	45.601	0.232	0.87	6000.0
723	14.175	48.546	5.598	45.379	0.215	0.875	6000.0
724	13.856	47.628	5.528	43.033	0.217	0.882	6000.0
725	12.485	42.689	4.945	39.468	0.186	0.912	6000.0
726	14.092	48.342	5.491	45.022	0.228	0.885	6000.0
727	12.289	42.295	4.92	39.753	0.209	0.903	6000.0
728	14.49	49.817	5.67	44.742	0.249	0.873	6000.0
729	13.786	47.117	5.138	42.648	0.231	0.89	6000.0
730	16.842	57.782	7.244	53.853	0.265	0.825	6000.0
731	16.531	56.759	6.859	52.179	0.3	0.837	6000.0
732	15.275	52.316	6.159	48.612	0.264	0.853	6000.0
733	15.106	51.685	6.113	47.638	0.258	0.859	6000.0
734	14.509	49.683	5.814	46.466	0.237	0.864	6000.0
735	14.743	50.289	6.191	46.444	0.227	0.873	6000.0
736	15.407	52.773	6.051	48.674	0.241	0.851	6000.0
737	15.578	53.494	6.326	49.779	0.262	0.845	6000.0
738	14.924	51.077	5.879	47.823	0.23	0.858	6000.0
739	15.622	53.588	6.184	48.836	0.264	0.856	6000.0
740	14.452	49.528	5.809	46.25	0.247	0.868	6000.0
741	13.595	46.6	5.473	42.986	0.212	0.888	6000.0
742	16.935	57.99	6.755	53.794	0.274	0.819	6000.0
743	14.024	47.937	5.508	44.853	0.207	0.878	6000.0
744	15.28	52.187	6.029	47.381	0.224	0.863	6000.0
745	14.309	49.075	5.855	45.694	0.264	0.867	6000.0
746	14.678	50.131	6.37	47.624	0.239	0.865	6000.0
747	15.39	52.684	6.325	48.131	0.244	0.861	6000.0
748	15.413	52.685	6.069	48.226	0.234	0.87	6000.0
749	14.187	48.615	5.716	45.092	0.219	0.877	6000.0
750	16.396	56.136	6.646	50.829	0.268	0.84	6000.0
751	14.322	49.024	5.793	46.24	0.225	0.869	6000.0
752	14.641	50.111	6.259	48.249	0.245	0.862	6000.0
753	15.871	54.357	6.489	47.49	0.258	0.856	6000.0
754	14.567	49.851	5.874	46.765	0.225	0.861	6000.0
755	14.761	50.574	5.676	46.07	0.262	0.867	6000.0
756	14.235	48.838	5.425	45.418	0.243	0.874	6000.0
757	14.473	49.629	5.624	46.504	0.254	0.864	6000.0
758	15.137	51.709	5.851	46.043	0.234	0.872	6000.0
759	12.837	44.126	5.325	42.74	0.201	0.88	6000.0
760	14.16	48.518	5.702	45.045	0.246	0.871	6000.0
761	13.893	47.491	5.583	43.146	0.206	0.881	6000.0
762	14.497	49.747	5.808	47.292	0.248	0.856	6000.0
763	14.443	49.681	5.568	46.279	0.249	0.85	6000.0
764	14.181	48.59	5.583	43.867	0.243	0.874	6000.0
765	16.83	57.773	6.85	52.934	0.309	0.823	6000.0
766	13.784	47.362	5.464	44.566	0.218	0.882	6000.0
767	14.12	48.336	5.255	43.898	0.214	0.874	6000.0
768	14.932	50.978	6.284	46.382	0.232	0.871	6000.0
769	16.244	55.685	6.167	49.745	0.247	0.841	6000.0
770	15.067	51.612	6.242	48.262	0.27	0.859	6000.0
771	15.752	53.966	6.67	48.948	0.265	0.856	6000.0
772	16.107	55.222	6.125	50.451	0.269	0.835	6000.0
773	13.975	47.91	5.33	44.182	0.206	0.876	6000.0
774	15.62	53.605	6.022	48.724	0.229	0.851	6000.0
775	13.801	47.279	5.331	44.037	0.22	0.883	6000.0
776	14.391	49.277	5.981	45.29	0.229	0.868	6000.0
777	15.303	52.56	6.167	47.696	0.258	0.854	6000.0
778	13.953	47.77	5.295	43.942	0.221	0.88	6000.0
779	14.671	50.238	5.954	46.927	0.224	0.868	6000.0
780	13.726	46.96	5.514	42.742	0.223	0.881	6000.0
781	13.646	46.786	5.295	41.209	0.215	0.883	6000.0
782	13.161	45.221	5.086	41.576	0.213	0.887	6000.0
783	14.169	48.512	5.921	46.608	0.217	0.863	6000.0
784	15.244	52.47	6.611	51.237	0.27	0.828	6000.0
785	12.584	43.143	5.042	40.04	0.2	0.901	6000.0
786	12.877	44.114	5.072	41.039	0.2	0.898	6000.0
787	17.267	59.234	6.715	52.496	0.303	0.826	6000.0
788	13.691	47.031	5.298	43.192	0.232	0.88	6000.0
789	14.599	50.047	5.681	47.831	0.232	0.856	6000.0
790	13.312	45.596	5.421	43.776	0.202	0.876	6000.0
791	15.467	52.79	6.447	48.671	0.283	0.859	6000.0
792	11.886	40.717	4.52	37.009	0.19	0.914	6000.0
793	15.892	54.509	6.486	50.006	0.264	0.852	6000.0
794	14.577	49.971	5.763	46.261	0.238	0.862	6000.0
795	15.142	51.777	6.165	48.495	0.25	0.855	6000.0
796	13.808	47.233	5.437	42.566	0.22	0.886	6000.0
797	15.352	52.71	6.245	46.785	0.246	0.869	6000.0
798	14.164	48.458	5.516	43.828	0.232	0.888	6000.0
799	14.341	48.948	5.739	43.841	0.222	0.879	6000.0
800	15.343	52.688	6.253	48.05	0.266	0.847	6000.0
801	15.202	52.095	6.161	47.45	0.257	0.859	6000.0
802	12.847	44.092	4.877	40.996	0.183	0.892	6000.0
803	15.161	51.964	5.823	47.495	0.229	0.86	6000.0
804	14.325	49.131	5.43	44.174	0.256	0.876	6000.0
805	13.358	45.767	5.597	44.286	0.205	0.883	6000.0
806	14.554	49.753	5.803	46.92	0.233	0.874	6000.0
807	13.101	44.95	5.171	40.923	0.199	0.897	6000.0
808	15.127	51.974	6.276	49.427	0.244	0.851	6000.0
809	14.162	48.518	5.532	44.903	0.227	0.87	6000.0
810	14.453	49.488	5.982	47.042	0.231	0.867	6000.0
811	16.463	56.379	6.61	51.827	0.283	0.83	6000.0
812	14.074	48.223	5.824	45.959	0.22	0.865	6000.0
813	14.112	48.371	5.575	45.566	0.233	0.873	6000.0
814	15.004	51.529	6.18	48.342	0.262	0.857	6000.0
815	13.219	45.38	5.187	41.2	0.2	0.902	6000.0
816	15.367	52.7	5.995	47.769	0.252	0.861	6000.0
817	15.438	52.731	6.288	49.538	0.257	0.848	6000.0
818	14.766	50.5	5.834	45.83	0.263	0.866	6000.0
819	12.886	44.163	4.897	39.56	0.208	0.905	6000.0
820	14.073	48.217	5.703	46.415	0.213	0.869	6000.0
821	15.665	53.524	6.363	47.204	0.273	0.855	6000.0
822	14.707	50.453	5.724	46.442	0.244	0.867	6000.0
823	12.645	43.511	4.959	40.478	0.205	0.895	6000.0
824	13.735	46.999	5.527	42.93	0.219	0.891	6000.0
825	16.161	55.384	6.613	51.909	0.271	0.827	6000.0
826	13.921	47.731	5.269	41.437	0.218	0.898	6000.0
827	14.184	48.561	5.44	44.718	0.232	0.875	6000.0
828	15.158	51.918	5.891	48.038	0.238	0.857	6000.0
829	14.006	47.907	5.355	44.283	0.222	0.88	6000.0
830	15.283	52.377	6.017	49.043	0.235	0.853	6000.0
831	14.457	49.505	6.121	48.714	0.236	0.859	6000.0
832	16.259	55.874	6.455	51.504	0.303	0.828	6000.0
833	13.774	47.196	5.233	43.724	0.219	0.886	6000.0
834	14.05	48.344	5.612	45.103	0.231	0.872	6000.0
835	14.515	49.7	6.06	48.506	0.252	0.85	6000.0
836	14.842	50.727	5.917	47.538	0.241	0.859	6000.0
837	13.652	46.72	5.403	43.171	0.225	0.885	6000.0
838	13.265	45.455	5.201	42.706	0.206	0.887	6000.0
839	14.105	48.447	5.948	45.571	0.256	0.856	6000.0
840	14.359	49.322	5.365	44.502	0.226	0.876	6000.0
841	17.933	61.394	7.528	55.073	0.29	0.81	6000.0
842	14.672	50.288	5.718	45.979	0.252	0.872	6000.0
843	13.849	47.37	5.475	45.406	0.228	0.872	6000.0
844	16.082	55.063	6.513	52.046	0.3	0.836	6000.0
845	13.406	46.03	5.094	41.443	0.205	0.888	6000.0
846	14.939	51.085	5.892	47.723	0.24	0.854	6000.0
847	15.699	53.844	6.436	50.645	0.297	0.831	6000.0
848	13.29	45.348	5.069	42.26	0.212	0.888	6000.0
849	13.945	47.854	5.358	43.898	0.229	0.883	6000.0
850	15.213	52.203	6.237	47.981	0.259	0.856	6000.0
851	13.895	47.762	5.628	45.352	0.233	0.869	6000.0
852	12.706	43.583	4.999	42.221	0.178	0.892	6000.0
853	13.788	47.37	5.357	44.0	0.208	0.877	6000.0
854	15.538	53.087	5.998	46.954	0.27	0.868	6000.0
855	14.603	50.068	5.726	46.458	0.215	0.868	6000.0
856	13.315	45.615	5.442	43.923	0.2	0.888	6000.0
857	13.967	47.9	5.319	43.713	0.215	0.888	6000.0
858	16.579	56.768	6.38	49.526	0.263	0.852	6000.0
859	14.982	51.316	5.862	47.544	0.253	0.865	6000.0
860	17.765	60.979	7.233	54.873	0.339	0.811	6000.0
861	14.336	49.102	5.658	46.5	0.238	0.862	6000.0
862	14.388	49.145	5.731	46.071	0.211	0.863	6000.0
863	16.607	56.869	6.184	49.772	0.288	0.847	6000.0
864	14.141	48.518	5.939	46.622	0.244	0.865	6000.0
865	15.308	52.593	6.312	47.84	0.251	0.856	6000.0
866	14.635	50.099	5.691	45.552	0.229	0.871	6000.0
867	14.302	49.077	5.801	47.04	0.232	0.861	6000.0
868	15.612	53.555	6.29	49.067	0.252	0.857	6000.0
869	13.247	45.298	5.419	44.085	0.197	0.877	6000.0
870	15.587	53.462	6.242	48.233	0.279	0.85	6000.0
871	14.198	48.757	5.88	45.642	0.228	0.875	6000.0
872	15.539	53.26	6.006	47.296	0.259	0.867	6000.0
873	16.326	56.029	6.159	49.504	0.294	0.843	6000.0
874	15.377	52.783	6.293	48.699	0.273	0.851	6000.0
875	16.46	56.344	6.681	50.957	0.277	0.835	6000.0
876	14.707	50.356	6.26	47.758	0.229	0.861	6000.0
877	15.558	53.302	6.237	47.906	0.263	0.864	6000.0
878	14.19	48.671	5.704	46.512	0.228	0.868	6000.0
879	13.882	47.59	5.591	43.243	0.213	0.887	6000.0
880	16.215	55.679	6.159	47.57	0.268	0.862	6000.0
881	13.621	46.546	5.777	44.286	0.23	0.878	6000.0
882	16.06	54.936	6.865	50.819	0.304	0.84	6000.0
883	14.604	50.135	5.642	44.768	0.223	0.881	6000.0
884	15.328	52.585	6.18	49.043	0.244	0.852	6000.0
885	13.362	45.824	5.327	43.275	0.21	0.881	6000.0
886	14.827	50.885	6.106	47.444	0.223	0.864	6000.0
887	14.628	50.15	6.237	49.059	0.235	0.848	6000.0
888	12.822	43.842	5.05	39.499	0.208	0.902	6000.0
889	13.048	44.687	5.568	44.354	0.198	0.881	6000.0
890	15.578	53.506	6.143	49.309	0.276	0.849	6000.0
891	15.382	52.55	6.296	49.493	0.268	0.853	6000.0
892	15.668	53.728	6.228	49.479	0.264	0.846	6000.0
893	14.428	49.312	5.616	46.982	0.255	0.86	6000.0
894	14.484	49.601	5.381	42.712	0.231	0.889	6000.0
895	12.813	43.662	5.079	39.898	0.215	0.896	6000.0
896	14.512	49.605	5.806	44.928	0.223	0.884	6000.0
897	15.144	52.051	5.956	46.646	0.256	0.866	6000.0
898	14.302	49.067	5.626	45.254	0.229	0.873	6000.0
899	14.365	49.309	5.589	45.304	0.241	0.868	6000.0
900	15.98	54.883	6.098	49.924	0.272	0.839	6000.0
901	14.572	49.965	6.086	47.346	0.23	0.863	6000.0
902	11.291	38.645	4.697	37.027	0.169	0.918	6000.0
903	13.447	46.261	5.13	43.908	0.231	0.872	6000.0
904	13.419	45.927	5.415	43.859	0.216	0.876	6000.0
905	14.751	50.557	5.815	45.058	0.226	0.875	6000.0
906	14.529	49.644	5.698	44.702	0.246	0.88	6000.0
907	14.584	50.011	5.869	45.786	0.243	0.881	6000.0
908	14.61	50.055	5.732	45.336	0.229	0.868	6000.0
909	14.251	48.941	5.846	44.875	0.235	0.875	6000.0
910	14.188	48.643	5.644	45.689	0.225	0.868	6000.0
911	15.48	53.024	6.074	47.159	0.277	0.856	6000.0
912	15.844	54.459	6.348	48.239	0.299	0.854	6000.0
913	13.283	45.596	5.559	44.399	0.218	0.875	6000.0
914	15.315	52.625	6.109	47.533	0.269	0.856	6000.0
915	15.486	52.929	6.064	47.798	0.259	0.844	6000.0
916	13.912	47.579	5.799	44.222	0.22	0.883	6000.0
917	14.697	50.434	5.608	44.439	0.26	0.873	6000.0
918	13.62	46.565	5.346	43.947	0.23	0.88	6000.0
919	16.507	56.422	6.514	51.136	0.28	0.831	6000.0
920	15.846	54.239	6.248	47.624	0.26	0.857	6000.0
921	14.018	48.164	5.904	45.063	0.23	0.877	6000.0
922	15.179	51.839	5.839	45.582	0.234	0.873	6000.0
923	13.323	45.636	5.741	44.065	0.185	0.891	6000.0
924	14.516	49.64	5.723	46.199	0.248	0.867	6000.0
925	13.512	46.477	5.844	46.39	0.212	0.859	6000.0
926	13.773	47.076	5.348	43.34	0.204	0.883	6000.0
927	14.389	49.057	5.765	44.74	0.227	0.877	6000.0
928	14.939	51.183	6.168	49.209	0.235	0.853	6000.0
929	14.989	51.386	5.989	46.711	0.224	0.867	6000.0
930	16.908	57.924	7.079	52.539	0.295	0.827	6000.0
931	13.699	46.751	5.415	42.965	0.21	0.883	6000.0
932	16.084	55.286	6.383	49.957	0.293	0.839	6000.0
933	14.448	49.342	5.873	45.985	0.231	0.88	6000.0
934	17.16	58.91	6.873	53.069	0.293	0.819	6000.0
935	14.172	48.42	5.973	45.642	0.213	0.881	6000.0
936	12.004	41.084	4.605	37.311	0.191	0.91	6000.0
937	13.759	47.245	5.416	44.272	0.225	0.885	6000.0
938	15.429	52.799	5.83	47.923	0.258	0.86	6000.0
939	15.527	53.28	6.293	50.042	0.267	0.834	6000.0
940	15.874	54.465	6.401	50.928	0.248	0.839	6000.0
941	14.895	51.039	6.033	46.794	0.257	0.863	6000.0
942	15.365	52.827	6.1	48.302	0.275	0.855	6000.0
943	15.191	52.076	6.102	49.619	0.248	0.85	6000.0
944	15.596	53.507	6.536	50.526	0.263	0.839	6000.0
945	13.67	46.79	5.598	41.799	0.218	0.887	6000.0
946	16.145	55.42	6.211	49.662	0.268	0.846	6000.0
947	14.937	51.21	6.126	47.868	0.252	0.857	6000.0
948	14.341	49.181	5.436	44.982	0.219	0.878	6000.0
949	14.078	48.325	5.609	45.077	0.237	0.876	6000.0
950	15.013	51.708	5.736	46.236	0.262	0.864	6000.0
951	16.018	54.971	6.695	51.613	0.268	0.835	6000.0
952	14.542	49.948	5.905	46.722	0.23	0.866	6000.0
953	14.216	48.578	5.343	42.716	0.232	0.89	6000.0
954	14.844	50.958	5.949	47.184	0.245	0.855	6000.0
955	12.663	43.36	5.298	42.969	0.199	0.881	6000.0
956	12.692	43.58	4.932	41.34	0.195	0.897	6000.0
957	17.454	59.874	7.046	52.625	0.335	0.819	6000.0
958	14.731	50.277	5.881	46.044	0.242	0.873	6000.0
959	16.366	56.006	6.798	51.293	0.29	0.833	6000.0
960	14.316	49.079	5.534	45.446	0.223	0.873	6000.0
961	16.418	56.222	6.958	52.5	0.294	0.831	6000.0
962	14.941	51.127	6.172	48.171	0.273	0.849	6000.0
963	15.361	52.778	5.98	47.568	0.294	0.862	6000.0
964	15.784	54.214	6.071	48.609	0.254	0.854	6000.0
965	15.795	54.22	6.228	48.448	0.276	0.844	6000.0
966	15.563	53.201	6.595	49.869	0.261	0.85	6000.0
967	13.669	46.871	5.612	44.789	0.246	0.873	6000.0
968	13.461	46.062	5.704	45.119	0.218	0.874	6000.0
969	14.738	50.452	6.06	48.466	0.226	0.859	6000.0
970	14.809	50.758	5.829	46.669	0.246	0.861	6000.0
971	15.139	51.861	6.002	47.647	0.261	0.856	6000.0
972	14.998	51.486	6.096	48.833	0.23	0.856	6000.0
973	14.24	48.774	5.873	45.536	0.215	0.876	6000.0
974	16.714	57.342	6.159	49.844	0.313	0.839	6000.0
975	15.676	53.658	6.216	47.564	0.234	0.865	6000.0
976	14.773	50.543	5.837	46.726	0.232	0.868	6000.0
977	14.733	50.311	6.439	44.667	0.211	0.876	6000.0
978	16.69	57.268	6.441	52.555	0.318	0.816	6000.0
979	14.5	49.669	5.746	47.741	0.233	0.855	6000.0
980	15.012	51.506	5.888	46.812	0.26	0.87	6000.0
981	14.479	49.729	5.646	44.054	0.243	0.881	6000.0
982	14.004	48.079	5.456	46.736	0.218	0.854	6000.0
983	12.954	44.434	5.223	42.265	0.185	0.888	6000.0
984	14.348	49.106	5.627	43.401	0.215	0.887	6000.0
985	14.504	49.639	5.997	44.857	0.228	0.87	6000.0
986	13.775	47.351	5.41	41.877	0.232	0.892	6000.0
987	13.478	46.188	5.387	43.426	0.218	0.88	6000.0
988	15.206	52.044	5.922	48.703	0.242	0.855	6000.0
989	14.887	51.022	5.899	46.846	0.253	0.865	6000.0
990	16.915	58.089	7.067	52.629	0.289	0.824	6000.0
991	14.947	51.098	5.95	47.856	0.253	0.864	6000.0
992	14.661	50.107	5.952	48.399	0.229	0.848	6000.0
993	13.795	47.274	5.582	45.472	0.232	0.873	6000.0
994	14.749	50.624	6.132	50.259	0.233	0.84	6000.0
995	13.67	46.97	5.669	44.75	0.203	0.879	6000.0
996	14.887	51.026	6.044	47.24	0.225	0.871	6000.0
997	13.797	47.347	5.212	42.339	0.232	0.893	6000.0
998	16.552	56.476	6.404	50.366	0.259	0.842	6000.0
999	14.935	51.269	5.672	45.483	0.244	0.866	6000.0
1000	18.013	61.619	7.497	54.573	0.344	0.814	6000.0
