MutationType	CNV48A	CNV48B	CNV48C	CNV48D	CNV48E	CNV48F	CNV48G
0:homdel:0-100kb	3.2618104073662833e-06	3.411824874319791e-06	3.444362124582767e-06	3.498622586221245e-06	3.455008703213025e-06	3.5345217834219513e-06	3.4585475771109487e-06
0:homdel:100kb-1Mb	3.2618104066841626e-06	3.4118248738650434e-06	3.4443621259470092e-06	3.498622585766498e-06	3.455008704577267e-06	3.534521781148214e-06	3.458547576883575e-06
0:homdel:>1Mb	3.2618104057746677e-06	3.411824875001912e-06	3.444362125264888e-06	3.4986225864486185e-06	3.4550087034403986e-06	3.534521782967204e-06	3.4585475771109487e-06
1:LOH:0-100kb	0.003036265679254617	0.03899760560686248	0.018977901843148147	0.006660239616419572	0.022121477238600643	0.0633648487306946	0.0632566201994556
1:LOH:100kb-1Mb	3.2618104060020415e-06	3.4118248747745383e-06	3.4443621248101407e-06	3.4986225866759923e-06	3.455008703895146e-06	3.5345217802387197e-06	3.4585475773383224e-06
1:LOH:1Mb-10Mb	0.0036810019892233006	0.0506468039633919	0.027144418237997653	0.04199640389219887	0.26273167306485196	0.02366015338354061	0.016122958345133227
1:LOH:10Mb-40Mb	0.05961549710079131	0.06795993489771425	0.06878515245190879	0.4476198759848048	0.0809849878003741	0.07737012097345701	0.09181606888470714
1:LOH:>40Mb	0.4444892597720027	0.05492430575400468	0.04818819974056801	0.0731572029321547	0.05004681738868495	0.07837960257375412	0.11977933562282321
2:LOH:0-100kb	3.2618104060020415e-06	3.4118248752292857e-06	3.444362124582767e-06	3.498622587812861e-06	3.4550087041225197e-06	3.534521781148214e-06	3.4585475764288276e-06
2:LOH:100kb-1Mb	3.261810404637799e-06	3.4118248747745383e-06	3.4443621257196355e-06	3.498622585766498e-06	3.4550087036677723e-06	3.5345217834219513e-06	3.4585475773383224e-06
2:LOH:1Mb-10Mb	3.2618104039556785e-06	3.411824875001912e-06	3.4443621250375144e-06	3.498622585766498e-06	3.4550087036677723e-06	3.5345217831945776e-06	3.4585475777930694e-06
2:LOH:10Mb-40Mb	3.2618104053199203e-06	3.4118248747745383e-06	3.444362125492262e-06	3.498622585766498e-06	3.4550087034403986e-06	3.53452178273983e-06	3.4585475777930694e-06
2:LOH:>40Mb	3.261810404865173e-06	3.4118248747745383e-06	3.444362125264888e-06	3.4986225864486185e-06	3.455008702530904e-06	3.5345217822850827e-06	3.458547578020443e-06
3-4:LOH:0-100kb	3.261810405547294e-06	3.4118248747745383e-06	3.444362125492262e-06	3.4986225864486185e-06	3.4550087036677723e-06	3.5345217802387197e-06	3.4585475773383224e-06
3-4:LOH:100kb-1Mb	3.2618104060020415e-06	3.411824875001912e-06	3.4443621257196355e-06	3.4986225864486185e-06	3.4550087036677723e-06	3.534521780693467e-06	3.4585475773383224e-06
3-4:LOH:1Mb-10Mb	3.2618104039556785e-06	3.411824875684033e-06	3.4443621250375144e-06	3.498622585766498e-06	3.4550087034403986e-06	3.53452178273983e-06	3.458547578247817e-06
3-4:LOH:10Mb-40Mb	3.261810404410426e-06	3.411824875911407e-06	3.4443621250375144e-06	3.498622586903366e-06	3.455008703213025e-06	3.5345217818303353e-06	3.4585475771109487e-06
3-4:LOH:>40Mb	3.261810407593657e-06	3.411824874319791e-06	3.4443621257196355e-06	3.4986225866759923e-06	3.455008704577267e-06	3.5345217816029616e-06	3.458547576883575e-06
5-8:LOH:0-100kb	3.2618104050925466e-06	3.411824874319791e-06	3.444362124582767e-06	3.4986225864486185e-06	3.455008702985651e-06	3.534521782967204e-06	3.4585475777930694e-06
5-8:LOH:100kb-1Mb	3.2618104069115363e-06	3.411824874092417e-06	3.4443621250375144e-06	3.498622585993871e-06	3.455008703213025e-06	3.5345217825124564e-06	3.4585475773383224e-06
5-8:LOH:1Mb-10Mb	3.261810404637799e-06	3.4118248747745383e-06	3.444362125492262e-06	3.498622586221245e-06	3.4550087034403986e-06	3.53452178273983e-06	3.4585475777930694e-06
5-8:LOH:10Mb-40Mb	3.261810404865173e-06	3.4118248745471646e-06	3.4443621248101407e-06	3.4986225866759923e-06	3.455008702530904e-06	3.5345217836493246e-06	3.458547578247817e-06
5-8:LOH:>40Mb	3.261810406229415e-06	3.411824874092417e-06	3.444362125264888e-06	3.4986225871307397e-06	3.4550087036677723e-06	3.5345217802387197e-06	3.4585475773383224e-06
9+:LOH:0-100kb	3.2618104053199203e-06	3.4118248747745383e-06	3.4443621243553933e-06	3.498622586903366e-06	3.4550087034403986e-06	3.5345217825124564e-06	3.458547577565696e-06
9+:LOH:100kb-1Mb	3.2618104050925466e-06	3.411824874092417e-06	3.444362124582767e-06	3.4986225864486185e-06	3.455008703213025e-06	3.53452178273983e-06	3.4585475777930694e-06
9+:LOH:1Mb-10Mb	3.2618104060020415e-06	3.4118248745471646e-06	3.4443621248101407e-06	3.498622585539124e-06	3.455008704577267e-06	3.534521780920841e-06	3.458547576201454e-06
9+:LOH:10Mb-40Mb	3.2618104073662833e-06	3.411824874319791e-06	3.4443621248101407e-06	3.4986225871307397e-06	3.4550087036677723e-06	3.5345217822850827e-06	3.458547576883575e-06
9+:LOH:>40Mb	3.261810405547294e-06	3.4118248754566594e-06	3.4443621248101407e-06	3.4986225866759923e-06	3.455008703895146e-06	3.5345217831945776e-06	3.4585475766562013e-06
2:het:0-100kb	0.0018739280297313137	0.0007078155829277704	0.00030781306121242113	0.011537831769575813	0.007180413135485704	0.0021680164102601623	0.005457517170759431
2:het:100kb-1Mb	3.2618104066841626e-06	3.411824875001912e-06	3.444362125264888e-06	3.498622587812861e-06	3.4550087036677723e-06	3.534521781375588e-06	3.4585475766562013e-06
2:het:1Mb-10Mb	0.04558570735276924	0.015246796550207222	0.09952243255589299	0.028386214216092366	0.00496050274009916	0.02419466845996098	0.09788878069616737
2:het:10Mb-40Mb	0.059378062993383905	0.0316482073624382	0.0641969971031287	0.06882442563801273	0.035282919002353766	0.369233849674245	0.09849743638413483
2:het:>40Mb	0.07775294807615704	0.04903606395513805	0.07585349927373564	0.06177281823382508	0.22393067838469502	0.09467068512494908	0.15498156248819628
3-4:het:0-100kb	0.019778022352356435	0.03776610104733642	0.054946917641163835	0.0377756667009281	0.007576090417913494	0.020128567570452966	0.015675643400743136
3-4:het:100kb-1Mb	3.2618104050925466e-06	3.4118248745471646e-06	3.4443621243553933e-06	3.4986225866759923e-06	3.455008702758278e-06	3.5345217836493246e-06	3.4585475777930694e-06
3-4:het:1Mb-10Mb	0.024729625095047895	0.028820337882772384	0.028590654846560627	0.04525153309285769	0.0072655432248411	0.1193465730998789	0.05051954670306863
3-4:het:10Mb-40Mb	0.09045604211680401	0.10430207775950501	0.37223992372490466	0.0765102268717919	0.09007727508005434	0.05808571997486308	0.10841830832218631
3-4:het:>40Mb	0.16950620733101254	0.5198211169391871	0.14112209431263514	0.10038160707655476	0.20771725270006092	0.06926993780981042	0.1774617215310942
5-8:het:0-100kb	3.261810406456789e-06	3.411824874319791e-06	3.444362125264888e-06	3.498622585766498e-06	3.4550087036677723e-06	3.53452178273983e-06	3.458547577565696e-06
5-8:het:100kb-1Mb	3.2618104039556785e-06	3.411824875911407e-06	3.4443621250375144e-06	3.4986225871307397e-06	3.455008702758278e-06	3.5345217836493246e-06	3.458547577565696e-06
5-8:het:1Mb-10Mb	3.261810406456789e-06	3.411824874319791e-06	3.444362124582767e-06	3.4986225866759923e-06	3.4550087041225197e-06	3.5345217818303353e-06	3.4585475773383224e-06
5-8:het:10Mb-40Mb	3.2618104071389096e-06	3.411824874319791e-06	3.444362124582767e-06	3.4986225864486185e-06	3.4550087036677723e-06	3.534521782967204e-06	3.458547577565696e-06
5-8:het:>40Mb	3.2618104069115363e-06	3.4118248745471646e-06	3.444362124582767e-06	3.498622585993871e-06	3.455008703895146e-06	3.5345217818303353e-06	3.458547577565696e-06
9+:het:0-100kb	3.261810406229415e-06	3.411824875001912e-06	3.4443621248101407e-06	3.498622586221245e-06	3.455008703213025e-06	3.5345217836493246e-06	3.458547577565696e-06
9+:het:100kb-1Mb	3.261810404865173e-06	3.4118248754566594e-06	3.4443621248101407e-06	3.498622585993871e-06	3.455008702985651e-06	3.53452178273983e-06	3.4585475777930694e-06
9+:het:1Mb-10Mb	3.2618104053199203e-06	3.411824874319791e-06	3.4443621248101407e-06	3.498622587812861e-06	3.455008702530904e-06	3.5345217822850827e-06	3.4585475777930694e-06
9+:het:10Mb-40Mb	3.261810407593657e-06	3.4118248738650434e-06	3.4443621259470092e-06	3.4986225864486185e-06	3.4550087034403986e-06	3.534521782967204e-06	3.458547576883575e-06
9+:het:>40Mb	3.261810405547294e-06	3.411824874319791e-06	3.4443621250375144e-06	3.4986225873581134e-06	3.455008703213025e-06	3.534521782057709e-06	3.4585475773383224e-06
