NMF_Replicate	L1	L1 %	L2	L2 %	KL Divergence	Correlation	Convergence Iterations
1	2.041	11.356	1.106	10.568	0.055	0.992	6000.0
2	1.792	9.88	0.97	7.885	0.038	0.996	6000.0
3	1.397	7.892	0.832	7.315	0.019	0.997	10000.0
4	2.405	13.786	1.301	11.662	0.068	0.989	6000.0
5	2.391	13.226	1.326	11.351	0.043	0.994	6000.0
6	1.994	11.188	1.021	8.884	0.041	0.995	6000.0
7	1.243	6.745	0.746	6.645	0.034	0.997	6000.0
8	1.834	10.212	0.9	8.072	0.044	0.996	6000.0
9	1.876	10.752	0.968	9.13	0.041	0.994	6000.0
10	1.589	9.159	0.929	8.732	0.034	0.994	6000.0
11	1.85	10.53	0.996	9.51	0.03	0.994	9000.0
12	2.369	12.953	1.207	10.824	0.048	0.993	6000.0
13	2.243	13.196	1.212	10.998	0.037	0.991	6000.0
14	2.524	14.275	1.284	11.994	0.04	0.99	6000.0
15	2.268	12.813	1.147	10.068	0.049	0.994	6000.0
16	1.709	9.286	0.976	9.372	0.041	0.992	6000.0
17	2.573	14.698	1.303	12.55	0.041	0.988	6000.0
18	1.812	9.687	0.979	8.423	0.031	0.994	6000.0
19	2.753	15.6	1.357	12.61	0.057	0.992	6000.0
20	1.104	6.017	0.593	5.154	0.016	0.998	6000.0
21	0.462	2.596	0.233	2.408	0.011	0.998	6000.0
22	2.634	14.957	1.295	12.103	0.06	0.992	6000.0
23	3.143	18.033	1.671	15.274	0.054	0.986	6000.0
24	2.064	11.63	1.005	9.575	0.042	0.994	6000.0
25	1.255	6.86	0.69	6.491	0.037	0.996	6000.0
26	2.182	12.283	1.135	10.002	0.033	0.995	6000.0
27	2.312	13.187	1.141	11.708	0.054	0.99	6000.0
28	2.791	15.771	1.508	13.605	0.063	0.989	6000.0
29	2.493	14.133	1.214	11.454	0.045	0.992	6000.0
30	1.907	10.701	0.997	8.206	0.035	0.996	6000.0
31	2.243	12.752	1.281	12.251	0.06	0.987	6000.0
32	2.444	13.928	1.173	11.137	0.054	0.992	6000.0
33	1.88	10.82	1.049	9.933	0.027	0.992	6000.0
34	1.401	7.904	0.847	8.489	0.039	0.994	6000.0
35	2.894	16.408	1.626	15.429	0.048	0.985	6000.0
36	1.83	10.398	0.882	8.213	0.035	0.996	6000.0
37	2.196	12.4	1.151	10.535	0.044	0.993	6000.0
38	1.99	11.058	0.938	8.638	0.039	0.994	6000.0
39	1.845	10.469	0.906	8.305	0.035	0.996	6000.0
40	1.041	5.687	0.582	5.242	0.024	0.998	6000.0
41	0.944	5.23	0.552	4.454	0.01	0.999	6000.0
42	1.883	10.312	1.091	10.03	0.066	0.991	6000.0
43	2.622	14.166	1.312	11.657	0.062	0.991	6000.0
44	2.29	12.719	1.205	11.211	0.048	0.988	6000.0
45	3.437	18.656	1.68	15.273	0.06	0.987	6000.0
46	2.082	11.749	1.125	10.339	0.026	0.994	6000.0
47	0.917	4.859	0.511	4.808	0.026	0.997	6000.0
48	1.752	9.817	0.941	8.365	0.03	0.996	6000.0
49	2.78	15.616	1.336	12.323	0.051	0.992	6000.0
50	2.247	12.87	1.217	10.973	0.025	0.991	6000.0
51	1.232	6.838	0.691	6.016	0.031	0.998	6000.0
52	3.061	17.043	1.533	14.786	0.052	0.988	6000.0
53	1.373	7.711	0.711	6.647	0.03	0.995	6000.0
54	2.107	11.502	1.24	11.067	0.04	0.991	6000.0
55	2.12	12.03	1.168	11.139	0.032	0.992	6000.0
56	2.618	13.826	1.315	11.775	0.037	0.991	6000.0
57	1.689	9.626	0.886	8.662	0.035	0.993	7000.0
58	2.079	11.344	1.107	9.549	0.03	0.994	6000.0
59	3.139	17.451	1.541	14.214	0.072	0.987	6000.0
60	1.735	9.738	1.009	9.05	0.034	0.995	6000.0
61	1.194	6.788	0.723	6.508	0.026	0.997	6000.0
62	2.224	12.756	1.204	10.53	0.048	0.994	6000.0
63	1.743	9.979	0.922	8.458	0.025	0.996	6000.0
64	1.641	8.972	0.823	7.368	0.04	0.995	7000.0
65	2.671	15.222	1.474	14.466	0.048	0.984	6000.0
66	1.588	9.034	0.827	7.447	0.028	0.997	6000.0
67	2.251	12.64	1.244	12.512	0.073	0.988	6000.0
68	1.839	10.042	0.929	8.681	0.033	0.995	10000.0
69	1.546	8.653	0.784	7.266	0.02	0.997	6000.0
70	1.674	9.153	0.832	7.419	0.03	0.997	6000.0
71	2.0	11.165	0.997	8.91	0.033	0.995	6000.0
72	0.987	5.52	0.677	5.671	0.036	0.996	6000.0
73	1.952	11.289	1.1	9.865	0.052	0.992	6000.0
74	1.128	6.461	0.684	6.361	0.032	0.997	6000.0
75	1.639	9.071	0.898	7.786	0.025	0.996	6000.0
76	0.984	5.546	0.562	4.619	0.009	0.999	6000.0
77	1.931	11.059	1.078	9.682	0.025	0.995	6000.0
78	1.085	5.993	0.641	5.672	0.03	0.997	6000.0
79	1.851	10.501	0.985	9.491	0.025	0.994	6000.0
80	2.209	12.457	1.107	9.52	0.058	0.994	6000.0
81	2.152	12.082	1.086	10.43	0.045	0.992	6000.0
82	2.554	14.099	1.303	12.298	0.042	0.99	6000.0
83	1.781	10.681	0.998	8.855	0.026	0.995	6000.0
84	2.773	15.82	1.401	13.054	0.057	0.991	6000.0
85	1.683	9.227	0.985	8.608	0.035	0.994	6000.0
86	1.382	7.726	0.811	7.532	0.037	0.996	6000.0
87	2.828	15.967	1.408	13.475	0.046	0.989	6000.0
88	2.4	13.918	1.251	11.518	0.061	0.99	6000.0
89	1.783	9.75	0.89	7.792	0.025	0.997	7000.0
90	2.21	12.293	1.119	9.51	0.038	0.995	7000.0
91	1.584	8.85	0.789	6.718	0.026	0.997	6000.0
92	1.485	8.566	0.88	7.996	0.039	0.996	6000.0
93	1.733	9.634	0.953	9.502	0.028	0.994	6000.0
94	2.53	13.945	1.278	12.004	0.056	0.989	6000.0
95	1.658	9.569	0.886	7.727	0.026	0.996	6000.0
96	1.3	7.303	0.763	6.963	0.038	0.995	6000.0
97	1.68	9.786	0.854	7.976	0.024	0.996	7000.0
98	1.5	8.726	0.874	8.464	0.023	0.993	6000.0
99	1.518	8.522	0.803	7.612	0.024	0.995	7000.0
100	2.085	11.774	0.986	9.22	0.04	0.994	6000.0
101	2.021	11.375	1.074	10.085	0.04	0.993	6000.0
102	1.738	9.719	0.892	7.984	0.029	0.996	6000.0
103	2.162	12.25	1.243	11.592	0.03	0.993	6000.0
104	1.346	7.609	0.821	7.367	0.03	0.996	6000.0
105	1.973	11.27	0.995	9.43	0.039	0.992	6000.0
106	2.217	12.562	1.119	9.74	0.037	0.995	6000.0
107	1.857	10.371	0.929	8.849	0.033	0.995	9000.0
108	1.544	8.769	0.74	6.919	0.026	0.996	14000.0
109	1.852	10.348	1.028	9.018	0.039	0.994	6000.0
110	2.417	13.3	1.237	10.954	0.04	0.993	6000.0
111	1.77	9.871	0.896	7.749	0.027	0.997	6000.0
112	2.298	12.931	1.146	10.588	0.039	0.992	6000.0
113	1.416	8.001	0.799	6.719	0.025	0.997	17000.0
114	1.226	6.818	0.656	5.284	0.022	0.999	6000.0
115	2.445	13.723	1.26	12.611	0.038	0.989	6000.0
116	3.062	16.586	1.667	15.299	0.058	0.985	6000.0
117	2.123	11.56	1.126	9.976	0.029	0.992	6000.0
118	1.71	9.702	0.945	8.408	0.024	0.996	6000.0
119	1.329	7.479	0.746	7.596	0.023	0.996	6000.0
120	1.812	10.195	0.903	8.345	0.028	0.996	6000.0
121	2.139	12.169	1.018	9.231	0.039	0.995	6000.0
122	2.105	11.613	1.071	9.64	0.032	0.993	6000.0
123	1.131	6.293	0.61	5.454	0.02	0.998	6000.0
124	2.237	12.344	1.21	11.03	0.04	0.993	6000.0
125	1.558	8.878	0.878	7.674	0.022	0.996	6000.0
126	2.271	12.687	1.32	11.515	0.05	0.993	6000.0
127	1.661	9.605	0.991	8.435	0.027	0.995	6000.0
128	2.591	14.417	1.217	11.595	0.057	0.988	6000.0
129	1.39	7.786	0.734	7.44	0.024	0.996	6000.0
130	1.57	8.634	0.858	7.327	0.028	0.996	6000.0
131	2.31	12.667	1.236	11.547	0.03	0.992	6000.0
132	2.231	12.519	1.148	10.857	0.032	0.993	7000.0
133	2.783	15.399	1.394	13.309	0.033	0.989	6000.0
134	2.099	11.77	1.001	9.324	0.04	0.996	6000.0
135	1.797	10.026	0.853	8.309	0.038	0.996	6000.0
136	2.81	15.814	1.55	15.078	0.066	0.986	6000.0
137	2.483	14.219	1.353	13.79	0.059	0.988	6000.0
138	1.735	9.782	1.041	9.552	0.039	0.994	6000.0
139	2.318	12.808	1.088	9.914	0.047	0.994	6000.0
140	1.608	9.07	0.879	8.167	0.035	0.995	6000.0
141	1.839	10.375	0.946	8.647	0.046	0.995	6000.0
142	1.27	7.37	0.774	7.576	0.009	0.996	6000.0
143	1.837	11.078	1.051	10.3	0.042	0.989	6000.0
144	1.591	8.784	0.804	7.138	0.033	0.997	6000.0
145	1.065	5.98	0.656	6.156	0.028	0.997	6000.0
146	1.645	9.496	0.939	8.646	0.025	0.996	6000.0
147	2.296	13.114	1.321	12.285	0.055	0.989	6000.0
148	2.515	14.155	1.291	11.719	0.056	0.991	6000.0
149	2.005	11.408	1.037	9.347	0.022	0.995	6000.0
150	2.361	13.306	1.159	10.545	0.041	0.992	6000.0
151	2.39	13.465	1.259	11.52	0.04	0.991	6000.0
152	1.761	10.034	0.922	8.541	0.036	0.994	6000.0
153	1.504	8.492	0.749	7.028	0.024	0.997	6000.0
154	1.99	10.96	1.049	9.711	0.029	0.993	6000.0
155	1.445	7.948	0.764	7.292	0.023	0.997	6000.0
156	2.894	16.698	1.431	13.62	0.053	0.988	6000.0
157	1.591	8.974	0.808	7.946	0.028	0.996	6000.0
158	3.426	19.021	1.717	16.428	0.063	0.983	6000.0
159	1.733	9.887	0.987	9.344	0.059	0.991	6000.0
160	1.716	9.764	0.928	8.07	0.02	0.997	6000.0
161	2.609	14.566	1.302	12.96	0.067	0.984	6000.0
162	1.29	6.848	0.704	6.502	0.019	0.996	6000.0
163	2.851	15.879	1.73	15.316	0.063	0.987	6000.0
164	1.118	6.253	0.693	5.927	0.022	0.997	6000.0
165	1.751	9.668	0.937	8.603	0.024	0.995	6000.0
166	1.928	10.823	0.981	8.949	0.037	0.995	6000.0
167	1.882	10.187	1.008	9.251	0.031	0.994	6000.0
168	1.66	9.245	0.985	8.526	0.026	0.996	6000.0
169	2.742	15.313	1.464	13.356	0.066	0.984	6000.0
170	1.77	9.97	0.843	8.304	0.027	0.995	6000.0
171	1.647	9.194	0.882	7.807	0.025	0.996	6000.0
172	2.952	16.166	1.442	13.288	0.066	0.989	6000.0
173	1.914	10.735	0.987	8.978	0.047	0.994	6000.0
174	1.768	9.744	0.919	8.769	0.03	0.992	6000.0
175	2.044	11.41	1.052	9.528	0.045	0.995	6000.0
176	2.776	15.92	1.355	12.767	0.054	0.991	6000.0
177	1.923	11.002	1.028	9.359	0.025	0.996	6000.0
178	1.94	10.552	0.957	8.729	0.022	0.995	6000.0
179	1.602	8.885	0.925	8.252	0.023	0.995	6000.0
180	1.55	8.836	0.863	8.174	0.049	0.994	6000.0
181	1.913	10.701	1.102	9.838	0.051	0.991	9000.0
182	1.395	7.948	0.721	6.947	0.025	0.997	9000.0
183	1.475	8.537	0.798	7.002	0.033	0.995	6000.0
184	2.09	11.84	1.03	9.45	0.039	0.993	6000.0
185	1.966	11.025	1.031	9.59	0.024	0.994	6000.0
186	1.955	10.9	1.062	9.754	0.026	0.996	6000.0
187	1.885	10.05	0.95	9.246	0.047	0.993	6000.0
188	1.809	9.817	0.92	8.968	0.044	0.993	6000.0
189	3.312	19.181	1.72	15.734	0.06	0.984	6000.0
190	2.722	15.307	1.398	12.532	0.036	0.99	6000.0
191	1.573	8.865	0.797	7.07	0.025	0.997	6000.0
192	2.028	11.527	0.97	8.895	0.046	0.996	6000.0
193	1.635	9.251	0.863	7.982	0.042	0.995	6000.0
194	2.488	14.203	1.369	12.831	0.06	0.99	6000.0
195	1.813	10.283	1.06	9.862	0.023	0.992	6000.0
196	3.07	17.723	1.498	14.994	0.068	0.986	6000.0
197	1.519	8.162	0.768	6.713	0.021	0.996	9000.0
198	2.195	12.031	1.01	9.042	0.034	0.995	6000.0
199	2.212	12.398	1.235	10.827	0.052	0.994	6000.0
200	1.759	9.776	0.94	8.456	0.039	0.995	6000.0
201	1.199	6.673	0.639	6.039	0.015	0.998	6000.0
202	3.132	17.557	1.738	15.547	0.04	0.982	6000.0
203	1.573	9.144	0.773	6.65	0.033	0.998	7000.0
204	2.085	11.795	1.234	11.026	0.046	0.994	6000.0
205	2.24	12.551	1.237	10.901	0.032	0.991	6000.0
206	2.182	12.341	1.073	9.824	0.04	0.993	6000.0
207	2.532	13.961	1.281	11.34	0.047	0.991	6000.0
208	1.28	7.133	0.792	7.218	0.024	0.996	6000.0
209	1.848	10.495	0.909	8.448	0.032	0.996	6000.0
210	1.768	9.664	1.025	8.838	0.036	0.996	6000.0
211	2.506	14.504	1.243	11.095	0.046	0.993	7000.0
212	3.043	16.331	1.476	12.987	0.063	0.987	6000.0
213	1.993	10.698	0.939	8.368	0.044	0.995	6000.0
214	1.466	8.459	0.819	7.757	0.018	0.996	6000.0
215	2.107	12.103	1.088	10.071	0.062	0.992	6000.0
216	2.391	13.227	1.228	11.645	0.045	0.992	6000.0
217	1.58	8.849	0.742	7.301	0.032	0.995	6000.0
218	2.114	11.846	1.065	9.839	0.05	0.993	6000.0
219	1.464	8.257	0.749	6.941	0.034	0.996	8000.0
220	2.355	13.292	1.248	11.515	0.037	0.99	6000.0
221	1.898	10.579	1.029	9.766	0.025	0.993	6000.0
222	2.303	12.504	1.193	11.298	0.036	0.992	6000.0
223	2.089	11.606	1.021	9.062	0.051	0.995	6000.0
224	2.346	12.752	1.314	11.906	0.031	0.992	6000.0
225	1.219	6.775	0.61	5.735	0.015	0.998	7000.0
226	1.914	11.077	1.126	9.968	0.024	0.994	6000.0
227	1.996	11.309	0.98	9.308	0.024	0.994	6000.0
228	1.993	11.121	1.092	9.983	0.033	0.994	6000.0
229	1.664	9.16	0.827	7.503	0.049	0.996	6000.0
230	2.017	11.219	0.973	8.741	0.031	0.995	6000.0
231	1.213	6.5	0.73	6.664	0.031	0.996	6000.0
232	3.104	17.492	1.507	15.196	0.056	0.987	6000.0
233	2.092	11.376	1.145	10.319	0.053	0.99	6000.0
234	3.33	19.36	1.714	15.592	0.057	0.983	6000.0
235	1.751	9.878	0.975	8.933	0.031	0.994	20000.0
236	1.453	8.398	0.731	6.38	0.027	0.997	6000.0
237	1.311	7.532	0.733	6.492	0.026	0.997	6000.0
238	2.816	16.09	1.357	12.876	0.061	0.988	6000.0
239	1.996	11.111	0.989	9.278	0.04	0.994	6000.0
240	3.693	20.492	1.911	18.008	0.052	0.981	6000.0
241	3.435	19.178	1.772	16.059	0.04	0.987	6000.0
242	1.061	6.006	0.588	5.248	0.023	0.998	6000.0
243	2.275	13.042	1.193	11.276	0.035	0.994	6000.0
244	2.81	15.931	1.441	14.161	0.056	0.986	6000.0
245	1.997	11.257	1.041	9.397	0.035	0.995	6000.0
246	2.041	11.322	1.122	10.234	0.028	0.994	6000.0
247	2.155	12.284	1.177	9.471	0.036	0.995	6000.0
248	1.982	11.232	1.11	9.933	0.033	0.994	6000.0
249	2.154	12.418	1.052	9.867	0.043	0.994	6000.0
250	2.777	15.841	1.438	13.445	0.045	0.988	6000.0
251	1.805	9.99	0.994	9.53	0.034	0.994	6000.0
252	1.432	7.812	0.738	6.499	0.027	0.997	6000.0
253	2.017	11.266	1.043	9.539	0.049	0.994	7000.0
254	3.249	18.434	1.695	14.824	0.055	0.988	6000.0
255	1.906	10.821	1.028	9.121	0.019	0.995	6000.0
256	2.37	13.515	1.214	11.674	0.053	0.99	6000.0
257	1.819	10.117	1.045	9.753	0.031	0.993	7000.0
258	2.611	14.711	1.393	12.629	0.05	0.991	6000.0
259	1.987	11.242	1.086	9.79	0.03	0.993	6000.0
260	0.75	3.999	0.471	4.165	0.016	0.999	6000.0
261	2.42	13.729	1.328	11.743	0.057	0.99	6000.0
262	2.011	11.301	0.925	9.63	0.052	0.989	6000.0
263	1.806	10.119	0.929	8.579	0.034	0.995	6000.0
264	2.232	12.192	1.112	10.25	0.042	0.993	6000.0
265	3.712	20.667	1.987	18.334	0.052	0.983	6000.0
266	1.808	10.299	0.924	8.906	0.031	0.993	6000.0
267	2.327	12.972	1.213	10.953	0.066	0.986	6000.0
268	1.865	10.049	0.971	8.539	0.03	0.995	6000.0
269	1.752	9.642	1.056	9.903	0.027	0.994	6000.0
270	1.547	8.755	0.857	7.214	0.017	0.997	6000.0
271	1.644	9.494	0.867	7.519	0.043	0.996	6000.0
272	2.173	12.129	1.117	10.514	0.04	0.991	6000.0
273	1.501	8.851	0.82	7.047	0.027	0.996	6000.0
274	3.159	17.794	1.604	15.417	0.048	0.986	6000.0
275	2.435	13.65	1.408	13.501	0.026	0.987	6000.0
276	3.05	17.264	1.686	16.205	0.049	0.987	6000.0
277	1.707	9.741	0.831	7.768	0.036	0.997	6000.0
278	2.874	16.151	1.466	13.512	0.058	0.988	6000.0
279	1.491	8.385	0.732	6.515	0.038	0.997	6000.0
280	1.711	9.746	0.958	8.477	0.021	0.996	6000.0
281	2.067	11.776	1.064	9.952	0.033	0.994	6000.0
282	0.978	5.443	0.557	4.809	0.016	0.999	9000.0
283	2.033	11.128	1.097	9.676	0.038	0.993	6000.0
284	1.622	9.103	0.803	7.669	0.026	0.996	6000.0
285	1.773	10.01	0.982	8.659	0.027	0.995	6000.0
286	1.696	9.439	0.851	7.613	0.04	0.997	6000.0
287	1.509	8.194	0.782	7.248	0.025	0.997	6000.0
288	2.616	14.697	1.321	12.094	0.051	0.993	6000.0
289	2.021	11.543	1.023	8.986	0.036	0.996	6000.0
290	2.197	12.392	1.084	9.855	0.036	0.993	6000.0
291	3.332	18.576	1.921	16.905	0.043	0.986	6000.0
292	2.51	13.802	1.234	10.803	0.038	0.995	6000.0
293	1.909	10.59	1.013	9.093	0.041	0.995	6000.0
294	1.833	10.335	0.936	8.798	0.038	0.995	6000.0
295	3.049	16.988	1.711	16.745	0.035	0.982	6000.0
296	2.48	13.481	1.195	11.763	0.037	0.99	20000.0
297	1.001	5.413	0.666	6.419	0.032	0.994	6000.0
298	1.499	7.95	0.77	6.721	0.024	0.996	6000.0
299	2.84	15.729	1.422	13.009	0.044	0.991	6000.0
300	1.53	8.275	0.789	7.598	0.034	0.995	17000.0
301	2.148	12.2	1.211	10.947	0.043	0.993	6000.0
302	2.002	11.13	1.066	9.392	0.038	0.994	6000.0
303	2.944	16.715	1.492	13.537	0.051	0.991	6000.0
304	2.665	14.744	1.334	12.433	0.038	0.992	6000.0
305	1.929	10.675	0.978	9.071	0.031	0.995	6000.0
306	1.712	9.676	0.85	7.806	0.033	0.997	6000.0
307	3.091	16.925	1.635	15.315	0.054	0.984	6000.0
308	2.798	16.509	1.456	13.894	0.044	0.987	7000.0
309	1.908	10.689	1.031	9.891	0.032	0.994	6000.0
310	1.479	8.216	0.791	6.966	0.025	0.996	6000.0
311	1.885	10.992	0.966	8.902	0.038	0.995	6000.0
312	1.205	6.579	0.627	5.412	0.023	0.998	6000.0
313	2.318	13.491	1.337	12.22	0.029	0.99	6000.0
314	1.176	6.546	0.685	6.45	0.03	0.997	6000.0
315	1.029	5.483	0.512	4.852	0.016	0.998	6000.0
316	0.815	4.609	0.534	5.28	0.023	0.996	6000.0
317	1.72	9.243	0.897	7.991	0.03	0.995	6000.0
318	1.762	9.856	1.023	9.386	0.035	0.992	6000.0
319	2.13	11.607	1.036	10.142	0.042	0.991	6000.0
320	2.857	16.306	1.567	14.756	0.041	0.988	6000.0
321	1.239	7.328	0.717	6.409	0.015	0.997	6000.0
322	1.571	8.452	0.788	7.476	0.03	0.995	6000.0
323	1.796	10.401	0.908	8.122	0.031	0.996	6000.0
324	1.695	9.479	0.885	8.119	0.023	0.995	6000.0
325	1.818	10.507	0.954	8.619	0.03	0.995	6000.0
326	2.19	12.269	1.095	9.92	0.036	0.994	6000.0
327	1.277	7.226	0.725	6.377	0.023	0.997	6000.0
328	1.156	6.422	0.616	5.42	0.016	0.997	6000.0
329	2.145	12.339	1.1	9.923	0.03	0.995	6000.0
330	2.316	13.203	1.228	11.406	0.034	0.991	6000.0
331	1.503	8.34	0.843	7.656	0.018	0.996	6000.0
332	1.653	9.308	0.873	8.093	0.022	0.996	6000.0
333	1.644	9.227	0.965	8.667	0.047	0.993	6000.0
334	1.88	10.14	0.961	8.667	0.029	0.994	6000.0
335	3.048	17.448	1.521	13.418	0.059	0.989	6000.0
336	0.944	5.23	0.554	5.225	0.03	0.997	6000.0
337	2.374	13.452	1.273	11.127	0.043	0.991	6000.0
338	2.331	13.096	1.198	11.416	0.034	0.992	6000.0
339	2.267	12.634	1.029	9.719	0.05	0.994	6000.0
340	1.037	5.835	0.578	5.773	0.021	0.998	6000.0
341	2.24	12.534	1.069	10.267	0.034	0.993	6000.0
342	1.578	8.418	0.794	6.968	0.035	0.997	6000.0
343	1.548	8.561	0.778	7.264	0.028	0.996	6000.0
344	2.058	11.511	1.133	9.774	0.022	0.995	6000.0
345	2.287	12.861	1.132	10.227	0.039	0.993	6000.0
346	1.312	7.21	0.817	6.984	0.039	0.996	6000.0
347	1.037	6.01	0.621	5.448	0.019	0.998	6000.0
348	1.961	10.533	1.046	9.64	0.024	0.993	6000.0
349	3.327	18.654	1.762	15.928	0.049	0.984	6000.0
350	2.871	16.32	1.34	12.754	0.067	0.991	6000.0
351	2.614	14.401	1.435	13.47	0.04	0.989	10000.0
352	1.305	7.118	0.776	7.225	0.029	0.996	6000.0
353	3.285	18.187	1.811	16.596	0.06	0.984	6000.0
354	1.671	9.483	0.857	7.607	0.039	0.996	6000.0
355	2.671	15.382	1.349	12.481	0.053	0.989	6000.0
356	2.408	13.49	1.29	11.661	0.037	0.992	6000.0
357	1.234	7.174	0.626	5.762	0.024	0.998	6000.0
358	1.333	7.148	0.729	6.27	0.018	0.997	9000.0
359	2.138	11.941	1.0	9.924	0.031	0.993	6000.0
360	1.859	10.574	0.962	8.734	0.022	0.996	6000.0
361	2.308	12.905	1.118	10.25	0.038	0.993	6000.0
362	1.761	9.898	0.925	8.335	0.027	0.996	6000.0
363	2.921	15.944	1.343	13.089	0.055	0.985	6000.0
364	2.021	11.675	1.082	9.089	0.034	0.994	6000.0
365	2.255	12.911	1.195	10.758	0.048	0.993	6000.0
366	1.403	7.866	0.732	6.574	0.027	0.997	6000.0
367	1.265	7.049	0.701	5.778	0.022	0.997	6000.0
368	2.269	13.181	1.115	10.619	0.046	0.992	6000.0
369	1.41	7.9	0.792	7.229	0.037	0.995	6000.0
370	2.071	11.937	1.045	9.528	0.031	0.993	6000.0
371	1.098	6.034	0.67	6.438	0.027	0.995	6000.0
372	1.285	7.057	0.835	7.81	0.036	0.994	6000.0
373	2.226	12.25	1.039	8.686	0.037	0.996	6000.0
374	1.786	10.222	0.907	8.265	0.029	0.996	8000.0
375	1.87	10.523	0.947	8.539	0.046	0.995	7000.0
376	1.661	9.283	0.855	8.078	0.026	0.995	6000.0
377	2.132	12.569	1.17	10.073	0.034	0.994	6000.0
378	3.153	17.921	1.554	15.182	0.053	0.983	6000.0
379	2.67	15.34	1.442	14.335	0.043	0.988	6000.0
380	1.698	9.546	0.91	8.205	0.019	0.996	6000.0
381	2.476	14.634	1.233	11.475	0.044	0.991	6000.0
382	1.62	9.048	0.839	7.37	0.03	0.997	6000.0
383	1.918	10.902	1.092	9.389	0.021	0.996	6000.0
384	2.337	12.892	1.238	10.813	0.031	0.993	6000.0
385	2.124	11.579	1.176	10.06	0.029	0.994	6000.0
386	2.431	13.782	1.194	10.947	0.047	0.992	6000.0
387	1.728	9.875	0.949	9.317	0.026	0.993	6000.0
388	2.678	15.307	1.403	13.388	0.045	0.99	6000.0
389	1.379	7.994	0.752	7.026	0.031	0.997	7000.0
390	1.589	9.113	0.933	8.707	0.051	0.993	6000.0
391	1.413	7.966	0.774	7.365	0.029	0.997	6000.0
392	1.644	9.549	0.851	7.354	0.032	0.996	6000.0
393	2.195	12.397	1.151	10.916	0.033	0.994	6000.0
394	1.549	8.34	0.981	8.854	0.039	0.994	6000.0
395	1.651	9.505	0.848	7.53	0.028	0.998	6000.0
396	0.966	5.243	0.549	4.999	0.023	0.998	6000.0
397	0.979	5.537	0.558	5.203	0.011	0.998	6000.0
398	2.966	16.489	1.516	14.568	0.067	0.985	6000.0
399	0.813	4.719	0.502	4.458	0.007	0.999	6000.0
400	1.71	10.036	0.894	8.518	0.035	0.995	6000.0
401	2.036	11.879	1.158	9.829	0.034	0.991	6000.0
402	2.926	16.322	1.511	13.863	0.041	0.986	6000.0
403	2.471	14.25	1.217	11.07	0.047	0.994	6000.0
404	3.064	17.519	1.573	14.423	0.075	0.982	7000.0
405	1.039	5.49	0.592	5.185	0.023	0.996	6000.0
406	1.442	8.108	0.698	6.547	0.029	0.997	6000.0
407	2.293	13.029	1.208	11.085	0.038	0.994	6000.0
408	1.89	10.59	0.983	8.659	0.035	0.995	6000.0
409	1.813	10.318	0.956	8.177	0.043	0.995	6000.0
410	1.671	9.497	1.023	9.167	0.039	0.993	6000.0
411	2.195	12.692	1.144	10.742	0.058	0.991	6000.0
412	2.317	12.848	1.155	10.782	0.059	0.992	6000.0
413	1.475	8.197	0.779	7.316	0.03	0.996	6000.0
414	1.69	9.486	0.86	7.445	0.034	0.997	7000.0
415	2.212	12.619	1.135	11.178	0.049	0.99	6000.0
416	1.369	7.744	0.856	7.276	0.024	0.996	6000.0
417	1.815	10.153	0.95	9.183	0.029	0.993	6000.0
418	1.429	7.98	0.808	8.09	0.034	0.995	6000.0
419	1.511	8.262	0.875	7.352	0.029	0.995	6000.0
420	2.541	14.345	1.315	12.065	0.047	0.993	6000.0
421	1.94	10.705	1.015	8.812	0.033	0.996	6000.0
422	2.196	12.16	1.144	10.8	0.027	0.993	6000.0
423	2.679	15.409	1.428	14.237	0.042	0.988	6000.0
424	1.811	9.923	1.011	8.971	0.018	0.996	6000.0
425	1.413	7.89	0.764	6.942	0.022	0.996	6000.0
426	1.62	9.362	0.855	7.832	0.049	0.995	6000.0
427	1.79	9.376	0.957	8.126	0.037	0.995	6000.0
428	1.693	9.695	0.856	7.754	0.023	0.996	6000.0
429	2.433	13.863	1.25	12.0	0.045	0.991	6000.0
430	1.737	9.457	0.878	7.969	0.029	0.996	6000.0
431	1.401	7.475	0.713	6.222	0.026	0.997	6000.0
432	2.007	11.437	0.983	9.165	0.037	0.996	7000.0
433	3.021	17.412	1.496	14.064	0.046	0.987	6000.0
434	2.488	13.572	1.211	12.266	0.044	0.984	6000.0
435	2.254	12.671	1.231	11.262	0.055	0.992	6000.0
436	2.249	13.287	1.265	11.472	0.06	0.992	6000.0
437	2.43	14.13	1.259	11.571	0.067	0.991	6000.0
438	2.479	13.637	1.267	11.423	0.043	0.993	6000.0
439	2.135	11.617	1.143	9.384	0.045	0.997	6000.0
440	1.909	10.582	1.175	10.918	0.041	0.992	6000.0
441	2.733	15.644	1.423	13.957	0.042	0.99	6000.0
442	2.443	13.646	1.188	11.596	0.05	0.991	6000.0
443	1.599	9.274	0.998	9.061	0.046	0.994	6000.0
444	2.671	14.903	1.408	13.341	0.047	0.991	6000.0
445	1.91	10.711	1.077	9.716	0.052	0.994	6000.0
446	1.784	10.28	0.962	7.933	0.041	0.995	6000.0
447	1.663	9.495	0.774	7.211	0.028	0.997	6000.0
448	1.744	9.803	0.965	8.628	0.032	0.995	6000.0
449	2.307	13.03	1.154	10.601	0.053	0.993	6000.0
450	1.016	5.876	0.549	4.767	0.017	0.998	6000.0
451	2.572	14.557	1.288	11.909	0.054	0.993	6000.0
452	1.357	7.359	0.75	6.845	0.017	0.997	6000.0
453	1.568	8.993	0.884	7.672	0.021	0.997	6000.0
454	1.242	7.196	0.669	5.953	0.031	0.998	6000.0
455	1.331	7.366	0.7	6.103	0.02	0.998	6000.0
456	2.179	11.957	1.053	9.482	0.049	0.994	6000.0
457	2.409	13.284	1.166	11.047	0.047	0.99	6000.0
458	2.146	12.013	1.112	9.724	0.034	0.996	6000.0
459	1.95	10.946	0.94	8.804	0.041	0.995	6000.0
460	2.044	11.042	0.983	9.446	0.033	0.992	6000.0
461	1.575	9.04	0.846	8.36	0.028	0.994	6000.0
462	1.664	9.093	0.881	8.091	0.033	0.996	6000.0
463	3.717	20.996	2.055	19.037	0.047	0.98	6000.0
464	2.188	12.687	1.342	12.882	0.062	0.986	6000.0
465	2.947	16.49	1.421	12.468	0.065	0.991	6000.0
466	1.896	10.746	0.968	9.167	0.042	0.995	6000.0
467	1.8	10.415	0.935	8.458	0.037	0.995	6000.0
468	1.408	7.804	0.725	6.069	0.027	0.998	6000.0
469	2.723	15.015	1.397	13.855	0.055	0.986	6000.0
470	1.967	11.135	0.986	9.461	0.034	0.992	6000.0
471	1.914	10.835	1.047	9.492	0.035	0.994	6000.0
472	1.968	10.56	0.977	8.607	0.037	0.994	6000.0
473	0.777	4.311	0.448	3.778	0.016	0.999	6000.0
474	2.136	12.302	1.135	10.456	0.033	0.994	6000.0
475	2.215	12.66	1.154	10.449	0.044	0.993	6000.0
476	2.464	13.878	1.245	11.347	0.042	0.993	6000.0
477	1.563	8.876	0.804	7.645	0.022	0.996	6000.0
478	1.009	5.481	0.588	4.663	0.02	0.998	11000.0
479	2.072	11.582	1.086	9.452	0.032	0.996	10000.0
480	2.447	13.245	1.126	10.592	0.053	0.992	6000.0
481	3.059	16.943	1.63	13.567	0.074	0.987	10000.0
482	1.759	9.842	0.876	7.784	0.035	0.996	6000.0
483	2.281	12.308	1.119	9.366	0.038	0.995	6000.0
484	1.762	9.552	0.945	7.738	0.028	0.996	6000.0
485	1.66	9.46	1.062	10.666	0.038	0.991	6000.0
486	1.796	9.594	0.929	7.85	0.024	0.994	6000.0
487	2.222	12.317	1.161	9.937	0.037	0.995	6000.0
488	1.878	10.644	0.939	8.666	0.053	0.994	21000.0
489	1.656	9.324	0.812	7.507	0.032	0.996	6000.0
490	2.03	11.651	1.014	9.048	0.037	0.994	6000.0
491	1.562	8.894	0.821	7.59	0.03	0.996	6000.0
492	1.488	8.23	0.75	6.776	0.033	0.997	6000.0
493	1.758	10.104	0.977	8.507	0.028	0.996	6000.0
494	2.337	13.135	1.14	10.389	0.056	0.993	6000.0
495	1.594	8.51	0.792	7.517	0.035	0.994	6000.0
496	3.64	20.673	1.899	17.206	0.08	0.983	6000.0
497	1.552	8.971	0.777	7.345	0.027	0.996	6000.0
498	2.055	11.562	1.051	9.587	0.041	0.994	6000.0
499	1.687	9.597	0.916	8.151	0.027	0.996	6000.0
500	3.175	18.141	1.747	15.833	0.054	0.98	6000.0
501	2.723	15.181	1.425	13.339	0.056	0.988	6000.0
502	1.612	9.087	0.828	7.508	0.028	0.994	6000.0
503	1.781	9.901	0.975	9.251	0.027	0.993	6000.0
504	1.985	11.141	1.124	10.714	0.04	0.993	6000.0
505	2.222	13.108	1.167	11.658	0.034	0.99	6000.0
506	1.239	7.313	0.69	6.191	0.023	0.997	6000.0
507	2.199	12.397	1.159	11.004	0.029	0.991	6000.0
508	2.321	12.785	1.167	11.163	0.035	0.992	6000.0
509	2.035	11.375	1.126	10.205	0.037	0.993	6000.0
510	1.899	10.915	0.901	8.455	0.039	0.995	6000.0
511	1.652	9.189	0.922	7.92	0.025	0.996	6000.0
512	1.789	9.883	1.156	10.677	0.026	0.993	6000.0
513	1.652	9.235	0.848	7.679	0.03	0.997	6000.0
514	2.299	13.075	1.146	10.866	0.044	0.992	6000.0
515	1.06	5.887	0.65	6.285	0.03	0.996	6000.0
516	2.346	13.43	1.294	12.836	0.052	0.988	6000.0
517	2.862	16.429	1.37	12.239	0.054	0.989	6000.0
518	1.68	9.335	0.9	7.315	0.031	0.997	6000.0
519	2.198	12.334	1.129	10.426	0.033	0.993	6000.0
520	2.146	11.872	1.141	11.391	0.04	0.99	6000.0
521	1.882	10.341	1.029	10.118	0.035	0.993	6000.0
522	2.672	14.644	1.39	12.697	0.029	0.991	10000.0
523	1.985	11.244	0.989	8.501	0.038	0.996	6000.0
524	1.915	10.724	0.999	8.399	0.033	0.997	6000.0
525	2.258	12.551	1.199	11.52	0.058	0.988	6000.0
526	1.703	9.563	0.845	7.85	0.021	0.996	6000.0
527	2.591	14.319	1.37	12.169	0.05	0.989	6000.0
528	1.463	8.408	0.881	7.543	0.037	0.996	6000.0
529	3.275	18.65	1.707	15.772	0.057	0.986	6000.0
530	2.616	14.932	1.474	13.955	0.03	0.986	6000.0
531	1.39	7.564	0.773	6.682	0.029	0.997	6000.0
532	1.306	6.919	0.72	6.515	0.032	0.996	6000.0
533	2.33	12.649	1.18	10.911	0.048	0.99	6000.0
534	2.375	13.129	1.286	11.531	0.042	0.99	6000.0
535	1.546	8.83	0.84	7.432	0.037	0.998	6000.0
536	1.81	10.576	0.988	9.174	0.03	0.991	6000.0
537	2.334	13.415	1.108	10.284	0.054	0.993	6000.0
538	1.986	11.008	0.966	8.958	0.029	0.994	6000.0
539	1.711	9.603	0.955	8.577	0.047	0.996	6000.0
540	1.185	6.954	0.701	5.983	0.019	0.998	6000.0
541	1.412	8.181	0.756	6.499	0.024	0.997	6000.0
542	2.971	17.093	1.409	14.446	0.056	0.984	6000.0
543	2.163	12.16	1.162	10.645	0.041	0.993	6000.0
544	2.395	13.061	1.338	12.193	0.036	0.989	6000.0
545	3.075	17.27	1.52	14.31	0.058	0.986	6000.0
546	1.828	9.941	1.032	9.515	0.026	0.995	6000.0
547	2.497	13.791	1.253	11.82	0.042	0.99	6000.0
548	1.813	10.078	1.007	8.331	0.041	0.996	6000.0
549	2.161	11.889	1.121	9.357	0.031	0.995	6000.0
550	2.313	12.452	1.206	10.631	0.031	0.993	6000.0
551	0.572	3.233	0.404	3.529	0.012	0.999	6000.0
552	2.381	13.318	1.205	12.454	0.037	0.989	6000.0
553	0.753	4.136	0.478	4.254	0.02	0.999	6000.0
554	1.558	8.691	0.808	6.902	0.033	0.997	6000.0
555	2.064	11.968	1.09	10.478	0.038	0.992	6000.0
556	1.721	9.525	0.906	8.159	0.035	0.995	10000.0
557	2.25	12.354	1.176	10.135	0.031	0.995	6000.0
558	1.364	7.644	0.804	7.669	0.019	0.996	6000.0
559	1.533	8.144	0.827	6.6	0.021	0.996	6000.0
560	2.034	11.005	1.148	10.107	0.024	0.991	6000.0
561	1.741	9.375	1.033	8.984	0.04	0.993	6000.0
562	1.617	8.997	0.872	7.891	0.03	0.996	8000.0
563	1.77	9.743	0.937	7.82	0.032	0.996	6000.0
564	2.854	16.057	1.449	14.312	0.043	0.988	6000.0
565	1.004	5.477	0.623	5.696	0.025	0.997	6000.0
566	2.376	12.998	1.169	10.549	0.044	0.994	10000.0
567	2.376	13.401	1.407	11.977	0.044	0.991	6000.0
568	2.247	12.896	1.095	10.289	0.032	0.992	6000.0
569	2.253	12.824	1.166	9.936	0.045	0.995	6000.0
570	2.279	12.889	1.149	10.529	0.048	0.994	6000.0
571	2.806	15.941	1.409	13.698	0.045	0.987	6000.0
572	2.658	14.887	1.252	12.237	0.054	0.99	6000.0
573	2.351	12.919	1.268	11.291	0.049	0.993	6000.0
574	1.79	10.415	1.028	9.258	0.037	0.993	6000.0
575	1.922	10.402	0.933	8.527	0.03	0.995	6000.0
576	2.76	14.995	1.33	13.237	0.05	0.989	6000.0
577	2.345	13.762	1.337	12.455	0.039	0.987	6000.0
578	2.403	13.274	1.395	12.546	0.044	0.99	6000.0
579	0.989	5.446	0.574	5.485	0.023	0.997	6000.0
580	1.658	9.374	0.857	8.198	0.019	0.995	6000.0
581	2.08	11.732	1.11	10.092	0.028	0.994	6000.0
582	1.677	9.563	0.945	8.771	0.029	0.995	6000.0
583	2.218	12.725	1.185	11.195	0.033	0.991	6000.0
584	2.059	11.318	1.038	9.574	0.048	0.993	6000.0
585	2.126	11.856	1.129	9.888	0.04	0.995	6000.0
586	1.807	10.166	0.92	8.116	0.037	0.997	6000.0
587	2.51	14.416	1.309	11.812	0.053	0.991	6000.0
588	1.8	10.623	0.917	8.647	0.022	0.995	6000.0
589	1.029	5.711	0.613	5.748	0.025	0.997	6000.0
590	1.927	10.665	1.137	10.954	0.051	0.99	6000.0
591	1.215	7.02	0.676	6.153	0.02	0.997	6000.0
592	2.023	10.859	0.997	8.838	0.036	0.994	6000.0
593	2.707	15.519	1.432	12.612	0.042	0.992	6000.0
594	3.143	17.838	1.54	15.893	0.066	0.98	6000.0
595	1.584	9.069	0.802	7.475	0.023	0.997	6000.0
596	2.346	13.563	1.321	11.608	0.026	0.993	6000.0
597	1.746	9.748	1.007	9.811	0.056	0.991	7000.0
598	2.764	15.934	1.559	14.968	0.034	0.985	6000.0
599	1.5	8.36	0.744	7.078	0.023	0.997	6000.0
600	2.363	13.266	1.177	11.179	0.052	0.991	6000.0
601	1.609	8.74	0.948	8.678	0.029	0.994	6000.0
602	1.709	9.612	1.004	8.302	0.025	0.996	6000.0
603	1.502	8.568	0.76	6.911	0.021	0.997	6000.0
604	1.232	6.981	0.673	6.289	0.027	0.998	6000.0
605	1.667	9.652	0.928	8.441	0.024	0.996	6000.0
606	2.423	13.708	1.212	10.929	0.041	0.993	6000.0
607	2.136	12.126	1.125	11.021	0.03	0.991	6000.0
608	2.798	15.891	1.532	14.219	0.038	0.988	6000.0
609	0.741	4.028	0.523	4.572	0.02	0.998	6000.0
610	2.016	11.099	1.164	9.781	0.026	0.996	6000.0
611	1.806	9.858	1.003	9.087	0.036	0.995	6000.0
612	1.889	10.616	1.013	9.603	0.03	0.991	6000.0
613	2.205	12.387	1.17	10.462	0.034	0.993	6000.0
614	2.111	11.679	1.155	11.114	0.047	0.992	6000.0
615	1.873	10.293	1.118	10.752	0.04	0.984	6000.0
616	2.233	12.583	1.169	10.02	0.056	0.993	6000.0
617	2.465	13.715	1.417	12.848	0.035	0.993	6000.0
618	2.187	12.315	1.035	9.797	0.047	0.992	6000.0
619	2.81	15.531	1.516	13.56	0.066	0.987	6000.0
620	1.883	10.522	0.973	8.748	0.025	0.995	6000.0
621	2.559	14.101	1.316	11.845	0.039	0.992	6000.0
622	2.12	11.513	1.201	11.338	0.041	0.99	6000.0
623	1.734	10.117	0.927	8.365	0.031	0.995	7000.0
624	2.38	13.142	1.334	11.351	0.031	0.992	6000.0
625	2.549	13.926	1.334	12.183	0.056	0.988	6000.0
626	1.954	10.658	1.011	9.529	0.027	0.995	6000.0
627	2.981	16.68	1.519	14.397	0.061	0.989	6000.0
628	1.955	11.197	0.972	8.711	0.034	0.997	6000.0
629	2.22	12.206	1.128	10.01	0.037	0.994	6000.0
630	2.221	12.222	1.115	10.692	0.043	0.992	6000.0
631	2.243	12.843	1.054	9.603	0.054	0.995	6000.0
632	2.332	13.05	1.143	10.251	0.038	0.993	6000.0
633	1.325	7.499	0.771	6.791	0.026	0.996	6000.0
634	1.529	8.372	0.79	7.257	0.038	0.995	6000.0
635	2.004	11.137	1.039	9.559	0.047	0.994	6000.0
636	1.876	10.438	1.007	8.799	0.024	0.996	6000.0
637	2.322	13.046	1.143	10.3	0.043	0.994	6000.0
638	1.539	8.493	0.802	6.807	0.034	0.997	6000.0
639	2.229	12.824	1.063	9.859	0.047	0.994	6000.0
640	1.805	9.902	0.99	9.678	0.043	0.992	6000.0
641	0.864	4.799	0.525	4.593	0.016	0.998	6000.0
642	1.233	6.561	0.645	5.906	0.031	0.997	6000.0
643	2.212	12.375	1.196	10.486	0.038	0.994	6000.0
644	2.549	14.35	1.396	12.542	0.031	0.993	6000.0
645	2.134	12.089	1.086	9.809	0.037	0.994	6000.0
646	1.512	8.378	0.767	6.757	0.022	0.997	6000.0
647	1.885	10.69	0.983	8.769	0.026	0.996	6000.0
648	2.112	11.93	1.208	10.581	0.04	0.994	6000.0
649	2.104	11.715	1.128	9.92	0.033	0.996	6000.0
650	2.067	11.734	1.029	9.802	0.044	0.991	6000.0
651	3.033	17.101	1.546	14.23	0.059	0.989	6000.0
652	3.024	16.842	1.67	15.657	0.041	0.989	6000.0
653	1.522	8.607	0.87	8.48	0.023	0.996	6000.0
654	3.365	19.127	1.677	15.713	0.067	0.987	6000.0
655	2.261	12.925	1.068	10.36	0.041	0.993	6000.0
656	1.862	10.863	0.972	8.589	0.033	0.995	9000.0
657	2.502	13.872	1.315	11.018	0.053	0.994	6000.0
658	1.828	10.079	0.984	9.343	0.047	0.994	6000.0
659	1.835	10.27	1.063	9.172	0.023	0.996	8000.0
660	2.022	11.411	1.009	10.052	0.032	0.994	6000.0
661	1.545	8.489	0.844	7.598	0.032	0.996	6000.0
662	2.334	12.802	1.208	11.1	0.043	0.992	6000.0
663	3.105	17.761	1.695	15.491	0.053	0.986	6000.0
664	2.416	13.367	1.275	11.391	0.038	0.992	6000.0
665	2.463	14.024	1.202	11.694	0.046	0.991	6000.0
666	2.582	14.299	1.339	11.697	0.038	0.992	6000.0
667	2.239	12.582	1.087	9.384	0.046	0.995	6000.0
668	1.828	10.056	0.955	8.708	0.048	0.995	6000.0
669	1.502	8.379	0.823	7.578	0.036	0.995	6000.0
670	1.734	10.092	0.852	7.531	0.037	0.997	6000.0
671	2.585	14.563	1.365	12.869	0.042	0.992	6000.0
672	1.537	8.563	0.764	6.89	0.032	0.997	6000.0
673	1.592	8.747	0.843	7.728	0.031	0.995	6000.0
674	1.851	10.577	1.024	8.808	0.034	0.995	6000.0
675	1.858	9.635	0.973	8.872	0.032	0.991	6000.0
676	2.579	14.674	1.339	13.257	0.061	0.988	6000.0
677	2.358	13.378	1.311	12.222	0.041	0.989	6000.0
678	2.283	12.539	1.209	10.776	0.051	0.992	6000.0
679	1.965	10.824	0.984	8.477	0.041	0.995	6000.0
680	1.653	9.641	0.937	8.618	0.018	0.996	6000.0
681	2.45	13.339	1.325	12.399	0.05	0.989	6000.0
682	2.04	11.639	0.999	8.581	0.05	0.996	6000.0
683	2.324	13.294	1.295	12.113	0.04	0.992	6000.0
684	1.506	8.378	0.796	7.113	0.034	0.997	6000.0
685	1.495	8.772	0.726	6.933	0.03	0.997	6000.0
686	0.994	5.438	0.54	5.008	0.023	0.997	6000.0
687	1.34	7.228	0.698	6.713	0.029	0.997	6000.0
688	2.47	13.688	1.277	11.584	0.048	0.992	6000.0
689	1.861	10.276	0.936	8.514	0.028	0.995	6000.0
690	2.035	11.247	1.196	11.245	0.052	0.99	7000.0
691	2.209	12.38	1.143	9.902	0.042	0.994	6000.0
692	2.139	12.339	1.107	9.915	0.036	0.996	6000.0
693	1.63	9.181	0.808	7.577	0.026	0.997	6000.0
694	2.514	14.473	1.199	12.03	0.041	0.991	6000.0
695	1.696	9.395	0.909	8.102	0.026	0.996	6000.0
696	1.709	9.34	0.872	8.289	0.031	0.995	6000.0
697	2.163	11.829	1.114	10.267	0.051	0.993	7000.0
698	2.162	12.317	1.116	10.348	0.039	0.992	6000.0
699	2.012	11.329	1.047	9.371	0.036	0.995	6000.0
700	1.417	7.865	0.759	6.623	0.035	0.998	6000.0
701	2.035	11.685	1.197	10.962	0.048	0.993	6000.0
702	2.4	13.279	1.29	12.298	0.05	0.988	6000.0
703	2.045	11.264	1.109	9.684	0.036	0.994	6000.0
704	2.882	16.495	1.663	14.676	0.081	0.987	6000.0
705	1.602	8.848	0.846	7.718	0.026	0.997	6000.0
706	1.613	8.99	0.831	7.672	0.023	0.997	6000.0
707	1.066	5.774	0.636	5.952	0.03	0.996	6000.0
708	2.505	13.966	1.296	11.656	0.038	0.993	6000.0
709	1.833	10.13	1.025	8.457	0.022	0.994	6000.0
710	2.698	14.695	1.416	12.054	0.061	0.993	6000.0
711	1.633	9.156	0.934	8.176	0.037	0.995	6000.0
712	1.925	10.431	0.994	9.327	0.046	0.993	7000.0
713	3.299	18.153	1.704	15.623	0.05	0.987	6000.0
714	2.267	13.411	1.244	11.873	0.033	0.989	6000.0
715	1.676	9.159	0.917	8.412	0.029	0.993	6000.0
716	2.185	12.204	1.245	11.473	0.066	0.991	7000.0
717	1.554	8.304	0.762	6.294	0.02	0.997	6000.0
718	1.784	10.123	0.891	7.643	0.034	0.997	6000.0
719	2.536	14.232	1.236	12.127	0.047	0.99	6000.0
720	2.751	15.864	1.558	14.642	0.049	0.984	6000.0
721	1.522	8.381	0.838	7.673	0.031	0.996	6000.0
722	1.487	8.45	0.813	7.26	0.033	0.996	6000.0
723	1.897	10.607	1.089	9.371	0.042	0.992	6000.0
724	1.872	10.479	0.937	8.294	0.033	0.996	6000.0
725	1.616	9.1	0.936	9.159	0.049	0.992	6000.0
726	1.846	10.222	1.043	9.442	0.045	0.994	6000.0
727	2.995	16.594	1.52	14.458	0.054	0.986	6000.0
728	0.704	3.699	0.414	3.926	0.015	0.998	6000.0
729	2.177	12.049	1.277	12.183	0.044	0.986	6000.0
730	1.87	10.668	1.039	9.524	0.041	0.992	6000.0
731	2.708	15.488	1.295	13.198	0.055	0.989	6000.0
732	3.094	17.606	1.587	14.748	0.057	0.984	6000.0
733	1.94	10.923	1.002	9.238	0.036	0.995	6000.0
734	2.086	12.328	1.177	10.757	0.04	0.991	6000.0
735	1.713	9.83	0.832	7.985	0.029	0.995	6000.0
736	2.278	13.356	1.181	10.597	0.041	0.993	6000.0
737	1.254	7.063	0.768	6.847	0.015	0.997	11000.0
738	2.697	14.696	1.399	12.859	0.045	0.99	6000.0
739	1.45	8.068	0.74	6.816	0.027	0.996	7000.0
740	2.347	13.297	1.172	10.807	0.05	0.993	6000.0
741	2.674	15.026	1.384	13.0	0.047	0.986	6000.0
742	2.107	11.926	1.105	9.718	0.038	0.994	6000.0
743	2.701	15.457	1.396	12.99	0.057	0.988	6000.0
744	3.346	19.135	1.678	16.972	0.045	0.983	6000.0
745	2.377	12.951	1.204	10.653	0.058	0.992	9000.0
746	2.221	12.387	1.179	10.308	0.032	0.995	6000.0
747	1.97	10.61	1.085	9.348	0.047	0.993	11000.0
748	1.892	10.8	0.929	7.801	0.043	0.996	6000.0
749	1.838	10.232	0.94	8.621	0.03	0.997	6000.0
750	2.825	16.143	1.4	12.783	0.061	0.99	7000.0
751	0.973	5.415	0.574	4.722	0.02	0.998	6000.0
752	2.164	11.935	1.063	8.965	0.035	0.995	7000.0
753	2.244	12.516	1.128	9.967	0.047	0.993	6000.0
754	2.703	15.41	1.478	13.98	0.036	0.987	6000.0
755	2.158	12.658	1.234	11.038	0.023	0.992	6000.0
756	1.888	10.752	1.04	9.811	0.032	0.994	6000.0
757	2.795	15.408	1.399	12.763	0.039	0.989	8000.0
758	2.358	13.273	1.236	11.872	0.032	0.99	6000.0
759	3.157	18.074	1.494	15.207	0.071	0.986	6000.0
760	2.262	12.568	1.178	10.234	0.044	0.995	6000.0
761	2.138	12.169	1.008	10.306	0.043	0.994	6000.0
762	1.026	5.907	0.521	4.475	0.026	0.999	6000.0
763	2.8	15.703	1.336	12.952	0.072	0.988	6000.0
764	2.127	11.906	1.089	9.764	0.044	0.989	6000.0
765	1.647	9.183	0.848	7.711	0.026	0.995	6000.0
766	2.392	13.36	1.232	11.482	0.054	0.991	6000.0
767	1.723	9.382	0.834	7.501	0.035	0.996	6000.0
768	2.144	12.408	1.087	9.443	0.049	0.994	6000.0
769	2.428	13.44	1.161	10.698	0.034	0.993	6000.0
770	1.819	10.444	1.034	8.921	0.033	0.996	9000.0
771	1.19	6.706	0.677	5.875	0.011	0.997	6000.0
772	1.282	6.907	0.74	7.315	0.031	0.994	6000.0
773	2.217	12.544	1.095	9.686	0.052	0.994	6000.0
774	0.734	3.989	0.447	3.999	0.012	0.998	6000.0
775	1.602	8.995	0.81	7.128	0.032	0.997	6000.0
776	1.848	10.444	0.981	9.466	0.044	0.992	6000.0
777	1.879	10.507	1.001	8.946	0.03	0.994	6000.0
778	2.833	16.069	1.432	13.954	0.046	0.984	6000.0
779	2.203	12.655	1.153	10.829	0.046	0.992	6000.0
780	1.619	9.359	0.872	7.779	0.041	0.996	7000.0
781	1.762	10.092	0.838	7.644	0.033	0.996	7000.0
782	1.304	7.503	0.715	6.66	0.02	0.997	6000.0
783	2.531	14.442	1.385	12.805	0.052	0.989	6000.0
784	1.619	9.16	0.871	7.669	0.034	0.997	6000.0
785	0.949	5.299	0.555	5.438	0.024	0.997	6000.0
786	2.046	11.69	1.042	9.909	0.035	0.994	6000.0
787	2.104	11.215	1.051	9.148	0.034	0.995	6000.0
788	2.276	12.716	1.249	11.24	0.035	0.992	6000.0
789	2.529	14.515	1.456	13.331	0.037	0.988	6000.0
790	2.195	12.291	1.133	10.223	0.043	0.992	6000.0
791	1.26	6.711	0.692	6.424	0.019	0.997	6000.0
792	2.211	12.547	1.238	11.383	0.045	0.993	7000.0
793	1.893	10.732	1.011	9.018	0.031	0.996	6000.0
794	1.348	7.636	0.704	5.769	0.026	0.997	6000.0
795	2.174	12.259	1.169	10.681	0.064	0.992	6000.0
796	1.609	9.402	0.97	8.432	0.047	0.995	7000.0
797	2.295	12.941	1.29	12.189	0.043	0.992	6000.0
798	2.762	15.307	1.525	14.27	0.064	0.987	6000.0
799	1.595	9.039	0.836	7.464	0.02	0.996	6000.0
800	2.8	15.261	1.472	14.14	0.059	0.987	6000.0
801	1.187	6.36	0.622	5.444	0.021	0.998	6000.0
802	2.846	16.133	1.487	13.171	0.064	0.989	6000.0
803	2.425	13.723	1.265	11.389	0.03	0.994	6000.0
804	2.396	13.719	1.312	12.753	0.036	0.99	6000.0
805	1.843	10.371	0.929	8.675	0.045	0.995	6000.0
806	1.909	10.692	1.054	9.519	0.03	0.994	6000.0
807	2.271	12.798	1.196	11.86	0.072	0.987	7000.0
808	1.958	10.588	1.037	9.126	0.047	0.994	6000.0
809	1.949	10.961	1.039	9.232	0.03	0.996	6000.0
810	1.77	9.817	0.955	8.33	0.019	0.996	6000.0
811	1.284	7.109	0.774	7.228	0.023	0.996	6000.0
812	1.435	8.114	0.715	6.171	0.022	0.996	6000.0
813	1.742	9.88	0.879	7.956	0.039	0.996	6000.0
814	1.678	9.128	0.877	7.274	0.036	0.997	6000.0
815	1.803	9.941	0.888	8.342	0.043	0.996	9000.0
816	1.283	7.044	0.667	5.793	0.026	0.998	6000.0
817	1.757	9.677	0.858	7.984	0.033	0.996	6000.0
818	1.472	8.287	0.7	6.011	0.026	0.998	13000.0
819	1.641	8.98	0.835	7.358	0.019	0.997	6000.0
820	1.27	7.095	0.701	6.453	0.04	0.997	9000.0
821	1.427	8.134	0.745	6.889	0.03	0.997	6000.0
822	1.893	10.57	1.031	8.714	0.041	0.994	6000.0
823	2.021	11.298	1.188	9.839	0.045	0.992	6000.0
824	2.282	12.875	1.187	11.524	0.037	0.993	6000.0
825	1.397	7.832	0.764	6.866	0.024	0.997	6000.0
826	2.602	14.848	1.279	11.657	0.057	0.992	6000.0
827	1.984	11.68	1.1	10.866	0.039	0.989	6000.0
828	2.605	14.45	1.348	12.344	0.037	0.991	6000.0
829	0.862	4.841	0.491	4.436	0.023	0.998	6000.0
830	2.878	16.481	1.679	16.282	0.075	0.978	6000.0
831	1.375	7.655	0.758	7.251	0.018	0.997	8000.0
832	1.521	8.621	0.856	7.428	0.019	0.997	6000.0
833	0.847	4.676	0.548	5.007	0.018	0.998	6000.0
834	3.159	17.06	1.679	16.012	0.07	0.982	6000.0
835	2.89	16.06	1.461	12.502	0.05	0.992	6000.0
836	2.961	16.426	1.526	14.421	0.049	0.988	6000.0
837	2.084	11.769	1.104	9.948	0.031	0.995	6000.0
838	1.798	10.293	1.064	10.0	0.027	0.993	6000.0
839	1.946	11.213	0.959	9.796	0.035	0.992	6000.0
840	1.112	6.233	0.681	6.304	0.029	0.997	6000.0
841	1.862	10.074	0.908	8.562	0.041	0.995	6000.0
842	1.871	10.255	0.952	8.518	0.028	0.994	6000.0
843	2.78	15.563	1.451	13.77	0.053	0.982	6000.0
844	2.337	13.451	1.261	11.835	0.069	0.991	6000.0
845	1.883	10.551	0.922	7.901	0.033	0.997	6000.0
846	2.36	13.203	1.235	11.635	0.037	0.991	6000.0
847	1.457	8.255	0.812	7.677	0.033	0.996	6000.0
848	1.06	5.895	0.603	5.539	0.02	0.997	12000.0
849	1.76	9.811	0.911	8.443	0.033	0.996	7000.0
850	2.259	13.156	1.194	11.759	0.049	0.989	6000.0
851	2.6	14.295	1.441	13.673	0.038	0.986	6000.0
852	1.583	8.642	1.091	10.289	0.04	0.986	6000.0
853	1.413	7.983	0.761	6.752	0.026	0.997	6000.0
854	1.215	6.71	0.665	5.792	0.022	0.997	6000.0
855	1.338	7.566	0.697	6.516	0.028	0.997	6000.0
856	2.494	14.08	1.285	12.243	0.038	0.99	6000.0
857	1.004	5.692	0.619	5.555	0.028	0.997	6000.0
858	2.555	13.904	1.259	11.576	0.058	0.99	6000.0
859	1.387	7.533	0.78	6.629	0.032	0.997	6000.0
860	1.874	10.496	1.015	9.112	0.049	0.995	6000.0
861	2.105	12.138	1.058	9.852	0.034	0.993	6000.0
862	2.094	11.525	1.168	9.942	0.047	0.995	6000.0
863	1.388	7.999	0.678	6.294	0.016	0.997	6000.0
864	0.892	5.113	0.525	4.551	0.015	0.999	6000.0
865	1.57	9.059	0.819	7.229	0.025	0.996	8000.0
866	1.81	10.076	1.003	9.495	0.041	0.994	6000.0
867	2.24	12.565	1.11	10.418	0.045	0.993	6000.0
868	1.833	10.587	0.977	9.077	0.024	0.995	6000.0
869	2.101	11.54	0.996	8.959	0.037	0.995	6000.0
870	2.581	14.439	1.382	12.472	0.056	0.99	6000.0
871	2.499	14.021	1.314	11.554	0.041	0.992	6000.0
872	1.4	8.003	0.742	6.152	0.039	0.997	6000.0
873	1.815	10.238	0.976	8.561	0.017	0.995	6000.0
874	1.63	9.34	0.852	7.731	0.027	0.997	6000.0
875	1.983	10.96	1.094	10.551	0.048	0.991	6000.0
876	1.791	10.145	0.908	8.31	0.032	0.996	6000.0
877	2.815	16.019	1.452	14.044	0.04	0.989	6000.0
878	1.1	6.234	0.608	5.54	0.013	0.998	6000.0
879	1.144	6.347	0.656	6.035	0.029	0.997	6000.0
880	1.776	9.55	0.901	8.456	0.029	0.995	6000.0
881	1.745	9.979	0.831	8.004	0.043	0.994	6000.0
882	2.295	12.938	1.269	11.042	0.03	0.994	6000.0
883	1.807	10.06	0.933	8.778	0.045	0.996	7000.0
884	0.938	5.246	0.601	5.669	0.02	0.997	6000.0
885	1.493	8.531	0.879	8.35	0.017	0.996	6000.0
886	1.301	7.471	0.739	7.104	0.025	0.995	6000.0
887	2.198	12.183	1.149	10.881	0.037	0.992	6000.0
888	2.507	13.99	1.323	11.584	0.047	0.992	6000.0
889	1.82	9.936	0.902	8.36	0.047	0.994	6000.0
890	2.939	16.444	1.531	14.02	0.044	0.99	6000.0
891	2.536	14.913	1.383	12.677	0.059	0.986	6000.0
892	2.856	15.972	1.599	14.754	0.032	0.986	6000.0
893	2.81	16.229	1.454	14.25	0.047	0.984	6000.0
894	2.138	11.978	1.177	10.94	0.043	0.991	6000.0
895	1.766	10.182	0.944	9.061	0.049	0.994	6000.0
896	0.976	5.394	0.493	4.184	0.016	0.999	6000.0
897	1.971	10.711	1.158	10.344	0.048	0.992	6000.0
898	1.242	7.296	0.722	6.747	0.014	0.996	6000.0
899	1.215	6.554	0.657	5.907	0.03	0.997	6000.0
900	3.0	16.553	1.578	14.448	0.053	0.988	6000.0
901	1.214	6.819	0.681	5.861	0.018	0.998	16000.0
902	2.887	16.261	1.462	13.864	0.052	0.99	6000.0
903	2.579	14.533	1.292	11.701	0.041	0.991	6000.0
904	1.509	8.651	0.795	7.42	0.027	0.996	6000.0
905	3.168	18.196	1.81	16.169	0.06	0.984	6000.0
906	1.256	7.003	0.726	6.961	0.026	0.995	6000.0
907	1.751	9.957	0.885	7.795	0.03	0.996	6000.0
908	1.947	10.859	1.052	9.416	0.04	0.992	16000.0
909	1.854	10.672	1.018	9.62	0.02	0.994	6000.0
910	2.441	13.835	1.289	11.619	0.044	0.989	6000.0
911	1.646	9.898	0.958	8.566	0.017	0.994	6000.0
912	2.187	12.306	1.056	10.082	0.048	0.994	6000.0
913	2.072	11.439	1.083	10.13	0.038	0.992	6000.0
914	1.461	7.98	0.732	6.844	0.024	0.997	6000.0
915	1.524	8.907	0.854	7.428	0.015	0.996	6000.0
916	1.888	10.431	0.982	9.088	0.053	0.994	6000.0
917	1.734	9.338	0.963	8.755	0.04	0.994	6000.0
918	2.613	14.714	1.35	12.436	0.051	0.99	6000.0
919	2.677	14.434	1.249	11.87	0.046	0.992	6000.0
920	2.015	11.266	1.061	10.175	0.032	0.993	6000.0
921	1.487	8.392	0.815	6.926	0.027	0.998	6000.0
922	1.766	9.682	0.887	8.491	0.042	0.995	6000.0
923	2.66	14.642	1.361	12.631	0.054	0.991	6000.0
924	1.861	10.552	1.07	10.059	0.025	0.993	6000.0
925	2.547	14.438	1.496	13.462	0.039	0.984	6000.0
926	2.417	13.499	1.201	11.047	0.035	0.993	6000.0
927	2.288	12.715	1.224	10.556	0.028	0.993	6000.0
928	2.19	12.207	1.102	9.359	0.042	0.994	6000.0
929	2.281	12.543	1.188	9.665	0.049	0.995	6000.0
930	1.936	10.902	1.047	10.528	0.057	0.992	6000.0
931	2.016	11.278	1.15	10.002	0.045	0.993	6000.0
932	2.063	11.381	1.091	10.291	0.029	0.991	6000.0
933	1.469	8.383	0.731	6.461	0.031	0.998	6000.0
934	2.218	12.234	1.18	10.541	0.034	0.994	6000.0
935	3.499	19.554	1.738	15.801	0.071	0.986	6000.0
936	2.94	16.039	1.529	13.269	0.053	0.987	6000.0
937	2.157	12.526	1.142	10.671	0.06	0.994	6000.0
938	2.629	15.153	1.379	12.896	0.038	0.989	6000.0
939	2.124	11.779	1.165	10.709	0.031	0.993	6000.0
940	2.172	11.907	1.15	9.958	0.031	0.991	6000.0
941	2.831	15.911	1.414	12.16	0.054	0.99	6000.0
942	1.703	9.795	0.867	8.192	0.033	0.995	6000.0
943	2.442	13.57	1.162	10.563	0.042	0.994	6000.0
944	1.902	10.534	1.059	9.412	0.035	0.994	6000.0
945	2.194	12.641	1.158	11.073	0.058	0.991	6000.0
946	1.24	7.175	0.668	5.979	0.03	0.998	6000.0
947	2.997	16.999	1.536	15.106	0.062	0.985	6000.0
948	1.851	10.036	0.993	8.907	0.038	0.995	6000.0
949	1.69	9.607	0.918	7.688	0.029	0.997	6000.0
950	1.457	8.373	0.817	7.138	0.025	0.997	6000.0
951	1.57	9.022	0.803	7.178	0.025	0.996	6000.0
952	2.36	13.379	1.168	11.115	0.044	0.992	6000.0
953	2.287	12.573	1.147	10.856	0.046	0.992	6000.0
954	1.757	9.915	0.9	8.113	0.034	0.996	6000.0
955	1.377	7.481	0.76	7.03	0.025	0.995	6000.0
956	1.816	10.452	1.085	10.295	0.057	0.992	6000.0
957	2.858	16.676	1.539	13.163	0.054	0.989	6000.0
958	2.969	16.258	1.714	15.291	0.048	0.986	6000.0
959	1.633	9.266	0.788	7.257	0.035	0.997	6000.0
960	1.38	8.057	0.726	6.77	0.031	0.997	6000.0
961	2.492	14.073	1.274	11.626	0.044	0.987	6000.0
962	3.599	20.632	2.08	18.608	0.088	0.978	6000.0
963	1.659	9.133	0.967	8.86	0.026	0.995	6000.0
964	2.262	12.777	1.206	10.006	0.037	0.995	6000.0
965	1.812	10.16	0.895	8.167	0.033	0.996	6000.0
966	2.515	13.705	1.299	12.672	0.057	0.988	6000.0
967	2.356	12.919	1.237	11.342	0.048	0.992	6000.0
968	1.341	7.746	0.698	6.773	0.017	0.997	6000.0
969	1.842	10.09	1.046	9.931	0.043	0.993	6000.0
970	2.269	12.467	1.214	11.253	0.047	0.992	6000.0
971	2.811	15.679	1.361	13.274	0.051	0.986	6000.0
972	1.762	9.203	0.851	8.133	0.02	0.994	11000.0
973	1.811	10.139	0.912	8.887	0.037	0.994	6000.0
974	1.812	10.308	1.037	9.044	0.04	0.994	6000.0
975	1.794	10.03	0.885	7.559	0.022	0.997	6000.0
976	2.248	12.694	1.102	9.561	0.047	0.994	6000.0
977	1.926	10.665	0.975	9.092	0.04	0.994	6000.0
978	1.537	8.507	0.904	8.133	0.04	0.995	6000.0
979	0.924	5.696	0.543	4.867	0.016	0.997	6000.0
980	2.108	11.805	1.048	9.302	0.058	0.994	6000.0
981	2.993	16.732	1.475	13.641	0.066	0.987	6000.0
982	2.012	11.369	0.991	9.183	0.04	0.994	15000.0
983	2.533	14.86	1.235	12.089	0.049	0.988	6000.0
984	2.324	13.234	1.21	11.017	0.052	0.993	6000.0
985	1.831	9.969	0.972	8.496	0.034	0.996	6000.0
986	2.475	13.933	1.313	12.295	0.06	0.991	6000.0
987	1.913	10.75	0.997	8.543	0.034	0.996	6000.0
988	3.151	17.884	1.578	15.181	0.053	0.983	6000.0
989	1.813	10.146	0.892	8.234	0.026	0.995	6000.0
990	2.319	13.622	1.287	11.675	0.042	0.993	6000.0
991	0.617	3.599	0.374	3.316	0.014	0.999	6000.0
992	1.644	9.46	0.887	7.761	0.026	0.996	6000.0
993	2.04	11.143	1.012	9.122	0.039	0.996	6000.0
994	1.708	9.342	0.939	8.291	0.039	0.993	6000.0
995	2.259	12.936	1.151	10.434	0.039	0.994	6000.0
996	1.928	10.677	0.944	8.816	0.041	0.995	6000.0
997	2.433	13.215	1.178	10.877	0.038	0.991	6000.0
998	2.362	13.16	1.187	11.076	0.032	0.993	6000.0
999	2.785	15.565	1.433	12.676	0.05	0.992	6000.0
1000	2.308	13.23	1.286	11.33	0.028	0.994	6000.0
