NMF_Replicate	L1	L1 %	L2	L2 %	KL Divergence	Correlation	Convergence Iterations
1	9.476	53.301	4.231	39.674	0.35	0.914	6000.0
2	7.166	40.727	3.456	28.759	0.271	0.945	6000.0
3	9.194	51.635	4.599	39.349	0.278	0.917	6000.0
4	9.763	54.86	4.373	38.612	0.349	0.91	6000.0
5	10.03	56.707	4.702	40.157	0.355	0.896	6000.0
6	7.452	41.823	3.28	28.022	0.255	0.96	6000.0
7	8.832	49.174	4.137	37.05	0.273	0.927	6000.0
8	11.341	63.757	5.444	47.892	0.389	0.868	6000.0
9	10.411	57.66	4.616	42.604	0.361	0.898	6000.0
10	8.58	48.209	3.901	35.176	0.309	0.933	6000.0
11	9.026	51.171	3.905	35.768	0.294	0.936	6000.0
12	9.783	55.334	4.283	38.839	0.36	0.913	6000.0
13	7.904	44.641	3.596	32.168	0.277	0.938	6000.0
14	10.259	57.936	4.654	43.615	0.348	0.896	6000.0
15	10.551	58.023	4.944	42.654	0.344	0.89	6000.0
16	9.639	54.787	4.587	40.91	0.304	0.905	6000.0
17	10.709	59.851	4.652	43.811	0.363	0.89	6000.0
18	10.031	56.299	4.634	41.447	0.322	0.905	6000.0
19	9.755	54.19	4.246	39.337	0.331	0.91	6000.0
20	7.347	41.188	3.465	30.075	0.214	0.956	6000.0
21	10.047	54.804	4.672	40.852	0.317	0.909	6000.0
22	9.968	56.357	4.441	41.723	0.338	0.896	6000.0
23	8.45	47.948	3.694	32.663	0.3	0.923	6000.0
24	10.259	56.444	4.475	40.093	0.361	0.902	6000.0
25	7.922	44.9	3.786	33.994	0.275	0.927	6000.0
26	9.15	52.106	4.277	38.447	0.312	0.914	6000.0
27	10.15	56.225	4.239	39.529	0.371	0.91	6000.0
28	10.724	60.446	4.656	44.597	0.388	0.895	6000.0
29	8.441	47.72	3.582	34.291	0.267	0.942	6000.0
30	9.192	52.018	4.372	36.867	0.296	0.92	6000.0
31	9.675	54.13	4.128	37.891	0.356	0.92	6000.0
32	8.803	48.93	3.838	35.561	0.31	0.934	6000.0
33	7.923	44.255	3.634	32.874	0.268	0.942	6000.0
34	9.274	51.671	4.369	40.414	0.286	0.917	6000.0
35	11.042	61.705	5.151	47.592	0.382	0.878	6000.0
36	9.48	53.248	4.307	39.053	0.289	0.92	6000.0
37	7.985	44.882	3.515	31.014	0.286	0.955	6000.0
38	7.789	44.232	3.176	29.061	0.29	0.959	6000.0
39	9.379	53.548	4.307	38.82	0.321	0.904	6000.0
40	8.327	47.965	3.887	35.345	0.277	0.932	6000.0
41	8.068	45.295	3.993	33.89	0.246	0.936	6000.0
42	9.288	52.677	4.437	39.735	0.323	0.914	6000.0
43	9.106	51.23	3.803	34.691	0.362	0.933	6000.0
44	8.748	49.491	3.907	35.54	0.306	0.931	6000.0
45	10.933	61.376	4.794	44.062	0.398	0.882	6000.0
46	9.089	50.948	3.831	36.164	0.315	0.931	6000.0
47	7.547	42.17	3.404	31.395	0.22	0.952	6000.0
48	7.942	45.024	3.738	33.462	0.293	0.923	6000.0
49	8.667	48.98	3.655	33.684	0.307	0.94	6000.0
50	9.071	50.046	4.261	37.289	0.299	0.916	6000.0
51	8.483	48.008	4.122	34.76	0.276	0.917	6000.0
52	9.851	54.522	4.115	39.976	0.362	0.902	6000.0
53	9.154	51.989	4.176	36.728	0.343	0.933	6000.0
54	9.517	54.179	4.426	38.286	0.341	0.905	6000.0
55	10.04	57.235	4.539	43.818	0.347	0.897	6000.0
56	8.587	48.842	3.619	35.443	0.296	0.932	6000.0
57	7.948	44.162	3.774	34.11	0.251	0.94	6000.0
58	7.603	43.125	3.755	32.641	0.234	0.941	6000.0
59	10.203	56.269	4.621	41.239	0.343	0.91	6000.0
60	8.281	46.432	3.59	32.289	0.278	0.936	6000.0
61	8.912	49.271	4.127	36.791	0.284	0.929	6000.0
62	8.008	44.537	3.545	31.435	0.281	0.957	6000.0
63	8.489	47.223	3.774	33.922	0.272	0.934	6000.0
64	8.624	47.536	3.677	33.393	0.27	0.936	6000.0
65	10.16	56.798	4.832	44.117	0.337	0.891	6000.0
66	9.552	53.799	4.397	39.655	0.294	0.918	6000.0
67	10.225	57.897	4.349	41.382	0.369	0.911	6000.0
68	8.435	47.609	3.842	35.336	0.281	0.934	6000.0
69	8.804	50.177	3.85	36.065	0.315	0.932	6000.0
70	10.23	58.163	4.719	42.833	0.35	0.891	6000.0
71	10.038	56.416	4.732	41.41	0.35	0.903	6000.0
72	8.192	46.502	4.047	33.43	0.266	0.93	6000.0
73	10.45	59.224	4.866	44.874	0.401	0.883	6000.0
74	9.174	52.252	4.222	37.801	0.289	0.923	6000.0
75	10.042	56.832	4.79	42.341	0.327	0.893	6000.0
76	6.514	35.812	2.949	25.261	0.212	0.965	6000.0
77	9.409	53.819	4.21	38.748	0.366	0.909	6000.0
78	11.217	63.54	5.265	46.804	0.373	0.885	6000.0
79	9.936	55.85	4.328	41.074	0.362	0.906	6000.0
80	9.251	52.866	4.178	38.259	0.329	0.919	6000.0
81	8.935	50.303	4.004	35.816	0.322	0.932	6000.0
82	10.417	58.309	4.573	42.9	0.358	0.902	6000.0
83	7.729	42.501	3.734	31.784	0.276	0.932	6000.0
84	9.272	52.139	4.213	38.88	0.338	0.92	6000.0
85	8.664	48.716	4.167	35.23	0.302	0.924	6000.0
86	7.75	42.649	3.349	30.253	0.249	0.944	6000.0
87	9.643	53.982	4.046	38.499	0.36	0.927	6000.0
88	9.016	50.798	3.828	34.27	0.338	0.93	6000.0
89	8.001	44.78	3.796	32.912	0.242	0.936	6000.0
90	9.237	51.955	4.381	38.003	0.329	0.916	6000.0
91	8.15	45.703	3.78	32.496	0.242	0.94	6000.0
92	10.184	57.838	4.595	42.086	0.35	0.899	6000.0
93	8.971	50.022	4.147	38.709	0.298	0.92	6000.0
94	9.521	54.186	4.359	38.87	0.333	0.908	6000.0
95	9.189	50.617	4.174	35.866	0.335	0.932	6000.0
96	9.666	53.89	4.701	40.66	0.335	0.909	6000.0
97	8.99	49.891	3.894	34.59	0.3	0.943	6000.0
98	8.405	46.137	3.651	34.478	0.315	0.929	6000.0
99	8.465	48.075	3.74	35.961	0.303	0.923	6000.0
100	8.011	44.848	3.553	33.031	0.274	0.949	6000.0
101	10.321	58.853	4.649	41.858	0.365	0.901	6000.0
102	8.737	49.804	4.097	36.956	0.293	0.914	6000.0
103	8.25	46.573	3.475	32.41	0.279	0.938	6000.0
104	9.936	54.997	4.439	39.694	0.328	0.91	6000.0
105	10.974	61.554	4.969	46.615	0.371	0.875	6000.0
106	10.969	61.528	5.351	46.532	0.339	0.885	6000.0
107	9.81	55.14	4.441	41.773	0.341	0.909	6000.0
108	8.847	50.531	4.207	36.583	0.287	0.915	6000.0
109	9.103	50.311	4.167	36.009	0.317	0.929	6000.0
110	7.867	44.266	3.57	32.822	0.284	0.944	6000.0
111	9.819	54.957	4.641	41.892	0.297	0.9	6000.0
112	10.263	57.674	4.781	43.345	0.324	0.882	6000.0
113	8.169	45.258	3.857	33.203	0.268	0.943	6000.0
114	9.315	51.487	4.702	37.866	0.305	0.916	6000.0
115	10.27	57.046	4.374	42.026	0.356	0.908	6000.0
116	8.95	51.185	3.89	36.485	0.341	0.92	6000.0
117	9.133	51.301	4.121	36.999	0.377	0.925	6000.0
118	10.136	56.083	4.867	42.232	0.31	0.903	6000.0
119	10.484	58.706	4.628	42.455	0.401	0.906	6000.0
120	8.066	44.958	3.42	31.01	0.271	0.945	6000.0
121	7.047	39.336	3.294	29.518	0.229	0.959	6000.0
122	10.382	58.809	4.73	41.178	0.355	0.892	6000.0
123	8.642	48.106	4.204	37.731	0.296	0.914	6000.0
124	9.726	55.862	4.416	38.736	0.341	0.909	6000.0
125	8.175	46.402	3.565	31.673	0.271	0.952	6000.0
126	9.56	53.606	4.321	37.555	0.362	0.92	6000.0
127	9.295	51.888	4.439	39.643	0.34	0.909	6000.0
128	8.983	50.758	4.044	36.557	0.311	0.927	6000.0
129	10.563	59.564	4.903	46.628	0.329	0.88	6000.0
130	9.527	52.657	4.704	40.17	0.291	0.92	6000.0
131	9.635	54.257	4.27	41.018	0.327	0.908	6000.0
132	9.796	54.912	4.464	41.692	0.327	0.916	6000.0
133	9.737	54.027	4.406	41.453	0.314	0.912	6000.0
134	8.304	47.457	3.714	35.538	0.293	0.928	6000.0
135	9.559	53.588	4.223	40.558	0.306	0.912	6000.0
136	9.691	54.549	4.102	38.526	0.365	0.919	6000.0
137	9.13	50.821	4.023	39.326	0.329	0.914	6000.0
138	10.526	59.8	4.66	44.548	0.362	0.895	6000.0
139	9.299	52.4	4.131	36.675	0.351	0.926	6000.0
140	9.572	54.594	4.373	41.344	0.334	0.889	6000.0
141	9.888	55.978	4.638	40.308	0.307	0.914	6000.0
142	9.232	51.16	4.267	40.188	0.28	0.918	6000.0
143	8.969	50.209	3.908	35.788	0.378	0.933	6000.0
144	7.339	41.154	3.396	30.296	0.251	0.95	6000.0
145	9.813	56.131	4.591	40.674	0.327	0.907	6000.0
146	8.693	49.313	3.906	35.767	0.271	0.926	6000.0
147	8.318	47.587	3.623	34.42	0.26	0.938	6000.0
148	8.28	47.181	3.725	33.678	0.298	0.936	6000.0
149	8.688	48.585	3.82	34.097	0.317	0.927	6000.0
150	8.848	49.818	3.885	36.93	0.307	0.929	6000.0
151	8.956	50.514	4.031	36.472	0.339	0.918	6000.0
152	10.289	58.293	4.893	41.755	0.365	0.892	6000.0
153	8.601	47.879	3.928	36.802	0.278	0.924	6000.0
154	9.301	52.516	4.461	40.569	0.305	0.906	6000.0
155	8.848	49.361	3.886	37.34	0.3	0.922	6000.0
156	9.212	51.594	3.866	35.979	0.33	0.934	6000.0
157	11.371	62.527	5.039	46.858	0.379	0.882	6000.0
158	9.842	54.957	4.137	39.201	0.377	0.922	6000.0
159	10.524	58.957	4.611	41.61	0.373	0.903	6000.0
160	7.728	44.33	3.562	31.836	0.275	0.941	6000.0
161	10.885	61.755	4.877	45.838	0.396	0.89	6000.0
162	7.897	44.43	3.695	33.313	0.252	0.937	6000.0
163	9.729	55.028	4.35	38.074	0.375	0.912	6000.0
164	7.655	42.277	3.668	31.338	0.264	0.931	6000.0
165	7.984	45.193	3.642	33.313	0.289	0.929	6000.0
166	9.93	55.445	4.422	38.751	0.333	0.914	6000.0
167	9.403	52.112	4.335	37.936	0.339	0.917	6000.0
168	9.462	54.214	4.243	37.87	0.349	0.908	6000.0
169	8.074	46.059	3.742	33.492	0.323	0.938	6000.0
170	7.907	44.298	3.508	33.189	0.258	0.942	6000.0
171	9.472	53.972	4.074	36.418	0.349	0.922	6000.0
172	9.368	54.359	4.157	37.079	0.359	0.902	6000.0
173	8.943	49.981	4.263	36.998	0.325	0.921	6000.0
174	9.916	56.16	4.746	41.963	0.382	0.898	6000.0
175	10.021	56.324	4.282	38.378	0.359	0.913	6000.0
176	9.327	52.65	4.355	38.421	0.317	0.914	6000.0
177	11.434	63.233	5.142	44.429	0.408	0.877	6000.0
178	9.009	49.974	4.29	38.303	0.279	0.919	6000.0
179	10.094	55.654	4.748	39.663	0.314	0.908	6000.0
180	8.065	46.104	3.762	34.435	0.276	0.938	6000.0
181	9.994	56.443	4.845	41.095	0.355	0.906	6000.0
182	9.452	53.347	4.379	39.58	0.286	0.919	6000.0
183	9.28	52.105	4.495	37.494	0.32	0.904	6000.0
184	9.782	54.689	4.148	37.301	0.363	0.917	6000.0
185	8.839	49.396	4.001	36.524	0.312	0.936	6000.0
186	8.0	45.287	3.617	32.657	0.266	0.94	6000.0
187	8.55	48.817	3.84	35.403	0.302	0.928	6000.0
188	10.283	57.148	4.342	40.594	0.384	0.911	6000.0
189	9.453	52.685	4.02	36.297	0.333	0.925	6000.0
190	7.982	44.54	3.56	31.763	0.295	0.939	6000.0
191	8.47	47.079	3.907	34.493	0.31	0.926	6000.0
192	9.55	54.45	4.291	39.765	0.32	0.913	6000.0
193	8.433	47.361	3.651	33.366	0.317	0.94	6000.0
194	9.849	54.481	4.098	38.726	0.359	0.919	6000.0
195	10.0	56.103	4.477	41.625	0.359	0.902	6000.0
196	9.43	53.089	4.102	40.202	0.343	0.911	6000.0
197	11.208	62.982	5.345	47.055	0.451	0.856	6000.0
198	9.413	52.923	4.178	37.555	0.337	0.922	6000.0
199	7.976	44.731	3.321	29.818	0.3	0.953	6000.0
200	9.08	50.526	3.907	34.17	0.292	0.94	6000.0
201	8.961	50.462	4.108	37.978	0.275	0.916	6000.0
202	9.948	55.772	4.38	41.951	0.355	0.906	6000.0
203	10.272	57.081	4.963	42.646	0.31	0.903	6000.0
204	8.946	50.557	3.967	35.674	0.371	0.912	6000.0
205	8.28	47.416	3.926	37.301	0.287	0.927	6000.0
206	9.413	52.541	4.148	37.869	0.32	0.923	6000.0
207	9.515	53.38	4.324	38.479	0.336	0.92	6000.0
208	9.166	51.014	4.204	37.959	0.293	0.926	6000.0
209	8.566	47.942	3.713	34.664	0.305	0.926	6000.0
210	9.866	56.062	4.571	40.935	0.323	0.909	6000.0
211	9.924	55.253	4.622	39.808	0.359	0.9	6000.0
212	9.871	55.24	4.272	37.346	0.389	0.917	6000.0
213	9.073	50.044	4.266	36.726	0.319	0.924	6000.0
214	7.982	44.693	3.37	30.981	0.303	0.948	6000.0
215	11.534	64.145	5.247	48.638	0.396	0.873	6000.0
216	10.111	57.903	4.456	41.134	0.366	0.905	6000.0
217	9.146	51.471	4.154	38.71	0.315	0.922	6000.0
218	8.989	50.856	3.989	35.878	0.321	0.934	6000.0
219	8.843	49.726	3.672	33.53	0.32	0.937	6000.0
220	9.537	54.387	4.227	38.768	0.334	0.907	6000.0
221	7.997	44.378	3.177	30.083	0.285	0.949	6000.0
222	9.119	51.653	4.063	38.268	0.312	0.916	6000.0
223	9.999	56.401	4.598	40.323	0.336	0.905	6000.0
224	9.019	51.163	4.172	38.605	0.3	0.923	6000.0
225	8.88	49.13	4.093	35.545	0.255	0.939	6000.0
226	8.912	49.483	4.143	37.585	0.295	0.932	6000.0
227	8.927	49.993	3.623	32.663	0.307	0.946	6000.0
228	9.835	55.849	4.641	41.024	0.328	0.911	6000.0
229	9.098	52.176	4.073	35.543	0.304	0.918	6000.0
230	7.894	44.273	3.421	30.778	0.258	0.948	6000.0
231	9.274	51.474	4.183	38.653	0.306	0.925	6000.0
232	10.27	57.148	4.011	39.966	0.378	0.913	6000.0
233	9.794	55.712	4.546	39.71	0.382	0.904	6000.0
234	9.895	55.673	4.429	40.569	0.369	0.909	6000.0
235	9.04	50.635	4.24	37.998	0.304	0.92	6000.0
236	9.579	54.285	4.509	40.496	0.31	0.91	6000.0
237	10.686	59.548	5.3	45.823	0.355	0.875	6000.0
238	9.517	53.354	3.967	37.897	0.353	0.922	6000.0
239	8.611	48.188	3.638	34.015	0.32	0.931	6000.0
240	9.106	51.605	3.873	36.769	0.327	0.926	6000.0
241	9.251	51.099	3.965	36.703	0.312	0.931	6000.0
242	9.615	52.869	4.64	38.023	0.315	0.935	6000.0
243	11.845	65.909	5.142	46.994	0.409	0.874	6000.0
244	9.782	55.012	4.209	41.918	0.361	0.903	6000.0
245	8.546	47.837	3.845	34.996	0.314	0.935	6000.0
246	8.276	46.982	3.839	35.429	0.289	0.924	6000.0
247	10.576	58.999	4.949	41.521	0.373	0.88	6000.0
248	9.126	51.431	4.515	38.471	0.326	0.914	6000.0
249	9.924	55.551	4.337	40.636	0.328	0.913	6000.0
250	9.622	54.127	4.049	37.134	0.353	0.928	6000.0
251	9.634	54.962	4.321	40.639	0.328	0.92	6000.0
252	10.058	56.654	4.704	41.51	0.367	0.904	6000.0
253	9.753	55.129	4.296	38.883	0.336	0.916	6000.0
254	9.09	50.676	3.956	34.894	0.339	0.937	6000.0
255	8.752	48.989	4.046	35.675	0.291	0.922	6000.0
256	9.771	55.64	4.253	39.604	0.384	0.908	6000.0
257	9.876	55.576	4.593	41.692	0.324	0.899	6000.0
258	10.67	59.693	4.682	42.784	0.357	0.903	6000.0
259	7.953	45.156	3.684	33.382	0.254	0.94	6000.0
260	7.814	43.992	3.85	34.157	0.226	0.929	6000.0
261	10.126	57.346	4.487	39.566	0.362	0.913	6000.0
262	10.409	58.718	4.407	42.45	0.372	0.909	6000.0
263	9.288	52.3	4.291	35.972	0.338	0.912	6000.0
264	8.483	47.369	3.695	33.524	0.303	0.946	6000.0
265	10.054	56.399	4.405	40.17	0.357	0.908	6000.0
266	8.927	48.869	3.889	35.075	0.311	0.932	6000.0
267	10.555	59.252	5.105	43.888	0.379	0.898	6000.0
268	9.962	55.716	4.709	41.928	0.308	0.905	6000.0
269	8.43	47.844	3.613	35.12	0.305	0.923	6000.0
270	8.239	45.946	3.87	34.05	0.272	0.936	6000.0
271	8.943	50.332	4.102	36.042	0.302	0.926	6000.0
272	8.066	45.416	3.685	33.408	0.274	0.945	6000.0
273	9.042	50.508	4.232	36.386	0.299	0.931	6000.0
274	11.147	62.293	4.765	43.815	0.378	0.89	6000.0
275	9.598	54.592	4.528	41.33	0.335	0.908	6000.0
276	9.664	53.943	3.799	36.565	0.374	0.923	6000.0
277	10.764	60.364	4.86	43.983	0.374	0.886	6000.0
278	10.317	58.457	4.777	41.084	0.39	0.902	6000.0
279	10.346	58.448	4.95	42.817	0.34	0.889	6000.0
280	8.565	49.181	3.722	33.979	0.33	0.925	6000.0
281	9.374	52.689	4.244	38.651	0.324	0.931	6000.0
282	9.543	53.909	4.739	41.501	0.331	0.892	6000.0
283	9.695	54.839	4.455	39.487	0.323	0.901	6000.0
284	9.127	50.383	3.679	33.825	0.328	0.946	6000.0
285	8.104	46.27	3.434	31.997	0.261	0.942	6000.0
286	8.326	46.662	3.768	33.649	0.278	0.936	6000.0
287	8.881	49.969	4.005	37.487	0.292	0.924	6000.0
288	10.212	56.62	4.457	40.011	0.371	0.921	6000.0
289	10.209	57.461	4.835	43.086	0.355	0.889	6000.0
290	7.493	42.312	3.446	32.01	0.258	0.934	6000.0
291	8.772	49.65	3.82	34.857	0.367	0.932	6000.0
292	9.027	50.726	4.043	36.72	0.308	0.926	6000.0
293	11.04	61.06	5.284	44.038	0.37	0.887	6000.0
294	9.961	57.095	4.671	40.805	0.344	0.899	6000.0
295	8.903	49.278	3.895	36.937	0.342	0.926	6000.0
296	10.251	56.65	4.84	43.842	0.354	0.89	6000.0
297	8.648	48.417	4.333	39.096	0.295	0.92	6000.0
298	10.434	57.774	4.993	45.239	0.34	0.892	6000.0
299	10.454	59.283	4.542	41.85	0.394	0.895	6000.0
300	9.737	54.417	4.566	41.076	0.321	0.925	6000.0
301	10.012	55.887	4.398	39.668	0.36	0.917	6000.0
302	8.041	45.507	3.586	31.558	0.295	0.944	6000.0
303	9.918	56.071	4.476	40.481	0.333	0.906	6000.0
304	8.401	47.256	3.454	33.745	0.3	0.932	6000.0
305	9.547	53.477	4.189	38.73	0.338	0.918	6000.0
306	8.899	49.233	4.232	37.455	0.272	0.932	6000.0
307	11.199	63.191	4.874	47.436	0.435	0.88	6000.0
308	10.183	56.726	4.519	43.085	0.348	0.9	6000.0
309	9.133	50.677	4.19	37.507	0.31	0.926	6000.0
310	6.608	36.93	2.84	25.442	0.209	0.967	6000.0
311	10.411	57.855	4.689	42.165	0.347	0.898	6000.0
312	10.299	58.694	5.091	41.311	0.413	0.886	6000.0
313	9.461	53.078	4.263	37.535	0.339	0.918	6000.0
314	9.005	49.724	4.152	36.847	0.284	0.928	6000.0
315	7.555	43.208	3.533	32.195	0.235	0.945	6000.0
316	9.08	50.731	4.312	37.586	0.324	0.931	6000.0
317	9.965	56.167	4.593	40.753	0.327	0.913	6000.0
318	8.625	48.021	3.797	35.763	0.296	0.93	6000.0
319	9.694	53.502	4.411	41.027	0.331	0.912	6000.0
320	10.333	58.323	4.522	43.277	0.362	0.908	6000.0
321	8.896	49.739	4.197	38.979	0.284	0.917	6000.0
322	8.74	48.548	3.774	34.883	0.308	0.938	6000.0
323	10.212	57.399	4.732	42.915	0.368	0.882	6000.0
324	7.966	45.024	3.549	32.66	0.25	0.949	6000.0
325	8.598	47.273	3.768	33.339	0.299	0.939	6000.0
326	11.138	62.259	5.106	45.661	0.375	0.886	6000.0
327	9.196	51.174	4.475	38.411	0.321	0.92	6000.0
328	9.235	51.025	4.434	37.399	0.296	0.918	6000.0
329	9.156	51.717	4.177	36.314	0.303	0.923	6000.0
330	8.871	49.444	3.888	37.058	0.299	0.931	6000.0
331	8.67	49.293	4.037	37.972	0.319	0.908	6000.0
332	8.796	49.096	3.946	36.65	0.342	0.926	6000.0
333	9.333	52.41	4.277	37.326	0.29	0.923	6000.0
334	8.53	48.106	3.919	36.07	0.302	0.932	6000.0
335	10.719	59.969	4.979	43.143	0.391	0.886	6000.0
336	7.726	43.227	3.479	30.506	0.283	0.948	6000.0
337	10.534	58.726	4.976	43.427	0.361	0.882	6000.0
338	8.513	48.119	3.88	36.043	0.335	0.922	6000.0
339	10.216	57.611	4.572	41.452	0.362	0.904	6000.0
340	9.086	51.126	3.881	36.948	0.277	0.934	6000.0
341	7.552	43.012	3.145	30.05	0.294	0.948	6000.0
342	9.668	54.384	4.58	39.867	0.331	0.917	6000.0
343	8.831	49.606	3.919	36.641	0.299	0.932	6000.0
344	8.803	49.391	4.191	35.553	0.325	0.919	6000.0
345	9.927	55.848	4.66	42.862	0.329	0.9	6000.0
346	8.984	51.041	4.37	37.949	0.284	0.911	6000.0
347	8.474	46.906	3.852	33.811	0.281	0.937	6000.0
348	9.159	51.479	3.951	36.528	0.299	0.929	6000.0
349	8.718	48.123	3.795	34.573	0.291	0.938	6000.0
350	10.24	58.468	4.403	41.384	0.347	0.91	6000.0
351	9.62	53.815	4.178	39.339	0.365	0.911	6000.0
352	8.63	48.954	3.86	34.491	0.31	0.932	6000.0
353	10.105	57.537	4.375	39.054	0.389	0.899	6000.0
354	9.089	51.336	4.155	36.075	0.304	0.94	6000.0
355	10.125	56.791	4.477	40.19	0.373	0.91	6000.0
356	9.522	54.104	4.03	38.048	0.353	0.912	6000.0
357	7.589	42.082	3.387	30.5	0.229	0.953	6000.0
358	8.102	45.991	3.872	33.884	0.246	0.94	6000.0
359	10.477	58.963	4.616	43.877	0.341	0.888	6000.0
360	8.487	47.787	4.069	36.493	0.304	0.916	6000.0
361	8.524	48.13	3.789	34.34	0.279	0.946	6000.0
362	9.335	52.441	4.334	38.611	0.311	0.922	6000.0
363	8.71	49.272	3.536	33.629	0.303	0.948	6000.0
364	8.678	47.97	3.882	35.441	0.304	0.933	6000.0
365	8.847	49.285	3.997	34.375	0.299	0.933	6000.0
366	9.667	55.364	4.521	42.59	0.349	0.892	6000.0
367	7.84	44.888	3.666	31.258	0.305	0.932	6000.0
368	10.668	59.324	4.836	45.258	0.368	0.888	6000.0
369	8.469	48.0	4.172	36.336	0.298	0.914	6000.0
370	7.742	44.098	3.392	30.969	0.257	0.945	6000.0
371	8.314	47.483	3.857	35.285	0.276	0.929	6000.0
372	7.572	41.517	3.452	30.959	0.256	0.946	6000.0
373	7.093	39.872	2.915	25.759	0.25	0.968	6000.0
374	7.401	41.328	3.259	29.682	0.242	0.952	6000.0
375	12.708	71.029	5.716	49.838	0.419	0.867	6000.0
376	7.492	41.779	3.143	29.852	0.253	0.955	6000.0
377	7.924	44.744	3.541	31.46	0.277	0.955	6000.0
378	8.618	49.423	3.716	36.54	0.333	0.921	6000.0
379	8.724	48.711	3.696	34.929	0.321	0.933	6000.0
380	8.983	51.085	4.102	37.94	0.292	0.922	6000.0
381	9.542	53.784	4.279	37.82	0.344	0.91	6000.0
382	7.669	43.073	3.496	30.742	0.252	0.934	6000.0
383	10.028	56.058	4.579	40.138	0.363	0.9	6000.0
384	9.235	52.07	4.109	34.577	0.355	0.913	6000.0
385	10.724	60.193	5.206	46.38	0.379	0.885	6000.0
386	9.145	51.302	3.991	36.437	0.352	0.922	6000.0
387	8.12	45.049	3.708	34.728	0.271	0.943	6000.0
388	9.846	55.688	4.281	39.927	0.403	0.91	6000.0
389	9.942	55.681	4.495	40.432	0.355	0.908	6000.0
390	8.243	47.227	3.734	33.649	0.279	0.94	6000.0
391	7.348	41.347	3.176	29.92	0.247	0.951	6000.0
392	9.21	52.381	4.202	39.296	0.313	0.923	6000.0
393	9.446	52.327	4.144	40.072	0.317	0.902	6000.0
394	7.801	43.002	3.513	31.22	0.262	0.952	6000.0
395	10.15	56.619	4.349	40.175	0.353	0.912	6000.0
396	8.964	50.15	4.301	38.548	0.294	0.922	6000.0
397	8.222	45.802	3.737	34.087	0.257	0.934	6000.0
398	9.648	54.569	4.004	38.198	0.378	0.914	6000.0
399	8.272	46.847	3.938	33.511	0.272	0.943	6000.0
400	9.5	53.424	4.296	38.864	0.327	0.906	6000.0
401	6.201	34.746	2.87	24.828	0.217	0.969	6000.0
402	8.858	49.158	3.873	36.584	0.32	0.932	6000.0
403	9.872	54.792	4.541	40.105	0.325	0.912	6000.0
404	8.804	50.038	3.814	35.358	0.348	0.92	6000.0
405	9.256	51.607	4.686	38.668	0.292	0.915	6000.0
406	9.464	52.129	4.467	39.586	0.323	0.911	6000.0
407	8.796	49.831	3.919	36.425	0.301	0.915	6000.0
408	8.424	47.979	3.86	34.328	0.279	0.929	6000.0
409	9.456	53.338	4.673	38.812	0.32	0.924	6000.0
410	9.748	55.108	4.617	41.77	0.32	0.905	6000.0
411	8.998	50.679	4.242	36.699	0.339	0.918	6000.0
412	10.971	61.817	4.885	45.095	0.379	0.896	6000.0
413	9.729	54.717	4.373	39.601	0.319	0.913	6000.0
414	10.028	56.73	4.821	41.982	0.37	0.885	6000.0
415	8.295	46.756	3.58	33.989	0.302	0.94	6000.0
416	8.628	48.59	4.049	34.593	0.281	0.928	6000.0
417	8.099	45.872	3.888	35.029	0.245	0.949	6000.0
418	8.167	45.951	3.348	32.469	0.287	0.946	6000.0
419	9.806	55.265	4.606	40.052	0.325	0.896	6000.0
420	8.461	47.035	3.444	32.619	0.303	0.942	6000.0
421	8.838	50.237	4.067	34.586	0.309	0.922	6000.0
422	8.849	49.754	4.087	38.197	0.31	0.922	6000.0
423	10.621	59.473	4.708	43.236	0.392	0.888	6000.0
424	9.718	54.6	4.492	39.102	0.312	0.906	6000.0
425	9.676	55.456	4.591	42.169	0.296	0.893	6000.0
426	10.619	59.608	4.972	43.004	0.345	0.905	6000.0
427	8.479	47.933	3.613	34.674	0.287	0.927	6000.0
428	10.146	57.063	5.091	41.99	0.31	0.898	6000.0
429	10.278	57.286	4.307	40.14	0.328	0.916	6000.0
430	9.26	52.06	4.043	35.629	0.307	0.927	6000.0
431	8.584	48.595	4.026	34.154	0.267	0.936	6000.0
432	8.141	46.054	3.565	32.789	0.275	0.938	6000.0
433	8.835	49.188	3.851	35.263	0.311	0.931	6000.0
434	10.221	57.129	4.455	42.127	0.346	0.901	6000.0
435	7.627	42.491	3.222	29.989	0.283	0.949	6000.0
436	10.318	57.996	5.036	43.921	0.348	0.892	6000.0
437	10.471	59.233	4.724	43.348	0.367	0.893	6000.0
438	11.179	62.851	4.908	44.767	0.387	0.88	6000.0
439	10.629	59.085	5.456	45.635	0.344	0.888	6000.0
440	9.365	52.447	4.415	38.804	0.33	0.923	6000.0
441	9.269	52.156	3.96	39.193	0.35	0.914	6000.0
442	10.512	59.407	4.673	45.094	0.372	0.893	6000.0
443	9.331	52.177	4.357	39.742	0.324	0.913	6000.0
444	10.063	57.343	4.461	42.278	0.344	0.895	6000.0
445	10.443	59.473	4.854	42.603	0.354	0.901	6000.0
446	8.119	45.602	3.666	32.02	0.271	0.954	6000.0
447	8.619	48.947	3.892	35.716	0.261	0.933	6000.0
448	8.412	47.522	4.088	34.998	0.267	0.94	6000.0
449	8.841	49.091	3.873	34.656	0.294	0.931	6000.0
450	8.153	46.819	3.971	36.075	0.29	0.92	6000.0
451	10.26	57.265	4.593	40.999	0.36	0.904	6000.0
452	8.068	44.718	3.798	33.183	0.25	0.936	6000.0
453	8.834	49.822	4.22	36.794	0.279	0.926	6000.0
454	9.085	49.85	4.2	37.338	0.326	0.93	6000.0
455	8.097	46.065	3.961	34.144	0.271	0.935	6000.0
456	9.388	52.945	4.026	37.188	0.309	0.928	6000.0
457	10.269	57.802	4.429	43.437	0.375	0.892	6000.0
458	8.085	45.518	3.849	33.586	0.228	0.94	6000.0
459	8.684	48.379	3.874	35.55	0.285	0.935	6000.0
460	8.304	46.429	3.6	34.673	0.265	0.942	6000.0
461	10.537	59.14	4.747	44.912	0.366	0.89	6000.0
462	9.548	53.749	4.365	39.49	0.342	0.918	6000.0
463	9.384	52.932	4.03	36.808	0.326	0.935	6000.0
464	8.635	48.901	3.466	33.311	0.354	0.938	6000.0
465	9.648	53.603	4.212	37.478	0.328	0.917	6000.0
466	9.295	51.895	4.36	40.785	0.313	0.906	6000.0
467	8.192	46.708	3.703	33.539	0.283	0.932	6000.0
468	10.669	59.469	5.129	42.83	0.336	0.888	6000.0
469	11.12	62.501	4.926	46.943	0.385	0.897	6000.0
470	9.883	55.003	4.495	41.112	0.338	0.911	6000.0
471	8.665	48.9	3.533	34.627	0.338	0.933	6000.0
472	9.078	51.99	4.09	35.626	0.342	0.907	6000.0
473	8.138	45.667	4.072	35.701	0.287	0.932	6000.0
474	8.049	45.239	3.723	33.848	0.287	0.937	6000.0
475	8.226	45.908	3.556	32.185	0.315	0.933	6000.0
476	12.09	67.728	5.423	48.694	0.424	0.86	6000.0
477	9.542	52.778	4.403	39.98	0.312	0.919	6000.0
478	8.906	50.937	4.489	36.43	0.277	0.913	6000.0
479	10.751	60.18	4.855	42.759	0.358	0.894	6000.0
480	9.949	55.954	4.636	43.141	0.332	0.903	6000.0
481	9.366	52.682	4.566	39.672	0.334	0.928	6000.0
482	10.057	57.15	4.791	42.642	0.341	0.902	6000.0
483	8.994	50.471	4.109	36.683	0.302	0.925	6000.0
484	8.706	49.051	4.311	36.254	0.295	0.918	6000.0
485	9.764	55.754	4.539	41.508	0.345	0.896	6000.0
486	8.216	45.467	4.046	34.443	0.248	0.934	6000.0
487	8.633	49.077	3.984	35.355	0.302	0.928	6000.0
488	9.249	52.179	4.128	37.66	0.331	0.926	6000.0
489	9.864	55.659	4.562	41.885	0.341	0.91	6000.0
490	10.247	56.844	4.818	43.319	0.322	0.894	6000.0
491	9.126	51.301	4.224	37.431	0.325	0.915	6000.0
492	7.849	43.867	3.514	32.056	0.24	0.947	6000.0
493	8.438	47.842	3.83	34.0	0.309	0.932	6000.0
494	10.786	60.324	4.931	43.598	0.383	0.887	6000.0
495	8.638	48.182	3.766	35.065	0.274	0.937	6000.0
496	10.448	58.395	4.383	40.029	0.376	0.906	6000.0
497	7.874	45.087	3.519	32.403	0.281	0.945	6000.0
498	9.137	51.086	4.268	39.419	0.295	0.927	6000.0
499	9.287	52.06	4.435	40.41	0.317	0.903	6000.0
500	9.488	53.253	4.056	37.465	0.37	0.92	6000.0
501	9.49	53.439	4.085	39.637	0.343	0.909	6000.0
502	8.734	49.053	4.143	35.733	0.295	0.927	6000.0
503	8.791	49.102	3.878	36.463	0.311	0.927	6000.0
504	8.209	46.614	3.515	33.375	0.294	0.944	6000.0
505	9.264	51.965	3.941	37.563	0.324	0.922	6000.0
506	9.629	54.816	4.773	41.499	0.326	0.896	6000.0
507	7.555	42.083	3.437	31.065	0.232	0.946	6000.0
508	9.304	52.026	3.979	37.817	0.307	0.915	6000.0
509	9.132	51.016	4.233	37.25	0.297	0.927	6000.0
510	10.449	58.288	4.574	43.216	0.364	0.894	6000.0
511	9.018	51.326	4.245	36.114	0.303	0.918	6000.0
512	9.538	53.241	4.508	40.103	0.319	0.911	6000.0
513	10.99	62.108	5.137	45.55	0.354	0.884	6000.0
514	9.479	53.34	4.178	37.984	0.334	0.914	6000.0
515	8.286	46.222	3.819	35.764	0.296	0.932	6000.0
516	10.16	56.947	4.391	40.553	0.34	0.912	6000.0
517	8.514	48.206	3.715	34.285	0.319	0.933	6000.0
518	8.699	49.611	4.299	36.199	0.298	0.914	6000.0
519	8.632	49.82	4.014	36.587	0.325	0.913	6000.0
520	11.664	65.031	5.213	50.418	0.438	0.866	6000.0
521	9.474	52.556	4.166	37.992	0.331	0.928	6000.0
522	8.211	47.227	3.47	33.681	0.316	0.928	6000.0
523	10.512	59.142	5.002	43.206	0.381	0.879	6000.0
524	8.112	45.426	3.575	31.291	0.258	0.952	6000.0
525	10.737	61.058	4.934	46.379	0.434	0.874	6000.0
526	8.928	49.783	4.02	36.731	0.309	0.926	6000.0
527	8.459	47.139	3.812	35.408	0.316	0.934	6000.0
528	8.913	51.15	4.319	36.675	0.303	0.921	6000.0
529	9.686	55.058	4.393	38.613	0.388	0.894	6000.0
530	8.43	47.689	3.397	32.102	0.296	0.949	6000.0
531	8.516	47.645	3.889	33.466	0.302	0.939	6000.0
532	8.904	49.417	4.096	36.472	0.291	0.934	6000.0
533	10.469	57.723	4.987	44.794	0.363	0.904	6000.0
534	9.576	53.991	4.451	39.496	0.329	0.907	6000.0
535	9.83	54.213	4.542	38.585	0.341	0.912	6000.0
536	7.065	39.838	2.998	27.549	0.243	0.96	6000.0
537	10.576	60.291	4.605	41.96	0.377	0.912	6000.0
538	9.525	53.74	4.391	39.288	0.309	0.915	6000.0
539	9.822	54.14	4.553	39.194	0.313	0.92	6000.0
540	9.072	51.979	4.344	37.888	0.298	0.916	6000.0
541	8.437	48.254	4.1	36.22	0.283	0.923	6000.0
542	9.857	54.784	3.996	40.643	0.334	0.917	6000.0
543	9.905	55.741	4.283	40.403	0.362	0.91	6000.0
544	9.002	51.031	4.288	37.249	0.317	0.915	6000.0
545	10.094	56.669	4.634	42.955	0.366	0.898	6000.0
546	8.909	50.855	4.112	36.827	0.323	0.921	6000.0
547	10.248	56.915	4.279	40.526	0.363	0.91	6000.0
548	9.742	55.256	4.817	41.413	0.34	0.896	6000.0
549	9.819	54.87	4.237	36.847	0.344	0.924	6000.0
550	8.988	50.366	3.776	35.264	0.315	0.935	6000.0
551	8.696	48.654	4.344	36.474	0.313	0.915	6000.0
552	9.696	55.031	4.051	40.344	0.327	0.901	6000.0
553	6.864	37.579	3.19	27.567	0.212	0.958	6000.0
554	10.986	61.695	5.54	48.023	0.371	0.87	6000.0
555	10.642	59.023	5.17	46.906	0.377	0.898	6000.0
556	10.657	59.857	4.843	42.342	0.4	0.888	6000.0
557	7.552	41.672	3.253	26.985	0.296	0.965	6000.0
558	10.295	58.135	4.669	44.059	0.337	0.903	6000.0
559	6.297	35.143	2.956	24.783	0.222	0.968	6000.0
560	8.337	46.847	3.576	31.845	0.317	0.942	6000.0
561	10.406	59.272	4.672	42.157	0.385	0.879	6000.0
562	8.56	48.227	4.0	35.964	0.261	0.928	6000.0
563	8.738	50.007	4.043	34.734	0.311	0.924	6000.0
564	9.934	56.1	4.28	40.715	0.388	0.906	6000.0
565	9.606	53.946	4.448	39.121	0.329	0.91	6000.0
566	10.65	59.068	4.587	42.82	0.401	0.903	6000.0
567	11.49	63.522	5.444	45.981	0.42	0.886	6000.0
568	8.298	46.094	3.558	32.534	0.296	0.946	6000.0
569	10.324	57.561	4.782	39.881	0.338	0.901	6000.0
570	9.861	55.262	4.271	39.324	0.338	0.913	6000.0
571	9.512	52.909	4.051	38.76	0.338	0.903	6000.0
572	8.703	48.791	3.737	34.627	0.323	0.936	6000.0
573	9.099	51.69	4.288	37.316	0.332	0.911	6000.0
574	9.352	52.922	4.375	39.05	0.328	0.918	6000.0
575	10.377	59.321	4.833	43.498	0.35	0.884	6000.0
576	10.995	61.713	4.37	43.244	0.39	0.9	6000.0
577	11.977	67.323	5.728	49.336	0.432	0.856	6000.0
578	9.727	54.558	4.179	38.027	0.349	0.931	6000.0
579	8.925	49.924	3.852	34.267	0.307	0.933	6000.0
580	10.362	57.517	5.144	45.22	0.318	0.881	6000.0
581	8.118	45.861	3.712	33.584	0.294	0.924	6000.0
582	9.193	51.641	4.121	37.421	0.292	0.927	6000.0
583	9.716	53.805	4.692	41.652	0.315	0.9	6000.0
584	10.222	57.767	4.769	41.493	0.329	0.905	6000.0
585	11.069	61.772	5.212	47.363	0.353	0.886	6000.0
586	9.013	50.179	4.006	35.367	0.311	0.932	6000.0
587	10.106	56.267	4.558	40.217	0.372	0.91	6000.0
588	8.38	46.756	3.682	33.668	0.288	0.936	6000.0
589	9.186	50.947	3.962	35.315	0.31	0.935	6000.0
590	9.368	52.821	4.311	38.343	0.331	0.926	6000.0
591	9.39	52.735	4.635	39.369	0.333	0.907	6000.0
592	10.263	58.761	4.569	40.751	0.377	0.898	6000.0
593	8.424	46.871	3.486	30.625	0.321	0.952	6000.0
594	10.766	60.122	4.626	44.126	0.411	0.898	6000.0
595	7.366	41.952	3.203	28.763	0.247	0.944	6000.0
596	8.643	48.352	4.033	36.368	0.309	0.93	6000.0
597	8.633	48.4	4.231	37.868	0.309	0.929	6000.0
598	8.753	49.992	3.726	35.769	0.31	0.924	6000.0
599	8.779	49.04	3.739	35.957	0.293	0.922	6000.0
600	10.599	59.714	4.674	41.985	0.381	0.906	6000.0
601	9.746	54.085	4.209	38.592	0.349	0.921	6000.0
602	9.903	56.285	4.66	39.61	0.349	0.905	6000.0
603	10.475	58.828	4.838	42.342	0.362	0.89	6000.0
604	9.447	53.193	4.131	38.731	0.33	0.918	6000.0
605	9.879	55.509	4.455	38.913	0.328	0.918	6000.0
606	9.417	52.083	4.238	39.162	0.304	0.928	6000.0
607	8.483	47.602	3.609	34.858	0.32	0.934	6000.0
608	10.022	57.035	4.376	40.22	0.335	0.894	6000.0
609	8.114	45.155	3.884	33.166	0.254	0.942	6000.0
610	8.18	46.615	3.761	33.309	0.307	0.939	6000.0
611	8.174	46.577	3.68	33.967	0.274	0.937	6000.0
612	9.537	53.893	4.361	40.415	0.317	0.914	6000.0
613	8.651	47.742	3.89	34.641	0.289	0.932	6000.0
614	8.516	47.322	3.694	34.551	0.313	0.94	6000.0
615	10.097	57.119	4.989	43.964	0.342	0.888	6000.0
616	9.698	53.995	4.498	39.233	0.341	0.915	6000.0
617	10.08	57.11	4.689	40.936	0.357	0.898	6000.0
618	9.986	55.641	4.541	40.349	0.33	0.926	6000.0
619	8.712	48.654	3.588	32.36	0.335	0.939	6000.0
620	8.013	44.796	3.406	31.743	0.253	0.953	6000.0
621	8.709	48.806	3.64	34.016	0.3	0.94	6000.0
622	9.008	50.377	4.028	36.6	0.306	0.937	6000.0
623	8.238	45.618	3.73	34.162	0.29	0.935	6000.0
624	9.403	52.292	3.993	35.291	0.346	0.938	6000.0
625	10.691	59.706	4.759	42.451	0.365	0.889	6000.0
626	8.92	49.758	3.788	36.467	0.305	0.93	6000.0
627	10.634	59.61	4.587	43.015	0.355	0.893	6000.0
628	11.297	64.427	5.234	46.892	0.407	0.879	6000.0
629	9.907	55.605	4.792	40.836	0.34	0.911	6000.0
630	8.619	48.538	3.841	36.77	0.311	0.92	6000.0
631	8.872	49.998	3.923	35.521	0.275	0.937	6000.0
632	7.924	44.127	3.439	31.263	0.28	0.95	6000.0
633	8.273	46.777	3.709	32.377	0.286	0.933	6000.0
634	10.151	56.565	5.066	44.425	0.316	0.905	6000.0
635	9.36	52.45	4.132	37.979	0.311	0.905	6000.0
636	8.321	46.112	3.902	32.942	0.279	0.945	6000.0
637	8.676	48.064	3.844	35.26	0.283	0.939	6000.0
638	9.265	51.905	4.208	36.42	0.285	0.936	6000.0
639	8.632	48.87	3.582	33.636	0.298	0.934	6000.0
640	10.579	59.63	4.627	42.504	0.363	0.906	6000.0
641	8.67	49.226	4.111	34.376	0.296	0.94	6000.0
642	9.17	51.43	4.294	36.565	0.325	0.934	6000.0
643	8.594	48.113	4.064	35.275	0.27	0.926	6000.0
644	8.916	50.9	4.012	36.894	0.325	0.912	6000.0
645	9.818	54.689	4.703	40.512	0.336	0.912	6000.0
646	9.664	54.151	4.693	42.103	0.293	0.903	6000.0
647	7.725	43.344	3.49	31.044	0.239	0.943	6000.0
648	10.015	56.273	4.666	39.922	0.364	0.897	6000.0
649	9.269	52.039	4.18	36.668	0.358	0.905	6000.0
650	8.718	49.74	3.843	34.786	0.308	0.929	6000.0
651	10.351	57.299	4.487	40.395	0.346	0.911	6000.0
652	8.966	50.404	3.657	34.28	0.327	0.936	6000.0
653	9.981	57.006	4.407	41.692	0.343	0.898	6000.0
654	9.896	55.627	4.187	38.853	0.359	0.904	6000.0
655	7.533	42.285	3.36	31.162	0.277	0.946	6000.0
656	8.753	49.233	4.053	35.998	0.303	0.927	6000.0
657	9.583	53.952	4.34	37.234	0.369	0.928	6000.0
658	9.217	51.618	4.128	37.421	0.33	0.921	6000.0
659	8.047	45.219	3.65	31.344	0.241	0.942	6000.0
660	9.204	51.49	4.092	39.862	0.295	0.914	6000.0
661	9.413	53.162	4.272	39.06	0.307	0.917	6000.0
662	7.889	45.324	3.499	31.399	0.294	0.929	6000.0
663	9.58	53.125	4.012	36.861	0.356	0.927	6000.0
664	9.003	50.908	3.926	37.375	0.335	0.907	6000.0
665	9.303	52.266	3.856	36.201	0.328	0.924	6000.0
666	8.098	45.374	3.475	31.025	0.305	0.948	6000.0
667	9.893	55.813	4.903	43.093	0.323	0.893	6000.0
668	9.737	55.345	4.378	40.698	0.364	0.897	6000.0
669	8.518	48.625	4.018	35.07	0.293	0.927	6000.0
670	8.5	47.294	3.805	33.958	0.281	0.94	6000.0
671	9.285	52.186	4.015	38.88	0.363	0.909	6000.0
672	7.953	44.89	3.282	30.624	0.28	0.952	6000.0
673	8.321	47.883	3.848	33.715	0.262	0.946	6000.0
674	8.356	47.983	3.848	34.026	0.287	0.932	6000.0
675	11.338	64.044	5.481	47.424	0.411	0.88	6000.0
676	10.789	59.882	4.961	44.634	0.408	0.895	6000.0
677	9.143	52.032	3.997	36.338	0.32	0.928	6000.0
678	9.843	54.641	4.475	39.312	0.347	0.935	6000.0
679	10.352	57.343	4.773	42.423	0.332	0.902	6000.0
680	8.953	49.958	4.194	36.761	0.253	0.928	6000.0
681	10.728	59.134	4.78	42.893	0.374	0.905	6000.0
682	10.367	58.912	4.561	40.836	0.383	0.907	6000.0
683	10.953	62.059	4.924	46.66	0.374	0.876	6000.0
684	9.793	55.106	4.346	40.858	0.327	0.908	6000.0
685	8.649	48.844	3.866	35.453	0.286	0.934	6000.0
686	9.355	52.507	4.363	40.006	0.311	0.917	6000.0
687	8.963	51.043	4.083	37.842	0.291	0.918	6000.0
688	9.504	54.074	4.322	38.944	0.347	0.904	6000.0
689	8.554	48.654	3.853	34.729	0.282	0.936	6000.0
690	8.431	47.038	3.599	34.01	0.309	0.937	6000.0
691	8.324	46.188	3.775	32.326	0.277	0.943	6000.0
692	7.926	45.151	3.426	31.498	0.254	0.942	6000.0
693	9.429	52.852	4.156	38.883	0.331	0.916	6000.0
694	9.306	52.351	4.007	38.055	0.32	0.913	6000.0
695	8.653	48.729	3.838	33.718	0.291	0.947	6000.0
696	8.122	45.565	3.749	32.874	0.271	0.944	6000.0
697	9.272	52.951	4.251	38.291	0.317	0.93	6000.0
698	7.937	44.263	3.343	31.031	0.292	0.951	6000.0
699	9.661	55.306	4.5	40.4	0.319	0.904	6000.0
700	9.838	55.111	4.392	38.93	0.328	0.922	6000.0
701	8.369	47.434	3.874	34.417	0.296	0.932	6000.0
702	10.132	56.341	4.311	39.776	0.356	0.912	6000.0
703	8.571	48.962	3.802	33.362	0.334	0.939	6000.0
704	11.538	64.812	5.468	45.245	0.473	0.87	6000.0
705	7.977	44.296	3.744	34.868	0.263	0.936	6000.0
706	7.64	43.476	3.22	30.68	0.256	0.943	6000.0
707	9.219	50.834	4.209	37.385	0.294	0.923	6000.0
708	7.34	40.527	3.355	29.92	0.259	0.943	6000.0
709	9.334	52.727	4.4	39.607	0.303	0.916	6000.0
710	10.166	57.36	4.642	40.707	0.366	0.902	6000.0
711	10.239	57.229	4.765	42.471	0.343	0.899	6000.0
712	10.507	59.579	4.687	42.113	0.371	0.909	6000.0
713	10.276	58.427	4.53	43.203	0.39	0.89	6000.0
714	8.785	48.644	3.85	35.647	0.31	0.931	6000.0
715	10.372	57.69	4.743	41.035	0.36	0.89	6000.0
716	8.484	47.614	3.807	34.925	0.299	0.933	6000.0
717	8.479	48.541	4.017	36.84	0.29	0.913	6000.0
718	8.861	48.858	4.137	34.768	0.305	0.929	6000.0
719	9.162	50.912	4.27	39.097	0.332	0.917	6000.0
720	9.085	51.548	4.269	39.42	0.368	0.896	6000.0
721	9.253	52.429	4.33	38.589	0.308	0.926	6000.0
722	8.906	49.824	4.153	35.1	0.326	0.922	6000.0
723	10.069	56.814	4.589	40.86	0.33	0.909	6000.0
724	9.768	54.541	4.351	37.137	0.321	0.921	6000.0
725	9.174	51.353	4.004	37.645	0.306	0.924	6000.0
726	9.906	54.576	4.479	39.764	0.336	0.898	6000.0
727	9.763	54.897	4.002	38.661	0.368	0.916	6000.0
728	10.627	59.297	4.968	46.21	0.361	0.9	6000.0
729	9.84	55.724	4.454	40.355	0.356	0.912	6000.0
730	9.19	52.105	4.077	35.861	0.327	0.926	6000.0
731	10.087	55.977	4.08	40.864	0.359	0.913	6000.0
732	9.94	55.663	4.406	39.903	0.369	0.907	6000.0
733	9.352	51.102	4.125	36.44	0.336	0.913	6000.0
734	7.925	44.141	3.696	32.749	0.282	0.947	6000.0
735	10.063	56.64	4.637	41.728	0.335	0.914	6000.0
736	8.935	50.447	4.034	36.653	0.311	0.935	6000.0
737	9.361	52.043	4.317	38.425	0.305	0.911	6000.0
738	9.759	55.007	4.139	39.769	0.393	0.904	6000.0
739	10.507	59.409	4.872	42.637	0.372	0.893	6000.0
740	9.055	50.537	4.018	36.15	0.315	0.922	6000.0
741	9.032	50.973	4.071	37.466	0.329	0.916	6000.0
742	10.348	57.964	4.709	40.535	0.346	0.897	6000.0
743	9.909	55.213	4.257	40.939	0.348	0.922	6000.0
744	9.499	53.343	4.018	40.364	0.333	0.915	6000.0
745	10.672	60.329	5.088	43.865	0.339	0.89	6000.0
746	8.981	50.886	4.102	37.153	0.306	0.913	6000.0
747	9.821	55.967	4.615	39.219	0.401	0.909	6000.0
748	8.432	47.341	3.632	30.345	0.292	0.955	6000.0
749	9.427	52.674	4.466	38.929	0.344	0.908	6000.0
750	10.953	60.837	5.003	44.516	0.373	0.894	6000.0
751	8.014	45.236	3.948	32.708	0.239	0.936	6000.0
752	9.628	54.135	4.486	38.259	0.315	0.902	6000.0
753	9.954	56.636	4.522	40.596	0.349	0.923	6000.0
754	10.388	58.657	4.459	41.646	0.341	0.898	6000.0
755	8.375	46.95	3.796	36.093	0.3	0.939	6000.0
756	9.214	51.957	4.262	40.898	0.316	0.899	6000.0
757	8.533	48.696	3.479	32.974	0.31	0.933	6000.0
758	9.166	51.781	4.244	40.344	0.297	0.92	6000.0
759	10.003	56.012	3.935	40.548	0.38	0.897	6000.0
760	8.706	49.198	3.857	34.319	0.27	0.936	6000.0
761	9.099	50.482	3.945	39.642	0.301	0.91	6000.0
762	8.923	49.985	4.151	34.579	0.257	0.95	6000.0
763	9.331	52.529	3.915	37.189	0.322	0.915	6000.0
764	9.372	52.514	4.426	38.341	0.326	0.92	6000.0
765	7.869	45.13	3.477	31.292	0.285	0.946	6000.0
766	9.542	53.057	4.317	38.75	0.324	0.919	6000.0
767	8.16	46.275	3.731	33.644	0.283	0.933	6000.0
768	7.997	43.762	3.688	30.844	0.289	0.945	6000.0
769	10.334	57.798	4.461	40.655	0.368	0.905	6000.0
770	8.525	48.378	4.114	36.737	0.315	0.915	6000.0
771	8.391	47.491	4.056	36.205	0.263	0.917	6000.0
772	9.81	55.278	4.697	42.755	0.327	0.901	6000.0
773	9.152	51.304	4.17	36.148	0.292	0.943	6000.0
774	8.68	48.972	4.171	35.002	0.304	0.938	6000.0
775	9.945	56.813	4.842	43.058	0.327	0.897	6000.0
776	10.507	59.933	4.853	42.839	0.399	0.902	6000.0
777	8.186	46.223	3.688	33.299	0.306	0.941	6000.0
778	8.995	50.156	3.883	35.792	0.328	0.934	6000.0
779	8.018	45.341	3.558	31.331	0.295	0.942	6000.0
780	9.295	52.186	4.367	37.932	0.312	0.923	6000.0
781	9.851	54.79	4.53	39.294	0.32	0.912	6000.0
782	8.394	48.094	3.805	34.818	0.296	0.931	6000.0
783	10.479	59.384	4.382	40.565	0.406	0.906	6000.0
784	9.153	51.76	4.302	36.125	0.281	0.918	6000.0
785	7.561	42.614	3.399	30.919	0.236	0.957	6000.0
786	9.699	54.174	4.037	39.387	0.315	0.911	6000.0
787	10.189	56.684	4.697	43.318	0.325	0.898	6000.0
788	10.517	58.826	4.783	42.724	0.376	0.89	6000.0
789	9.635	53.494	4.191	39.774	0.326	0.911	6000.0
790	8.322	46.619	3.627	33.403	0.305	0.941	6000.0
791	8.465	48.491	3.979	36.844	0.25	0.932	6000.0
792	9.715	54.377	4.352	39.444	0.335	0.909	6000.0
793	8.643	48.626	3.851	35.002	0.281	0.94	6000.0
794	10.21	57.356	4.923	41.63	0.364	0.906	6000.0
795	9.403	52.859	4.089	37.533	0.318	0.921	6000.0
796	9.603	53.616	4.678	39.752	0.336	0.903	6000.0
797	9.783	55.254	4.337	39.436	0.371	0.911	6000.0
798	8.928	50.194	3.804	34.971	0.334	0.926	6000.0
799	8.114	45.929	3.893	34.178	0.255	0.93	6000.0
800	11.349	63.609	4.881	45.559	0.421	0.884	6000.0
801	9.345	53.496	4.26	36.866	0.333	0.921	6000.0
802	10.135	58.05	4.934	42.454	0.394	0.88	6000.0
803	9.636	54.279	4.331	37.779	0.361	0.913	6000.0
804	9.574	53.785	3.994	39.037	0.334	0.926	6000.0
805	9.414	52.692	4.258	38.332	0.304	0.927	6000.0
806	8.134	44.8	3.797	34.073	0.251	0.937	6000.0
807	10.59	58.626	4.837	41.943	0.379	0.899	6000.0
808	8.996	49.925	4.115	37.094	0.324	0.917	6000.0
809	8.561	47.358	3.958	35.679	0.262	0.93	6000.0
810	6.851	37.803	3.307	28.145	0.219	0.958	6000.0
811	7.884	43.316	3.745	33.378	0.264	0.942	6000.0
812	9.325	51.856	4.504	39.302	0.305	0.914	6000.0
813	9.223	52.246	4.532	39.699	0.317	0.909	6000.0
814	10.257	58.898	4.926	40.763	0.389	0.899	6000.0
815	9.044	50.565	4.014	36.594	0.291	0.923	6000.0
816	6.689	37.719	3.028	27.426	0.245	0.957	6000.0
817	9.227	52.096	4.104	37.683	0.319	0.916	6000.0
818	8.561	48.061	3.96	34.218	0.277	0.94	6000.0
819	8.262	46.314	3.783	33.446	0.261	0.945	6000.0
820	8.589	47.822	4.127	35.088	0.294	0.923	6000.0
821	8.758	49.306	4.052	36.558	0.249	0.922	6000.0
822	9.875	55.293	4.662	40.674	0.357	0.903	6000.0
823	8.155	46.446	3.82	32.328	0.296	0.928	6000.0
824	10.91	61.15	4.645	43.213	0.381	0.889	6000.0
825	8.198	46.406	3.639	33.513	0.284	0.936	6000.0
826	10.62	58.197	4.887	43.014	0.409	0.89	6000.0
827	8.221	46.162	3.891	36.027	0.294	0.93	6000.0
828	10.362	58.075	4.415	41.434	0.381	0.908	6000.0
829	7.277	40.449	3.491	29.473	0.223	0.952	6000.0
830	10.593	58.682	4.582	42.32	0.425	0.889	6000.0
831	9.213	52.171	4.351	39.918	0.318	0.911	6000.0
832	7.82	44.358	3.539	31.796	0.265	0.954	6000.0
833	8.811	50.071	4.311	36.838	0.297	0.93	6000.0
834	10.565	60.149	4.621	45.329	0.427	0.877	6000.0
835	9.859	55.41	4.392	38.945	0.347	0.918	6000.0
836	9.604	53.382	4.259	39.991	0.354	0.905	6000.0
837	10.185	57.261	4.539	42.028	0.322	0.91	6000.0
838	9.325	52.897	4.508	39.874	0.296	0.912	6000.0
839	9.671	54.234	3.998	38.738	0.359	0.92	6000.0
840	8.379	47.54	4.125	36.917	0.281	0.914	6000.0
841	10.149	57.665	4.879	43.378	0.336	0.894	6000.0
842	8.844	49.026	4.503	37.606	0.284	0.93	6000.0
843	8.767	49.969	4.088	37.575	0.336	0.908	6000.0
844	10.014	56.579	4.376	41.612	0.347	0.9	6000.0
845	9.875	56.467	4.78	41.561	0.345	0.898	6000.0
846	9.663	54.578	4.328	39.979	0.337	0.91	6000.0
847	8.887	49.887	3.821	34.482	0.3	0.935	6000.0
848	9.046	50.33	4.292	38.727	0.296	0.917	6000.0
849	9.393	52.741	4.077	38.675	0.311	0.918	6000.0
850	9.076	50.714	4.051	38.221	0.329	0.92	6000.0
851	11.008	62.128	5.185	47.361	0.381	0.872	6000.0
852	9.365	53.098	4.402	39.068	0.337	0.906	6000.0
853	7.667	43.084	3.288	28.229	0.28	0.964	6000.0
854	10.043	55.784	4.987	43.17	0.333	0.889	6000.0
855	9.042	50.675	4.136	37.234	0.307	0.904	6000.0
856	8.114	45.669	3.366	30.968	0.329	0.941	6000.0
857	8.362	46.899	4.076	35.432	0.25	0.93	6000.0
858	11.557	64.296	5.224	45.44	0.426	0.874	6000.0
859	8.534	48.829	4.06	34.171	0.275	0.934	6000.0
860	8.85	48.596	3.746	32.799	0.321	0.948	6000.0
861	6.772	37.747	3.126	27.574	0.235	0.95	6000.0
862	10.643	59.578	4.997	43.298	0.345	0.893	6000.0
863	6.938	38.553	3.039	27.25	0.236	0.965	6000.0
864	8.152	45.99	3.929	35.24	0.286	0.93	6000.0
865	9.82	55.709	4.908	42.48	0.381	0.875	6000.0
866	8.25	46.503	3.624	32.74	0.282	0.941	6000.0
867	10.76	59.454	4.814	44.979	0.376	0.89	6000.0
868	7.181	40.237	3.127	29.245	0.245	0.958	6000.0
869	8.381	47.385	3.742	35.03	0.275	0.935	6000.0
870	9.059	50.418	3.769	34.533	0.352	0.935	6000.0
871	7.937	45.199	3.289	28.507	0.29	0.957	6000.0
872	9.574	54.186	4.911	40.336	0.305	0.897	6000.0
873	8.485	47.717	4.044	34.866	0.277	0.934	6000.0
874	8.413	47.694	3.469	31.753	0.286	0.952	6000.0
875	10.64	59.354	4.705	44.477	0.375	0.886	6000.0
876	8.937	49.39	3.867	36.156	0.317	0.92	6000.0
877	10.274	56.713	4.267	40.717	0.364	0.911	6000.0
878	7.683	43.139	3.486	31.847	0.255	0.938	6000.0
879	8.12	46.228	3.817	33.374	0.289	0.925	6000.0
880	7.25	41.504	3.241	31.004	0.273	0.948	6000.0
881	9.437	53.038	4.602	41.235	0.296	0.914	6000.0
882	9.774	54.025	4.558	38.962	0.302	0.908	6000.0
883	9.214	52.122	4.113	38.934	0.308	0.919	6000.0
884	10.273	58.156	4.971	43.073	0.371	0.893	6000.0
885	8.455	47.712	3.996	36.571	0.246	0.924	6000.0
886	8.679	48.251	4.182	37.0	0.265	0.926	6000.0
887	9.615	53.209	4.538	38.804	0.307	0.93	6000.0
888	7.765	43.579	3.34	30.386	0.255	0.956	6000.0
889	9.524	53.131	4.293	38.661	0.311	0.919	6000.0
890	9.443	53.137	4.128	38.629	0.328	0.914	6000.0
891	10.254	57.703	4.348	39.284	0.384	0.904	6000.0
892	8.576	47.938	3.824	36.065	0.294	0.931	6000.0
893	9.822	55.45	4.099	39.982	0.378	0.909	6000.0
894	10.855	61.176	5.003	44.165	0.445	0.886	6000.0
895	7.458	41.87	3.044	28.529	0.277	0.954	6000.0
896	8.362	46.576	4.036	34.379	0.285	0.931	6000.0
897	9.517	53.172	4.657	41.033	0.332	0.91	6000.0
898	9.683	54.32	4.514	41.65	0.308	0.897	6000.0
899	9.261	50.834	4.369	37.164	0.283	0.923	6000.0
900	10.333	56.989	4.662	42.197	0.336	0.904	6000.0
901	9.04	50.366	4.339	37.4	0.276	0.916	6000.0
902	8.727	49.056	3.854	37.021	0.305	0.922	6000.0
903	9.663	54.19	4.242	39.274	0.334	0.903	6000.0
904	9.394	52.89	4.167	38.821	0.312	0.919	6000.0
905	9.719	54.196	4.622	40.679	0.349	0.909	6000.0
906	9.367	52.484	4.546	40.406	0.304	0.913	6000.0
907	9.04	49.671	4.149	36.03	0.325	0.927	6000.0
908	9.115	50.002	4.295	36.356	0.306	0.92	6000.0
909	10.275	57.518	4.599	41.387	0.347	0.898	6000.0
910	8.828	48.953	4.094	35.423	0.302	0.93	6000.0
911	8.676	49.36	4.223	36.468	0.331	0.913	6000.0
912	9.772	54.429	4.302	40.132	0.345	0.911	6000.0
913	8.977	51.043	4.091	37.416	0.315	0.931	6000.0
914	9.523	53.737	4.587	40.224	0.348	0.905	6000.0
915	8.88	49.242	4.24	36.907	0.308	0.932	6000.0
916	10.491	59.121	4.635	42.44	0.373	0.903	6000.0
917	9.813	54.93	4.51	40.507	0.33	0.912	6000.0
918	9.798	55.255	4.318	38.578	0.347	0.919	6000.0
919	9.365	52.682	3.919	37.295	0.343	0.931	6000.0
920	9.515	53.326	4.132	38.51	0.337	0.91	6000.0
921	9.328	52.343	4.502	37.525	0.336	0.911	6000.0
922	8.425	46.948	3.778	35.983	0.288	0.932	6000.0
923	9.864	55.135	4.394	41.492	0.36	0.896	6000.0
924	10.504	58.678	4.927	44.486	0.317	0.902	6000.0
925	8.627	48.876	3.89	34.221	0.337	0.939	6000.0
926	10.566	59.334	4.735	42.766	0.342	0.894	6000.0
927	8.096	45.476	3.715	32.021	0.268	0.953	6000.0
928	9.357	53.842	4.435	36.785	0.343	0.905	6000.0
929	8.565	48.215	3.656	32.124	0.335	0.931	6000.0
930	10.406	58.175	4.538	42.477	0.385	0.894	6000.0
931	10.353	58.299	4.982	42.813	0.368	0.892	6000.0
932	9.508	54.175	4.588	41.868	0.323	0.91	6000.0
933	8.648	49.032	4.05	35.694	0.288	0.922	6000.0
934	9.297	52.158	4.304	37.849	0.325	0.916	6000.0
935	10.183	57.272	4.58	41.783	0.355	0.913	6000.0
936	10.941	60.517	4.886	42.522	0.379	0.902	6000.0
937	10.378	58.084	4.5	41.48	0.354	0.907	6000.0
938	8.549	47.652	3.617	33.328	0.303	0.942	6000.0
939	9.339	52.431	4.201	38.677	0.321	0.912	6000.0
940	8.88	49.789	4.205	37.477	0.294	0.934	6000.0
941	9.437	53.07	4.276	36.312	0.34	0.91	6000.0
942	8.812	48.878	3.835	33.657	0.311	0.946	6000.0
943	8.492	47.354	3.666	33.39	0.289	0.942	6000.0
944	9.493	53.249	4.549	39.941	0.361	0.904	6000.0
945	7.364	41.525	3.024	28.557	0.267	0.948	6000.0
946	10.418	57.755	4.867	42.182	0.352	0.9	6000.0
947	10.523	59.872	4.754	43.465	0.405	0.885	6000.0
948	8.914	49.947	3.816	34.956	0.305	0.93	6000.0
949	8.94	50.23	4.271	35.614	0.285	0.931	6000.0
950	7.322	41.31	3.429	30.262	0.245	0.949	6000.0
951	9.388	52.734	4.287	39.116	0.327	0.918	6000.0
952	10.126	56.708	4.561	41.689	0.329	0.912	6000.0
953	9.847	56.088	4.27	40.631	0.352	0.899	6000.0
954	9.472	53.194	4.194	38.365	0.331	0.923	6000.0
955	9.184	52.46	4.438	38.683	0.275	0.922	6000.0
956	11.018	62.312	4.86	43.433	0.408	0.879	6000.0
957	9.974	56.734	4.738	38.533	0.415	0.895	6000.0
958	9.493	53.431	4.193	39.526	0.328	0.92	6000.0
959	9.079	51.018	4.079	38.137	0.317	0.919	6000.0
960	9.986	55.659	4.462	41.37	0.327	0.91	6000.0
961	8.13	44.957	3.691	33.265	0.304	0.939	6000.0
962	11.812	67.141	5.299	48.081	0.45	0.866	6000.0
963	9.888	55.618	4.679	41.344	0.347	0.898	6000.0
964	9.385	53.028	4.19	37.192	0.31	0.93	6000.0
965	8.551	47.982	3.814	34.032	0.313	0.935	6000.0
966	9.682	54.002	4.052	38.127	0.36	0.923	6000.0
967	9.271	52.34	3.968	37.438	0.336	0.919	6000.0
968	8.407	46.917	3.584	32.701	0.294	0.94	6000.0
969	9.373	53.42	4.283	40.902	0.322	0.912	6000.0
970	10.764	60.719	4.82	45.654	0.403	0.879	6000.0
971	9.995	55.407	4.584	41.084	0.322	0.903	6000.0
972	9.322	52.535	4.357	41.509	0.312	0.915	6000.0
973	11.065	62.155	5.207	47.429	0.369	0.873	6000.0
974	9.743	54.207	4.628	41.36	0.285	0.91	6000.0
975	9.48	52.937	4.386	38.393	0.32	0.913	6000.0
976	9.848	56.242	4.364	38.244	0.357	0.916	6000.0
977	8.935	50.35	4.005	36.534	0.304	0.926	6000.0
978	10.302	58.14	5.001	43.972	0.328	0.905	6000.0
979	7.896	44.916	4.123	34.218	0.252	0.926	6000.0
980	9.026	50.237	4.203	35.959	0.297	0.926	6000.0
981	10.921	61.026	4.947	43.049	0.405	0.892	6000.0
982	8.912	50.365	3.904	36.195	0.321	0.921	6000.0
983	10.358	58.111	4.768	43.761	0.373	0.89	6000.0
984	9.352	52.169	4.067	38.534	0.318	0.91	6000.0
985	8.446	47.221	4.16	36.76	0.292	0.92	6000.0
986	10.402	58.004	4.645	42.408	0.35	0.909	6000.0
987	10.274	58.479	4.8	40.948	0.375	0.91	6000.0
988	10.415	58.443	4.827	44.508	0.35	0.887	6000.0
989	8.281	46.832	3.851	35.444	0.282	0.926	6000.0
990	9.147	51.933	4.139	38.004	0.342	0.904	6000.0
991	8.878	50.203	4.469	39.633	0.267	0.912	6000.0
992	8.593	47.708	3.835	33.348	0.291	0.94	6000.0
993	10.763	59.848	4.93	43.998	0.376	0.884	6000.0
994	7.764	42.828	3.502	31.001	0.295	0.944	6000.0
995	9.722	54.203	4.14	37.622	0.351	0.916	6000.0
996	10.046	55.771	4.764	42.512	0.357	0.897	6000.0
997	8.411	46.761	3.66	32.103	0.306	0.954	6000.0
998	9.325	51.896	4.01	37.086	0.335	0.931	6000.0
999	9.165	51.083	4.03	35.206	0.329	0.935	6000.0
1000	9.763	55.06	4.43	38.182	0.37	0.901	6000.0
