NMF_Replicate	L1	L1 %	L2	L2 %	KL Divergence	Correlation	Convergence Iterations
1	1.326	4.528	0.605	4.811	0.01	0.999	6000.0
2	1.384	4.733	0.639	4.95	0.007	0.998	7000.0
3	1.446	4.97	0.64	5.3	0.003	0.998	6000.0
4	1.967	6.705	0.855	6.595	0.012	0.997	6000.0
5	1.43	4.862	0.64	5.207	0.005	0.998	8000.0
6	2.413	8.265	1.053	8.172	0.011	0.995	6000.0
7	1.468	5.008	0.693	5.735	0.004	0.998	6000.0
8	1.779	6.049	0.788	6.248	0.011	0.997	6000.0
9	2.05	6.981	0.868	6.928	0.007	0.996	6000.0
10	2.19	7.529	1.006	7.491	0.014	0.996	6000.0
11	2.557	8.734	1.258	10.378	0.016	0.99	6000.0
12	2.084	7.127	1.03	8.604	0.012	0.993	6000.0
13	2.187	7.527	0.913	7.384	0.008	0.996	13000.0
14	2.243	7.681	1.082	8.526	0.007	0.995	6000.0
15	2.14	7.315	0.987	7.644	0.006	0.996	7000.0
16	1.686	5.718	0.793	6.126	0.006	0.998	6000.0
17	2.004	6.851	0.858	6.913	0.006	0.997	6000.0
18	2.268	7.764	1.018	8.213	0.016	0.994	6000.0
19	3.449	11.865	1.576	12.573	0.026	0.989	6000.0
20	1.388	4.726	0.558	4.302	0.005	0.998	6000.0
21	2.539	8.655	1.032	8.044	0.013	0.996	6000.0
22	2.549	8.684	1.092	8.621	0.011	0.995	6000.0
23	3.012	10.316	1.344	10.66	0.011	0.993	6000.0
24	1.93	6.654	0.815	6.881	0.009	0.996	6000.0
25	2.705	9.27	1.185	10.112	0.011	0.99	6000.0
26	1.615	5.519	0.883	6.862	0.008	0.996	15000.0
27	1.837	6.176	0.836	6.184	0.008	0.996	7000.0
28	2.499	8.505	1.134	8.738	0.009	0.995	6000.0
29	1.696	5.84	0.757	5.937	0.009	0.997	7000.0
30	1.999	6.849	0.867	6.956	0.018	0.995	6000.0
31	1.799	6.162	0.771	6.181	0.005	0.997	7000.0
32	1.599	5.491	0.724	5.789	0.009	0.997	7000.0
33	3.563	12.282	1.473	11.782	0.026	0.991	6000.0
34	1.589	5.438	0.744	6.052	0.007	0.997	6000.0
35	3.134	10.794	1.505	12.632	0.024	0.986	7000.0
36	1.787	6.089	0.816	6.281	0.01	0.997	9000.0
37	2.286	7.688	0.99	8.063	0.018	0.992	6000.0
38	1.188	4.081	0.544	4.388	0.007	0.999	16000.0
39	1.562	5.347	0.713	5.987	0.007	0.996	6000.0
40	1.067	3.604	0.47	3.621	0.004	0.999	6000.0
41	2.695	9.241	1.397	11.38	0.011	0.991	7000.0
42	2.53	8.698	1.181	9.402	0.014	0.993	6000.0
43	2.167	7.442	0.915	7.228	0.012	0.997	6000.0
44	2.538	8.736	1.206	9.526	0.015	0.992	6000.0
45	1.496	5.158	0.68	5.283	0.009	0.998	6000.0
46	1.975	6.791	0.849	6.562	0.007	0.997	9000.0
47	3.095	10.64	1.35	10.998	0.016	0.989	6000.0
48	2.62	8.936	1.156	8.728	0.014	0.995	8000.0
49	1.51	5.174	0.706	5.718	0.004	0.997	6000.0
50	2.355	8.148	1.074	8.612	0.01	0.994	6000.0
51	1.732	5.923	0.781	6.233	0.013	0.996	8000.0
52	2.717	9.318	1.156	9.532	0.015	0.993	6000.0
53	2.706	9.323	1.323	10.985	0.015	0.991	6000.0
54	1.301	4.467	0.616	5.083	0.003	0.998	6000.0
55	1.147	3.9	0.584	4.787	0.002	0.998	10000.0
56	2.146	7.36	0.976	7.874	0.01	0.996	6000.0
57	1.628	5.558	0.746	5.598	0.008	0.997	6000.0
58	1.533	5.24	0.67	5.338	0.006	0.998	11000.0
59	2.473	8.496	1.078	8.509	0.012	0.994	10000.0
60	1.597	5.491	0.763	6.225	0.009	0.997	22000.0
61	2.886	9.862	1.33	10.42	0.016	0.993	6000.0
62	1.279	4.417	0.551	4.6	0.004	0.999	6000.0
63	2.933	10.057	1.263	10.205	0.017	0.994	6000.0
64	2.615	8.906	1.13	9.258	0.015	0.993	7000.0
65	2.789	9.586	1.23	9.789	0.018	0.993	6000.0
66	2.08	7.025	0.976	7.37	0.01	0.994	7000.0
67	1.913	6.58	0.81	6.493	0.005	0.997	6000.0
68	1.791	6.113	0.898	7.461	0.005	0.995	8000.0
69	1.456	4.985	0.653	5.322	0.005	0.998	9000.0
70	1.199	4.061	0.545	4.135	0.004	0.999	6000.0
71	1.505	5.145	0.678	5.626	0.004	0.997	8000.0
72	2.194	7.446	0.895	7.292	0.008	0.996	7000.0
73	1.072	3.678	0.502	3.911	0.004	0.999	16000.0
74	2.632	9.065	1.179	9.527	0.011	0.995	10000.0
75	3.186	10.907	1.491	12.081	0.023	0.987	6000.0
76	2.497	8.565	1.031	8.173	0.013	0.996	6000.0
77	2.035	7.016	0.891	7.049	0.012	0.997	8000.0
78	2.464	8.424	1.232	10.052	0.02	0.991	7000.0
79	1.764	6.057	0.762	6.404	0.009	0.997	7000.0
80	2.783	9.573	1.221	10.122	0.016	0.992	7000.0
81	2.802	9.655	1.177	9.667	0.013	0.995	6000.0
82	1.803	6.14	0.777	6.195	0.009	0.997	6000.0
83	1.424	4.938	0.737	5.673	0.01	0.996	6000.0
84	2.828	9.673	1.297	10.011	0.022	0.993	6000.0
85	1.223	4.214	0.539	4.31	0.004	0.999	6000.0
86	2.047	6.985	0.945	7.472	0.011	0.996	6000.0
87	1.92	6.563	0.857	7.075	0.006	0.996	6000.0
88	1.671	5.75	0.748	6.329	0.005	0.997	10000.0
89	2.613	9.003	1.233	10.155	0.014	0.993	9000.0
90	1.577	5.372	0.703	5.715	0.004	0.997	11000.0
91	1.806	6.218	0.812	6.39	0.007	0.997	6000.0
92	1.115	3.829	0.575	4.595	0.002	0.998	10000.0
93	1.291	4.436	0.583	4.836	0.005	0.998	6000.0
94	1.35	4.616	0.567	4.639	0.004	0.998	7000.0
95	1.995	6.805	0.913	7.087	0.01	0.996	6000.0
96	1.725	5.927	0.727	6.044	0.006	0.997	6000.0
97	1.335	4.532	0.605	4.627	0.003	0.998	6000.0
98	2.21	7.557	0.966	7.901	0.007	0.995	6000.0
99	2.638	9.059	1.127	9.204	0.014	0.994	17000.0
100	1.544	5.294	0.672	5.498	0.005	0.998	7000.0
101	2.359	8.123	0.994	8.435	0.009	0.994	7000.0
102	2.128	7.29	0.943	7.859	0.007	0.994	6000.0
103	2.854	9.811	1.126	9.24	0.011	0.994	6000.0
104	1.773	6.032	0.743	6.027	0.007	0.997	6000.0
105	1.569	5.354	0.661	5.43	0.003	0.998	6000.0
106	2.355	8.026	0.981	8.012	0.008	0.995	6000.0
107	3.475	11.853	1.483	12.147	0.017	0.99	13000.0
108	1.899	6.46	0.896	7.097	0.012	0.997	9000.0
109	2.516	8.675	1.134	9.025	0.015	0.995	6000.0
110	2.394	8.208	1.05	8.519	0.015	0.995	6000.0
111	2.478	8.537	1.087	8.759	0.013	0.995	6000.0
112	2.338	7.965	1.162	9.454	0.011	0.992	7000.0
113	2.768	9.455	1.268	10.125	0.022	0.993	6000.0
114	2.323	8.0	1.014	8.297	0.013	0.995	6000.0
115	2.298	7.81	1.081	8.17	0.009	0.995	6000.0
116	2.465	8.449	1.088	8.859	0.012	0.993	6000.0
117	1.736	5.954	0.837	6.647	0.014	0.997	6000.0
118	1.64	5.568	0.675	5.588	0.007	0.998	8000.0
119	3.358	11.546	1.477	11.823	0.018	0.991	6000.0
120	1.881	6.434	0.798	6.5	0.006	0.997	9000.0
121	1.348	4.614	0.623	5.186	0.003	0.998	8000.0
122	1.467	5.033	0.704	5.67	0.009	0.998	6000.0
123	1.873	6.445	0.829	6.956	0.005	0.997	7000.0
124	1.588	5.452	0.778	6.062	0.005	0.998	6000.0
125	1.556	5.36	0.666	5.4	0.009	0.998	6000.0
126	2.895	9.935	1.358	10.709	0.014	0.993	6000.0
127	2.344	8.036	1.031	8.036	0.012	0.996	6000.0
128	1.915	6.489	0.877	6.582	0.011	0.996	9000.0
129	1.403	4.81	0.65	5.156	0.005	0.998	6000.0
130	1.626	5.56	0.751	5.935	0.006	0.997	13000.0
131	2.672	9.109	1.223	9.599	0.014	0.993	11000.0
132	1.591	5.502	0.711	5.614	0.009	0.997	6000.0
133	3.279	11.201	1.494	12.201	0.017	0.988	6000.0
134	2.067	7.081	0.931	7.638	0.017	0.995	7000.0
135	2.174	7.33	1.074	8.805	0.009	0.994	6000.0
136	2.437	8.324	1.064	8.453	0.01	0.995	6000.0
137	2.359	8.055	0.958	7.709	0.011	0.996	7000.0
138	2.06	7.082	0.935	7.848	0.013	0.996	6000.0
139	2.404	8.273	1.078	9.075	0.015	0.991	6000.0
140	1.772	6.088	0.872	6.954	0.006	0.996	10000.0
141	1.266	4.323	0.616	4.647	0.004	0.998	15000.0
142	1.95	6.687	0.913	7.382	0.01	0.997	6000.0
143	1.643	5.65	0.688	5.909	0.007	0.997	6000.0
144	1.312	4.494	0.611	4.727	0.008	0.999	10000.0
145	2.393	8.226	1.045	8.449	0.009	0.995	6000.0
146	1.516	5.155	0.663	5.168	0.006	0.998	6000.0
147	2.26	7.766	1.076	8.496	0.011	0.994	6000.0
148	2.444	8.363	1.135	8.784	0.01	0.995	6000.0
149	2.483	8.544	1.038	8.667	0.013	0.994	6000.0
150	3.11	10.702	1.34	10.623	0.018	0.992	6000.0
151	2.435	8.339	1.127	9.452	0.009	0.994	10000.0
152	1.903	6.597	0.872	7.492	0.013	0.995	6000.0
153	0.805	2.773	0.42	3.501	0.001	0.999	8000.0
154	1.202	4.13	0.537	4.386	0.004	0.999	13000.0
155	1.19	4.135	0.544	4.465	0.004	0.998	6000.0
156	1.429	4.857	0.683	5.367	0.008	0.997	6000.0
157	1.423	4.854	0.623	5.052	0.009	0.998	6000.0
158	2.511	8.623	1.084	8.953	0.014	0.995	6000.0
159	3.479	12.003	1.639	13.504	0.021	0.985	9000.0
160	2.407	8.285	0.969	8.257	0.009	0.995	6000.0
161	1.922	6.571	0.82	6.794	0.007	0.996	6000.0
162	1.624	5.548	0.757	5.876	0.006	0.997	7000.0
163	2.135	7.325	0.929	7.513	0.014	0.997	6000.0
164	1.728	5.939	0.705	5.574	0.006	0.998	6000.0
165	2.455	8.377	1.032	8.339	0.015	0.996	8000.0
166	2.153	7.402	1.053	8.833	0.008	0.994	6000.0
167	1.938	6.578	0.869	6.791	0.013	0.996	6000.0
168	1.672	5.734	0.764	6.354	0.005	0.997	6000.0
169	2.996	10.221	1.431	11.011	0.018	0.991	6000.0
170	2.27	7.771	0.97	7.835	0.008	0.996	6000.0
171	1.471	4.986	0.67	5.098	0.008	0.997	6000.0
172	1.074	3.634	0.447	3.759	0.003	0.999	6000.0
173	1.844	6.299	0.957	7.633	0.008	0.996	6000.0
174	1.715	5.839	0.763	6.101	0.007	0.998	6000.0
175	2.222	7.556	1.049	8.626	0.007	0.994	6000.0
176	1.493	5.115	0.641	5.428	0.004	0.997	6000.0
177	1.587	5.43	0.69	5.763	0.008	0.997	10000.0
178	1.645	5.641	0.791	6.352	0.007	0.997	6000.0
179	2.11	7.228	1.022	8.375	0.011	0.995	6000.0
180	2.433	8.372	1.091	8.848	0.013	0.994	6000.0
181	1.572	5.392	0.645	5.14	0.013	0.998	14000.0
182	2.237	7.654	1.08	8.864	0.005	0.995	6000.0
183	1.449	4.922	0.636	4.977	0.008	0.998	6000.0
184	1.581	5.374	0.69	5.369	0.007	0.998	10000.0
185	3.371	11.643	1.519	13.134	0.028	0.985	8000.0
186	2.47	8.378	1.165	8.806	0.01	0.994	6000.0
187	0.742	2.559	0.377	2.963	0.003	0.999	10000.0
188	1.442	4.967	0.693	5.825	0.008	0.997	6000.0
189	1.769	6.064	0.909	7.106	0.007	0.996	10000.0
190	2.414	8.276	1.11	8.539	0.014	0.995	6000.0
191	2.372	8.095	1.101	8.489	0.013	0.995	7000.0
192	1.79	6.191	0.86	7.112	0.009	0.995	6000.0
193	2.042	6.967	0.95	7.191	0.007	0.996	6000.0
194	1.568	5.312	0.712	5.374	0.004	0.998	6000.0
195	2.718	9.268	1.175	9.32	0.015	0.994	6000.0
196	1.34	4.576	0.592	4.905	0.003	0.998	6000.0
197	2.26	7.745	1.075	8.526	0.012	0.995	6000.0
198	0.57	1.942	0.274	2.152	0.001	1.0	6000.0
199	2.489	8.524	1.166	9.283	0.017	0.994	6000.0
200	1.011	3.514	0.471	4.158	0.006	0.998	6000.0
201	1.722	5.861	0.761	6.088	0.007	0.997	14000.0
202	1.878	6.406	0.939	7.468	0.012	0.996	6000.0
203	1.606	5.497	0.706	5.539	0.005	0.998	6000.0
204	1.289	4.416	0.54	4.435	0.004	0.998	13000.0
205	1.65	5.649	0.787	6.473	0.009	0.996	6000.0
206	2.559	8.759	1.122	8.867	0.012	0.995	6000.0
207	1.723	5.949	0.753	5.81	0.007	0.997	8000.0
208	1.24	4.288	0.625	5.319	0.006	0.998	6000.0
209	1.229	4.236	0.571	4.462	0.002	0.998	7000.0
210	1.336	4.571	0.588	5.067	0.003	0.998	12000.0
211	1.813	6.198	0.874	7.068	0.013	0.996	7000.0
212	2.97	10.244	1.66	13.14	0.044	0.977	6000.0
213	2.767	9.503	1.211	9.397	0.01	0.994	6000.0
214	2.048	7.041	0.88	7.397	0.015	0.996	6000.0
215	2.132	7.221	1.036	7.789	0.008	0.995	6000.0
216	1.539	5.301	0.658	5.299	0.007	0.998	6000.0
217	1.817	6.183	0.853	6.732	0.007	0.997	6000.0
218	1.915	6.532	0.863	6.935	0.005	0.996	6000.0
219	2.388	8.202	1.161	9.143	0.018	0.995	6000.0
220	1.853	6.34	0.758	5.847	0.006	0.997	6000.0
221	1.05	3.621	0.454	3.538	0.005	0.999	10000.0
222	2.239	7.653	1.067	8.231	0.013	0.996	11000.0
223	2.057	7.04	0.871	7.305	0.01	0.995	6000.0
224	2.401	8.249	1.044	8.394	0.013	0.995	6000.0
225	2.479	8.514	1.069	8.682	0.016	0.995	6000.0
226	1.763	6.066	0.742	5.725	0.01	0.998	9000.0
227	2.337	8.02	1.145	9.192	0.01	0.993	6000.0
228	1.787	6.14	0.825	6.573	0.005	0.997	6000.0
229	2.02	6.963	0.954	8.058	0.008	0.994	6000.0
230	2.365	8.114	1.15	9.219	0.014	0.991	6000.0
231	2.501	8.568	1.164	8.781	0.015	0.996	9000.0
232	2.661	9.149	1.166	9.481	0.015	0.995	7000.0
233	2.476	8.496	1.036	8.12	0.01	0.995	6000.0
234	1.534	5.218	0.671	5.18	0.005	0.998	6000.0
235	2.334	7.977	0.943	7.513	0.012	0.996	6000.0
236	2.15	7.345	0.908	7.536	0.007	0.996	6000.0
237	3.882	13.358	1.748	13.713	0.016	0.988	6000.0
238	1.668	5.71	0.753	6.083	0.009	0.998	6000.0
239	1.749	6.016	0.769	6.232	0.01	0.998	7000.0
240	2.257	7.731	1.09	8.267	0.015	0.996	6000.0
241	1.648	5.627	0.777	6.253	0.007	0.997	7000.0
242	1.876	6.457	0.892	7.346	0.005	0.995	6000.0
243	3.087	10.558	1.316	10.849	0.014	0.992	10000.0
244	1.906	6.504	0.92	7.1	0.017	0.996	6000.0
245	1.236	4.207	0.558	4.434	0.006	0.999	6000.0
246	2.474	8.488	1.077	8.584	0.009	0.996	6000.0
247	2.154	7.368	1.044	8.701	0.011	0.994	7000.0
248	1.408	4.84	0.694	5.44	0.006	0.998	7000.0
249	1.848	6.345	0.84	7.05	0.009	0.997	6000.0
250	1.805	6.198	0.817	6.505	0.007	0.997	11000.0
251	2.474	8.492	1.145	9.032	0.017	0.995	6000.0
252	1.787	6.151	0.897	7.406	0.01	0.995	11000.0
253	1.749	5.947	0.796	6.15	0.007	0.997	6000.0
254	2.855	9.742	1.331	10.176	0.011	0.992	6000.0
255	2.365	8.158	1.035	8.581	0.008	0.994	6000.0
256	2.796	9.619	1.304	10.443	0.014	0.992	6000.0
257	2.946	9.917	1.301	9.865	0.014	0.992	6000.0
258	2.777	9.493	1.275	10.171	0.013	0.993	7000.0
259	2.128	7.311	0.972	8.261	0.01	0.995	6000.0
260	2.335	7.972	1.001	8.071	0.01	0.996	6000.0
261	2.393	8.23	1.133	8.857	0.01	0.994	6000.0
262	2.072	7.085	0.888	6.723	0.009	0.997	6000.0
263	3.235	10.988	1.389	10.888	0.026	0.992	6000.0
264	1.996	6.836	0.865	6.872	0.011	0.997	6000.0
265	2.03	6.877	0.963	7.258	0.01	0.996	6000.0
266	1.141	3.925	0.537	4.464	0.004	0.998	6000.0
267	1.607	5.49	0.704	5.536	0.006	0.997	8000.0
268	2.258	7.673	1.053	8.359	0.016	0.995	6000.0
269	2.272	7.786	1.063	8.175	0.009	0.996	6000.0
270	1.669	5.752	0.743	6.038	0.01	0.997	8000.0
271	2.304	7.819	1.161	9.201	0.01	0.994	6000.0
272	1.261	4.31	0.579	4.992	0.003	0.998	12000.0
273	1.771	6.078	0.838	6.399	0.009	0.997	9000.0
274	1.329	4.52	0.629	4.919	0.006	0.998	6000.0
275	1.299	4.469	0.579	4.784	0.004	0.999	6000.0
276	1.862	6.385	0.875	6.994	0.004	0.997	6000.0
277	1.917	6.594	0.844	6.932	0.011	0.996	9000.0
278	1.599	5.504	0.698	5.755	0.007	0.998	6000.0
279	1.508	5.112	0.647	5.316	0.005	0.998	10000.0
280	1.754	6.033	0.855	7.237	0.011	0.996	11000.0
281	2.825	9.654	1.264	10.473	0.023	0.99	6000.0
282	1.319	4.536	0.701	5.739	0.006	0.998	11000.0
283	1.816	6.245	0.822	6.542	0.007	0.997	6000.0
284	2.174	7.378	1.007	7.741	0.013	0.995	6000.0
285	2.01	6.826	0.937	7.084	0.011	0.996	6000.0
286	2.848	9.689	1.281	10.557	0.012	0.991	9000.0
287	1.948	6.676	0.854	7.0	0.012	0.997	10000.0
288	1.959	6.728	0.851	6.914	0.008	0.996	6000.0
289	1.512	5.149	0.775	6.314	0.005	0.997	6000.0
290	1.559	5.294	0.691	5.541	0.008	0.998	6000.0
291	1.988	6.778	0.93	7.308	0.008	0.996	6000.0
292	2.425	8.267	1.022	8.043	0.011	0.996	6000.0
293	1.67	5.724	0.802	6.763	0.007	0.997	26000.0
294	2.172	7.463	1.056	8.823	0.012	0.994	6000.0
295	1.94	6.594	0.904	7.538	0.009	0.996	6000.0
296	3.133	10.774	1.376	10.506	0.023	0.993	6000.0
297	2.422	8.264	1.089	8.621	0.01	0.995	8000.0
298	1.287	4.386	0.578	4.186	0.008	0.999	10000.0
299	2.59	8.842	1.132	9.273	0.013	0.992	9000.0
300	3.19	10.864	1.318	9.933	0.021	0.994	6000.0
301	2.468	8.458	1.09	8.144	0.014	0.995	6000.0
302	1.562	5.365	0.748	5.799	0.009	0.998	6000.0
303	2.063	7.094	0.929	7.261	0.009	0.997	6000.0
304	2.283	7.814	1.026	8.522	0.011	0.995	7000.0
305	2.597	8.932	1.124	9.295	0.011	0.994	6000.0
306	1.086	3.75	0.502	4.231	0.004	0.999	6000.0
307	2.242	7.736	1.022	8.406	0.012	0.994	6000.0
308	3.06	10.421	1.37	10.426	0.015	0.992	6000.0
309	2.303	7.954	1.079	8.725	0.009	0.994	6000.0
310	2.197	7.465	0.938	7.486	0.005	0.997	6000.0
311	2.263	7.696	1.039	8.347	0.008	0.995	6000.0
312	1.168	3.989	0.557	4.578	0.002	0.998	9000.0
313	2.877	9.891	1.278	10.156	0.014	0.992	6000.0
314	1.713	5.827	0.733	5.58	0.01	0.998	6000.0
315	2.576	8.826	1.14	9.202	0.009	0.995	6000.0
316	2.772	9.533	1.261	10.288	0.013	0.992	6000.0
317	2.522	8.578	1.078	8.699	0.022	0.995	6000.0
318	2.53	8.636	1.065	8.619	0.012	0.994	6000.0
319	2.754	9.361	1.323	10.55	0.01	0.992	6000.0
320	2.287	7.884	1.153	8.841	0.012	0.994	8000.0
321	2.289	7.943	1.007	9.021	0.011	0.993	6000.0
322	1.476	5.107	0.657	5.185	0.007	0.998	9000.0
323	1.558	5.33	0.684	5.341	0.01	0.998	9000.0
324	1.349	4.616	0.591	4.574	0.004	0.999	6000.0
325	2.839	9.777	1.257	10.819	0.014	0.991	9000.0
326	1.953	6.696	0.934	7.648	0.013	0.995	6000.0
327	2.047	6.997	0.941	7.263	0.011	0.996	6000.0
328	1.73	5.862	0.838	6.3	0.006	0.997	6000.0
329	2.968	10.121	1.276	9.434	0.017	0.993	6000.0
330	2.525	8.722	1.203	9.906	0.012	0.993	6000.0
331	2.822	9.724	1.343	10.576	0.015	0.991	6000.0
332	1.918	6.596	0.893	7.067	0.008	0.997	6000.0
333	1.406	4.792	0.615	4.752	0.003	0.999	6000.0
334	1.62	5.486	0.676	5.533	0.009	0.996	6000.0
335	1.075	3.685	0.53	4.136	0.004	0.999	6000.0
336	1.778	6.147	0.808	6.985	0.013	0.995	6000.0
337	2.161	7.336	1.066	7.956	0.007	0.996	8000.0
338	2.026	6.895	1.031	7.757	0.011	0.996	6000.0
339	2.211	7.58	0.959	7.434	0.013	0.996	6000.0
340	2.455	8.395	1.171	9.315	0.007	0.995	6000.0
341	2.256	7.791	1.062	9.044	0.015	0.992	6000.0
342	2.544	8.728	1.052	8.668	0.01	0.995	10000.0
343	2.201	7.543	0.961	7.773	0.009	0.996	6000.0
344	2.039	6.98	0.859	7.038	0.011	0.996	8000.0
345	3.289	11.235	1.401	10.844	0.019	0.993	6000.0
346	2.048	7.005	0.872	7.013	0.006	0.996	7000.0
347	2.458	8.44	1.204	9.489	0.018	0.99	6000.0
348	1.597	5.498	0.775	5.738	0.006	0.998	6000.0
349	2.843	9.736	1.362	11.31	0.017	0.991	6000.0
350	3.169	10.881	1.451	11.995	0.018	0.989	6000.0
351	1.915	6.642	0.868	6.973	0.008	0.995	9000.0
352	2.263	7.782	1.075	8.466	0.012	0.995	6000.0
353	1.207	4.11	0.536	4.411	0.003	0.998	11000.0
354	1.657	5.719	0.769	6.307	0.006	0.997	6000.0
355	2.238	7.605	0.986	7.421	0.013	0.997	6000.0
356	2.497	8.585	1.155	9.171	0.011	0.995	6000.0
357	1.855	6.325	0.869	7.254	0.005	0.996	6000.0
358	2.625	9.045	1.271	10.448	0.01	0.991	7000.0
359	2.098	7.282	0.969	7.701	0.007	0.996	6000.0
360	1.918	6.551	0.833	6.796	0.013	0.996	9000.0
361	3.683	12.657	1.684	14.067	0.031	0.985	6000.0
362	2.153	7.398	0.993	8.079	0.015	0.995	9000.0
363	2.211	7.58	1.092	8.203	0.011	0.995	6000.0
364	1.361	4.679	0.672	5.53	0.006	0.998	8000.0
365	1.903	6.494	0.902	7.349	0.006	0.996	7000.0
366	2.692	9.144	1.173	9.536	0.008	0.993	7000.0
367	2.002	6.886	0.836	6.788	0.008	0.996	6000.0
368	1.84	6.344	0.728	6.372	0.009	0.996	6000.0
369	2.192	7.495	1.015	7.973	0.012	0.997	6000.0
370	1.571	5.388	0.711	5.635	0.003	0.998	6000.0
371	2.456	8.463	1.053	8.722	0.01	0.994	6000.0
372	1.533	5.18	0.685	5.163	0.006	0.998	6000.0
373	1.928	6.632	0.887	7.071	0.01	0.996	6000.0
374	2.619	8.894	1.12	8.775	0.009	0.995	8000.0
375	2.046	7.044	0.924	7.07	0.009	0.996	11000.0
376	2.89	9.919	1.304	10.776	0.013	0.992	6000.0
377	1.9	6.531	0.838	6.42	0.01	0.997	6000.0
378	2.063	7.127	0.931	7.411	0.014	0.995	6000.0
379	2.192	7.526	1.064	8.144	0.007	0.996	6000.0
380	1.629	5.543	0.692	5.622	0.005	0.998	6000.0
381	1.618	5.573	0.718	5.801	0.009	0.997	6000.0
382	2.314	7.874	1.068	8.652	0.007	0.995	6000.0
383	1.776	6.165	0.737	6.16	0.005	0.996	8000.0
384	2.537	8.705	1.149	9.058	0.015	0.995	6000.0
385	1.735	5.903	0.829	6.522	0.005	0.997	6000.0
386	1.982	6.783	0.863	6.966	0.005	0.997	6000.0
387	2.375	8.139	0.973	8.145	0.01	0.995	6000.0
388	1.661	5.717	0.778	6.385	0.008	0.997	6000.0
389	3.033	10.322	1.347	10.701	0.012	0.993	6000.0
390	2.063	7.028	0.957	7.77	0.007	0.996	6000.0
391	2.332	7.994	1.015	7.948	0.011	0.995	6000.0
392	2.684	9.25	1.235	9.246	0.015	0.995	6000.0
393	2.401	8.192	1.038	8.28	0.006	0.996	6000.0
394	1.481	5.04	0.671	5.173	0.003	0.998	9000.0
395	2.394	8.205	0.991	7.783	0.01	0.996	6000.0
396	1.936	6.6	0.815	6.322	0.008	0.997	6000.0
397	1.766	6.083	0.781	6.291	0.006	0.997	7000.0
398	1.937	6.666	0.965	7.383	0.016	0.996	6000.0
399	1.407	4.828	0.657	5.611	0.006	0.996	7000.0
400	2.647	9.086	1.138	9.203	0.014	0.994	8000.0
401	2.396	8.262	1.059	8.84	0.017	0.995	7000.0
402	2.479	8.505	1.04	8.47	0.01	0.995	6000.0
403	1.482	5.04	0.676	5.307	0.003	0.998	6000.0
404	1.811	6.185	0.792	6.312	0.013	0.997	7000.0
405	2.548	8.758	1.151	9.379	0.014	0.994	6000.0
406	2.568	8.876	1.083	9.021	0.016	0.994	6000.0
407	1.346	4.576	0.574	4.606	0.004	0.998	8000.0
408	2.615	8.981	1.197	9.683	0.016	0.993	6000.0
409	2.079	7.091	0.99	7.538	0.007	0.996	6000.0
410	1.736	5.962	0.758	5.813	0.008	0.998	12000.0
411	2.324	7.935	1.106	8.784	0.01	0.995	9000.0
412	1.971	6.754	0.885	7.127	0.009	0.996	6000.0
413	1.748	6.011	0.744	6.259	0.006	0.997	8000.0
414	1.849	6.33	0.895	7.482	0.009	0.996	7000.0
415	1.405	4.742	0.617	4.912	0.003	0.998	6000.0
416	2.406	8.222	1.007	8.207	0.007	0.995	6000.0
417	2.358	8.152	1.048	8.632	0.013	0.994	7000.0
418	2.675	9.201	1.167	9.277	0.011	0.994	6000.0
419	1.354	4.611	0.677	5.066	0.004	0.998	6000.0
420	2.518	8.653	1.166	9.44	0.016	0.994	6000.0
421	2.022	6.897	0.995	8.039	0.01	0.995	6000.0
422	2.187	7.48	0.97	7.566	0.008	0.996	8000.0
423	1.93	6.622	0.851	7.302	0.005	0.996	6000.0
424	1.801	6.241	0.803	6.723	0.008	0.997	13000.0
425	1.393	4.75	0.627	4.8	0.008	0.998	6000.0
426	2.808	9.596	1.204	9.646	0.011	0.995	6000.0
427	1.625	5.579	0.745	5.33	0.008	0.998	7000.0
428	2.867	9.679	1.246	9.387	0.014	0.993	6000.0
429	1.899	6.47	0.844	6.903	0.01	0.997	6000.0
430	2.13	7.31	0.906	7.417	0.008	0.996	10000.0
431	2.726	9.355	1.125	9.25	0.013	0.994	6000.0
432	2.23	7.602	0.988	7.894	0.012	0.995	6000.0
433	1.605	5.49	0.693	5.609	0.005	0.998	6000.0
434	2.279	7.808	1.089	8.508	0.007	0.996	6000.0
435	2.17	7.46	0.994	7.962	0.008	0.996	6000.0
436	3.668	12.531	1.591	11.977	0.02	0.991	6000.0
437	1.734	5.951	0.772	6.315	0.009	0.997	7000.0
438	3.486	11.941	1.567	12.176	0.025	0.989	6000.0
439	2.125	7.31	1.078	8.606	0.014	0.994	6000.0
440	2.807	9.639	1.222	9.916	0.015	0.993	6000.0
441	2.999	10.334	1.375	10.654	0.012	0.992	6000.0
442	2.16	7.38	1.012	7.695	0.011	0.996	8000.0
443	2.351	8.014	1.082	8.308	0.011	0.996	6000.0
444	3.135	10.796	1.391	12.085	0.017	0.989	11000.0
445	1.313	4.503	0.706	5.617	0.008	0.997	7000.0
446	1.822	6.227	0.731	5.47	0.007	0.998	7000.0
447	2.548	8.671	1.201	8.799	0.016	0.995	6000.0
448	1.817	6.215	0.799	6.39	0.012	0.997	6000.0
449	1.778	6.124	0.909	7.693	0.01	0.995	6000.0
450	1.745	6.01	0.832	6.627	0.011	0.997	18000.0
451	2.01	6.905	0.884	7.331	0.01	0.994	6000.0
452	2.102	7.148	0.942	7.376	0.012	0.996	6000.0
453	2.053	6.996	0.869	6.826	0.009	0.996	6000.0
454	2.423	8.345	0.981	7.904	0.022	0.996	6000.0
455	1.972	6.768	0.89	6.977	0.01	0.997	7000.0
456	2.387	8.156	1.079	8.656	0.006	0.995	6000.0
457	2.399	8.236	1.053	8.043	0.014	0.996	7000.0
458	2.26	7.763	0.985	8.094	0.008	0.995	6000.0
459	2.419	8.296	1.039	8.503	0.013	0.994	10000.0
460	2.38	8.162	1.125	9.036	0.008	0.994	9000.0
461	1.751	5.95	0.869	7.079	0.013	0.996	6000.0
462	2.216	7.578	0.966	7.723	0.014	0.995	6000.0
463	2.178	7.505	0.963	7.672	0.013	0.996	6000.0
464	1.718	5.921	0.733	5.985	0.008	0.998	6000.0
465	2.115	7.219	0.948	7.589	0.008	0.996	10000.0
466	2.345	8.027	0.977	7.946	0.012	0.995	6000.0
467	2.905	9.907	1.277	10.344	0.014	0.992	7000.0
468	1.742	5.967	0.853	6.848	0.005	0.997	6000.0
469	1.982	6.845	0.856	6.729	0.006	0.997	9000.0
470	2.177	7.484	0.959	7.846	0.009	0.996	7000.0
471	1.843	6.293	0.818	6.845	0.009	0.996	9000.0
472	1.873	6.395	0.816	6.455	0.007	0.997	7000.0
473	1.485	5.096	0.662	5.415	0.005	0.998	9000.0
474	1.419	4.863	0.648	4.993	0.01	0.998	10000.0
475	1.576	5.383	0.739	5.623	0.005	0.998	7000.0
476	1.124	3.822	0.572	4.488	0.008	0.999	8000.0
477	0.742	2.527	0.36	2.825	0.002	1.0	14000.0
478	2.096	7.204	0.947	7.363	0.008	0.996	9000.0
479	2.371	8.133	1.09	8.332	0.011	0.995	6000.0
480	1.922	6.565	0.807	6.322	0.011	0.996	6000.0
481	2.327	7.975	1.045	8.844	0.008	0.994	6000.0
482	2.021	6.956	0.949	7.653	0.009	0.996	7000.0
483	2.202	7.462	0.946	7.626	0.012	0.996	10000.0
484	1.729	5.933	0.718	5.726	0.006	0.998	9000.0
485	2.264	7.794	0.962	8.214	0.007	0.994	8000.0
486	2.394	8.191	1.0	8.078	0.007	0.996	9000.0
487	0.86	2.939	0.424	3.503	0.005	0.999	6000.0
488	2.325	7.903	1.109	8.69	0.016	0.992	6000.0
489	1.586	5.418	0.706	5.594	0.006	0.998	6000.0
490	1.763	6.034	0.718	5.588	0.011	0.997	6000.0
491	1.96	6.705	0.849	7.038	0.008	0.996	6000.0
492	1.706	5.895	0.823	7.065	0.005	0.996	8000.0
493	2.295	7.872	0.967	7.967	0.009	0.995	6000.0
494	2.07	7.039	0.996	8.121	0.012	0.995	7000.0
495	2.527	8.689	1.148	9.101	0.02	0.995	6000.0
496	2.38	8.145	1.158	8.782	0.008	0.995	6000.0
497	2.673	9.225	1.258	10.404	0.013	0.99	6000.0
498	1.719	5.836	0.835	6.294	0.009	0.997	9000.0
499	1.831	6.205	0.878	6.603	0.01	0.997	6000.0
500	2.664	9.114	1.419	12.145	0.024	0.986	6000.0
501	2.75	9.39	1.323	10.035	0.012	0.993	6000.0
502	1.276	4.363	0.566	4.394	0.003	0.999	6000.0
503	1.402	4.795	0.658	5.604	0.004	0.997	11000.0
504	1.733	5.986	0.816	6.086	0.007	0.997	7000.0
505	2.095	7.137	0.877	7.288	0.005	0.996	16000.0
506	2.328	7.951	1.048	8.148	0.013	0.994	6000.0
507	1.77	6.102	0.79	6.416	0.007	0.996	6000.0
508	2.58	8.774	1.228	10.005	0.01	0.992	6000.0
509	1.356	4.696	0.606	4.909	0.007	0.997	6000.0
510	1.442	4.914	0.7	5.535	0.009	0.998	6000.0
511	2.247	7.678	1.005	7.72	0.011	0.996	6000.0
512	2.049	7.013	0.898	6.993	0.006	0.997	6000.0
513	2.439	8.348	1.087	8.917	0.009	0.994	8000.0
514	2.106	7.226	0.945	7.955	0.008	0.995	6000.0
515	1.971	6.756	0.871	6.674	0.01	0.997	6000.0
516	1.38	4.741	0.629	5.059	0.007	0.998	6000.0
517	1.792	6.153	0.775	6.09	0.01	0.997	8000.0
518	1.694	5.799	0.823	6.173	0.01	0.996	6000.0
519	2.733	9.375	1.198	9.468	0.012	0.994	6000.0
520	1.373	4.689	0.625	5.407	0.008	0.997	6000.0
521	1.511	5.164	0.674	5.095	0.008	0.998	6000.0
522	1.403	4.783	0.647	5.317	0.003	0.998	13000.0
523	2.648	9.199	1.197	8.997	0.019	0.993	9000.0
524	1.55	5.335	0.627	5.228	0.004	0.997	10000.0
525	2.127	7.256	0.893	6.925	0.01	0.997	6000.0
526	2.424	8.252	1.097	8.394	0.009	0.995	8000.0
527	1.594	5.495	0.756	6.179	0.005	0.997	7000.0
528	2.494	8.616	1.184	9.78	0.014	0.992	6000.0
529	2.624	8.986	1.073	8.606	0.011	0.995	6000.0
530	2.93	10.053	1.287	10.139	0.015	0.992	6000.0
531	1.826	6.213	0.798	6.291	0.008	0.997	6000.0
532	2.537	8.717	1.105	8.974	0.01	0.993	6000.0
533	2.956	10.008	1.226	10.086	0.016	0.992	6000.0
534	1.729	5.93	0.767	6.211	0.004	0.997	6000.0
535	1.745	5.958	0.863	6.811	0.007	0.996	6000.0
536	1.853	6.374	0.868	6.714	0.008	0.997	6000.0
537	3.904	13.426	1.691	12.92	0.029	0.989	6000.0
538	2.588	8.893	1.242	10.08	0.01	0.993	6000.0
539	2.017	6.923	0.839	6.42	0.009	0.996	6000.0
540	2.44	8.384	1.07	8.629	0.009	0.995	6000.0
541	2.513	8.598	1.152	9.404	0.012	0.994	8000.0
542	2.0	6.826	1.018	8.011	0.01	0.995	6000.0
543	2.433	8.262	1.063	7.939	0.012	0.995	7000.0
544	1.671	5.732	0.814	6.647	0.003	0.997	6000.0
545	2.646	9.138	1.229	9.865	0.014	0.993	6000.0
546	0.916	3.122	0.396	3.144	0.004	0.999	6000.0
547	1.109	3.774	0.5	3.594	0.002	0.999	6000.0
548	2.324	7.985	0.974	7.559	0.011	0.996	6000.0
549	2.947	10.039	1.231	9.797	0.018	0.994	6000.0
550	1.94	6.672	0.897	7.389	0.01	0.996	6000.0
551	1.189	4.053	0.53	4.276	0.005	0.999	7000.0
552	2.403	8.318	1.143	9.937	0.014	0.991	6000.0
553	1.706	5.828	0.869	7.02	0.015	0.996	6000.0
554	2.529	8.673	1.058	8.69	0.017	0.995	17000.0
555	1.634	5.614	0.781	6.688	0.007	0.997	8000.0
556	2.041	6.982	0.856	6.768	0.008	0.997	8000.0
557	2.336	7.934	1.008	8.481	0.012	0.994	7000.0
558	2.14	7.34	0.985	8.078	0.016	0.993	6000.0
559	0.797	2.74	0.364	3.047	0.001	0.999	6000.0
560	2.142	7.344	0.929	7.698	0.011	0.996	11000.0
561	2.242	7.69	0.948	7.854	0.012	0.996	6000.0
562	1.858	6.37	0.847	7.174	0.009	0.997	7000.0
563	1.445	4.95	0.609	5.113	0.003	0.998	6000.0
564	1.055	3.602	0.47	3.752	0.003	0.999	6000.0
565	1.598	5.542	0.784	6.497	0.012	0.996	6000.0
566	2.597	9.032	1.197	9.921	0.014	0.99	6000.0
567	2.143	7.331	0.951	7.741	0.009	0.995	6000.0
568	2.517	8.494	1.138	8.512	0.013	0.994	6000.0
569	2.022	6.905	0.857	6.385	0.013	0.997	6000.0
570	1.134	3.908	0.546	4.488	0.003	0.999	6000.0
571	2.196	7.536	1.029	7.931	0.009	0.996	6000.0
572	2.76	9.382	1.19	9.514	0.009	0.993	11000.0
573	1.372	4.686	0.599	4.907	0.002	0.998	6000.0
574	1.131	3.845	0.542	4.28	0.004	0.999	6000.0
575	1.747	5.951	0.841	7.03	0.007	0.996	8000.0
576	2.191	7.5	0.927	7.478	0.016	0.996	7000.0
577	2.414	8.316	1.042	8.822	0.011	0.994	6000.0
578	3.441	11.738	1.519	12.204	0.024	0.99	6000.0
579	0.747	2.557	0.335	2.721	0.001	0.999	15000.0
580	2.352	8.033	0.963	7.738	0.01	0.996	6000.0
581	2.159	7.395	0.974	7.76	0.009	0.995	6000.0
582	2.215	7.607	0.887	7.192	0.014	0.996	6000.0
583	1.353	4.671	0.645	5.303	0.007	0.998	8000.0
584	1.805	6.14	0.759	6.178	0.009	0.997	6000.0
585	2.197	7.545	0.945	7.801	0.006	0.996	6000.0
586	2.018	6.89	0.842	7.094	0.007	0.996	7000.0
587	2.699	9.204	1.104	9.034	0.016	0.994	6000.0
588	1.598	5.46	0.719	5.78	0.007	0.997	14000.0
589	1.439	4.92	0.673	5.572	0.006	0.998	7000.0
590	2.356	8.1	0.988	7.882	0.008	0.996	8000.0
591	1.875	6.383	0.862	6.26	0.006	0.997	6000.0
592	2.41	8.277	1.19	9.632	0.011	0.994	6000.0
593	2.554	8.823	1.059	8.529	0.017	0.995	6000.0
594	1.804	6.206	0.794	6.611	0.006	0.996	6000.0
595	2.53	8.599	1.305	9.512	0.01	0.994	12000.0
596	2.34	8.075	1.107	9.03	0.012	0.993	6000.0
597	2.98	10.201	1.387	10.7	0.021	0.992	6000.0
598	3.623	12.435	1.52	12.323	0.017	0.991	7000.0
599	3.098	10.616	1.336	10.653	0.015	0.993	8000.0
600	2.443	8.394	1.044	8.75	0.014	0.995	9000.0
601	2.419	8.327	1.031	8.357	0.013	0.995	6000.0
602	2.442	8.287	1.134	8.583	0.009	0.995	6000.0
603	2.593	8.878	1.14	8.964	0.021	0.994	6000.0
604	1.276	4.396	0.568	4.727	0.01	0.998	6000.0
605	2.128	7.374	0.976	8.341	0.014	0.994	6000.0
606	2.812	9.677	1.329	11.281	0.024	0.99	6000.0
607	1.517	5.22	0.683	5.315	0.007	0.998	6000.0
608	3.313	11.389	1.547	12.54	0.016	0.989	6000.0
609	1.906	6.569	0.84	7.044	0.007	0.997	6000.0
610	2.42	8.274	1.116	8.943	0.014	0.994	6000.0
611	2.681	9.169	1.254	10.615	0.014	0.992	6000.0
612	2.368	8.189	1.109	8.918	0.011	0.993	6000.0
613	3.19	10.902	1.433	11.617	0.017	0.991	8000.0
614	2.553	8.661	1.098	8.891	0.01	0.994	6000.0
615	2.818	9.71	1.281	9.965	0.023	0.992	6000.0
616	2.079	7.17	1.024	7.704	0.013	0.995	6000.0
617	2.007	6.821	0.972	7.823	0.015	0.996	9000.0
618	1.733	5.969	0.747	6.361	0.005	0.996	6000.0
619	2.043	7.014	0.924	7.543	0.009	0.996	6000.0
620	2.473	8.477	1.026	8.138	0.011	0.995	6000.0
621	1.382	4.736	0.657	5.287	0.006	0.997	7000.0
622	2.089	7.216	0.888	7.464	0.008	0.996	6000.0
623	2.922	10.022	1.37	10.883	0.017	0.992	6000.0
624	1.724	5.899	0.747	6.229	0.007	0.997	8000.0
625	2.675	9.245	1.223	10.067	0.016	0.993	6000.0
626	2.016	6.898	0.939	7.952	0.013	0.994	6000.0
627	1.391	4.728	0.579	4.5	0.008	0.999	6000.0
628	1.498	5.119	0.73	6.164	0.009	0.996	6000.0
629	2.556	8.806	1.159	8.852	0.01	0.995	6000.0
630	1.981	6.762	0.884	6.888	0.009	0.997	6000.0
631	1.717	5.881	0.783	6.358	0.008	0.997	7000.0
632	1.897	6.423	0.92	7.103	0.006	0.996	9000.0
633	1.837	6.295	0.875	7.218	0.01	0.996	6000.0
634	1.5	5.194	0.672	5.526	0.008	0.998	8000.0
635	1.734	5.94	0.747	6.11	0.006	0.997	6000.0
636	2.255	7.688	1.006	8.212	0.008	0.996	7000.0
637	1.526	5.265	0.687	5.381	0.005	0.998	6000.0
638	2.71	9.292	1.258	10.386	0.007	0.994	8000.0
639	1.884	6.482	0.803	6.654	0.012	0.996	6000.0
640	2.977	10.175	1.377	10.319	0.016	0.989	6000.0
641	1.537	5.316	0.719	5.706	0.004	0.998	6000.0
642	2.253	7.679	0.975	8.03	0.009	0.996	6000.0
643	1.651	5.723	0.714	5.901	0.007	0.997	13000.0
644	2.062	7.081	0.876	6.936	0.011	0.997	6000.0
645	2.493	8.569	1.074	8.192	0.01	0.996	8000.0
646	1.492	5.152	0.617	4.752	0.004	0.998	7000.0
647	1.61	5.527	0.668	5.719	0.009	0.996	6000.0
648	1.742	5.987	0.767	6.111	0.007	0.997	6000.0
649	2.622	9.021	1.299	10.404	0.014	0.992	6000.0
650	1.918	6.525	0.869	6.702	0.011	0.995	6000.0
651	1.849	6.366	0.816	6.419	0.011	0.997	6000.0
652	2.485	8.532	1.108	8.674	0.012	0.995	6000.0
653	1.555	5.327	0.733	5.743	0.005	0.997	7000.0
654	2.825	9.559	1.256	9.988	0.025	0.99	6000.0
655	1.782	6.113	0.765	6.235	0.006	0.997	6000.0
656	2.164	7.364	0.966	7.845	0.009	0.996	7000.0
657	2.196	7.509	1.014	9.149	0.013	0.992	6000.0
658	2.399	8.274	1.283	10.944	0.022	0.988	6000.0
659	2.666	9.137	1.18	8.834	0.01	0.996	6000.0
660	2.262	7.751	1.058	8.524	0.007	0.994	6000.0
661	2.028	6.949	0.889	7.523	0.008	0.996	6000.0
662	2.086	7.133	0.956	7.765	0.006	0.996	6000.0
663	2.806	9.637	1.211	9.898	0.015	0.994	6000.0
664	2.444	8.402	1.179	9.642	0.018	0.992	6000.0
665	2.601	8.898	1.191	10.191	0.012	0.992	6000.0
666	1.912	6.602	0.925	7.511	0.006	0.996	6000.0
667	2.057	7.056	0.934	7.369	0.008	0.996	6000.0
668	2.282	7.86	1.022	8.466	0.011	0.995	6000.0
669	3.579	12.312	1.635	13.779	0.024	0.984	6000.0
670	1.6	5.513	0.744	6.122	0.012	0.997	8000.0
671	2.155	7.397	0.986	7.613	0.01	0.997	6000.0
672	2.634	8.951	1.169	8.754	0.01	0.996	11000.0
673	2.36	8.089	1.284	10.564	0.015	0.992	8000.0
674	2.019	6.902	0.922	7.118	0.01	0.997	9000.0
675	2.629	8.864	1.235	9.321	0.009	0.993	6000.0
676	2.516	8.678	1.161	9.047	0.01	0.994	6000.0
677	1.629	5.577	0.709	6.019	0.01	0.996	6000.0
678	1.123	3.835	0.465	3.673	0.005	0.999	6000.0
679	1.492	5.111	0.674	5.155	0.008	0.998	6000.0
680	1.826	6.266	0.766	6.012	0.007	0.998	6000.0
681	2.328	7.939	1.053	8.39	0.008	0.995	6000.0
682	1.633	5.551	0.727	5.856	0.008	0.997	6000.0
683	1.253	4.286	0.562	4.479	0.003	0.999	8000.0
684	1.855	6.341	0.765	6.13	0.007	0.997	11000.0
685	1.953	6.682	0.998	8.073	0.009	0.994	6000.0
686	2.524	8.6	1.109	8.608	0.01	0.995	7000.0
687	1.844	6.364	0.797	6.158	0.01	0.996	6000.0
688	2.49	8.619	1.196	10.188	0.014	0.989	6000.0
689	2.04	7.034	0.918	7.643	0.013	0.996	6000.0
690	1.753	6.008	0.848	6.402	0.009	0.997	6000.0
691	1.734	5.923	0.768	6.485	0.009	0.997	10000.0
692	1.691	5.774	0.781	6.222	0.005	0.996	6000.0
693	1.469	4.977	0.733	5.537	0.007	0.998	6000.0
694	1.976	6.815	1.011	7.975	0.005	0.995	6000.0
695	1.255	4.272	0.629	4.721	0.003	0.998	7000.0
696	2.087	7.152	0.924	7.422	0.009	0.995	6000.0
697	1.991	6.706	0.995	7.539	0.01	0.994	6000.0
698	2.184	7.538	0.984	7.811	0.01	0.996	6000.0
699	2.197	7.584	0.975	7.942	0.011	0.995	6000.0
700	1.079	3.696	0.525	4.232	0.003	0.999	8000.0
701	2.548	8.709	1.113	8.746	0.019	0.995	6000.0
702	1.559	5.358	0.68	5.383	0.004	0.998	6000.0
703	1.571	5.35	0.731	5.455	0.005	0.998	9000.0
704	1.711	5.866	0.725	5.746	0.007	0.998	6000.0
705	2.308	7.855	1.069	7.836	0.015	0.996	6000.0
706	2.526	8.761	1.257	10.211	0.019	0.988	7000.0
707	1.896	6.512	0.835	6.79	0.008	0.997	11000.0
708	2.315	7.952	1.008	8.192	0.01	0.996	9000.0
709	1.752	5.947	0.801	6.472	0.011	0.997	6000.0
710	2.256	7.685	0.95	7.714	0.011	0.996	6000.0
711	1.957	6.782	0.975	8.107	0.017	0.993	6000.0
712	2.686	9.196	1.202	9.332	0.018	0.992	6000.0
713	1.748	6.003	0.746	6.15	0.006	0.998	6000.0
714	2.198	7.536	1.008	8.095	0.011	0.996	6000.0
715	1.54	5.237	0.683	5.324	0.008	0.998	6000.0
716	2.87	9.857	1.294	10.095	0.011	0.994	6000.0
717	2.256	7.697	1.146	9.122	0.009	0.994	12000.0
718	1.915	6.532	0.841	6.684	0.008	0.997	6000.0
719	2.281	7.779	0.987	8.043	0.008	0.996	7000.0
720	1.224	4.172	0.572	4.583	0.004	0.998	15000.0
721	0.514	1.755	0.242	2.095	0.0	1.0	8000.0
722	1.975	6.709	0.822	6.724	0.009	0.997	6000.0
723	1.741	5.96	0.801	6.755	0.008	0.996	6000.0
724	1.695	5.849	0.757	5.923	0.01	0.997	6000.0
725	1.252	4.301	0.567	4.406	0.005	0.998	6000.0
726	1.929	6.621	0.777	6.214	0.008	0.997	8000.0
727	2.33	7.969	1.026	8.372	0.008	0.994	6000.0
728	1.549	5.267	0.723	5.866	0.012	0.997	7000.0
729	2.465	8.475	1.016	8.647	0.015	0.994	10000.0
730	3.02	10.376	1.406	11.258	0.029	0.988	11000.0
731	2.657	9.014	1.254	9.56	0.017	0.994	6000.0
732	1.883	6.425	0.815	6.597	0.006	0.997	6000.0
733	1.202	4.109	0.575	4.6	0.002	0.998	10000.0
734	2.071	6.997	0.867	7.11	0.01	0.994	6000.0
735	1.484	5.05	0.732	5.73	0.003	0.998	6000.0
736	1.66	5.658	0.726	5.807	0.005	0.998	12000.0
737	2.314	7.843	0.962	7.65	0.011	0.996	6000.0
738	2.112	7.218	0.997	8.024	0.005	0.996	6000.0
739	1.527	5.276	0.721	6.173	0.011	0.995	6000.0
740	2.633	9.024	1.267	10.575	0.014	0.99	6000.0
741	1.584	5.445	0.813	6.592	0.008	0.996	13000.0
742	2.731	9.362	1.351	10.787	0.015	0.992	14000.0
743	2.304	7.905	1.089	8.811	0.007	0.995	6000.0
744	1.925	6.591	0.811	6.483	0.012	0.997	6000.0
745	3.419	11.666	1.561	12.037	0.027	0.987	6000.0
746	1.46	4.997	0.642	4.794	0.005	0.999	6000.0
747	1.823	6.3	0.792	6.29	0.01	0.995	6000.0
748	2.755	9.453	1.233	9.958	0.013	0.994	6000.0
749	2.054	6.959	0.935	7.227	0.008	0.996	7000.0
750	2.225	7.676	0.996	7.854	0.01	0.996	6000.0
751	0.895	3.06	0.465	3.793	0.004	0.999	6000.0
752	1.632	5.512	0.664	4.947	0.009	0.998	6000.0
753	2.002	6.897	0.902	6.882	0.009	0.997	6000.0
754	1.664	5.646	0.737	5.855	0.01	0.997	6000.0
755	2.399	8.265	1.061	8.634	0.012	0.991	12000.0
756	1.941	6.627	0.832	7.164	0.008	0.996	6000.0
757	2.197	7.495	0.988	8.528	0.007	0.993	6000.0
758	1.643	5.609	0.723	5.809	0.006	0.997	14000.0
759	1.451	4.935	0.651	5.366	0.003	0.998	6000.0
760	2.642	9.098	1.166	9.499	0.015	0.994	7000.0
761	1.037	3.545	0.493	3.753	0.005	0.999	6000.0
762	1.317	4.509	0.564	4.592	0.005	0.998	10000.0
763	2.349	8.025	1.066	8.684	0.008	0.995	6000.0
764	2.198	7.589	1.01	8.161	0.014	0.993	7000.0
765	1.862	6.413	0.878	6.877	0.013	0.997	11000.0
766	2.177	7.505	0.881	7.409	0.008	0.996	6000.0
767	2.204	7.528	0.966	8.21	0.01	0.995	6000.0
768	1.872	6.449	0.89	6.687	0.008	0.996	6000.0
769	2.805	9.576	1.241	10.079	0.008	0.994	6000.0
770	2.702	9.279	1.222	9.38	0.013	0.995	7000.0
771	1.925	6.589	0.791	5.9	0.014	0.997	6000.0
772	1.607	5.432	0.693	5.53	0.005	0.997	6000.0
773	2.271	7.798	1.029	8.601	0.005	0.995	6000.0
774	2.559	8.831	1.107	9.249	0.014	0.994	9000.0
775	1.907	6.57	0.881	7.405	0.011	0.996	6000.0
776	1.214	4.17	0.514	4.168	0.004	0.999	12000.0
777	1.651	5.649	0.764	6.025	0.006	0.997	6000.0
778	3.089	10.595	1.36	11.091	0.013	0.991	12000.0
779	2.358	7.984	1.079	8.297	0.011	0.995	6000.0
780	2.883	9.911	1.229	9.484	0.012	0.994	6000.0
781	1.415	4.767	0.704	5.437	0.007	0.997	6000.0
782	1.881	6.383	0.836	6.843	0.008	0.997	6000.0
783	2.164	7.341	0.934	7.582	0.008	0.994	6000.0
784	1.164	3.929	0.529	4.118	0.005	0.999	12000.0
785	1.101	3.736	0.478	3.902	0.002	0.999	7000.0
786	2.821	9.676	1.391	10.931	0.009	0.992	6000.0
787	2.501	8.544	1.176	9.196	0.014	0.994	6000.0
788	1.423	4.878	0.614	5.098	0.006	0.997	6000.0
789	1.911	6.506	0.831	6.916	0.005	0.997	14000.0
790	2.418	8.275	1.069	8.666	0.012	0.995	6000.0
791	2.675	9.142	1.145	8.788	0.014	0.994	6000.0
792	1.708	5.836	0.783	6.368	0.007	0.997	7000.0
793	2.102	7.22	1.019	7.731	0.012	0.996	6000.0
794	1.875	6.43	0.844	6.961	0.008	0.996	7000.0
795	2.239	7.65	1.001	8.093	0.013	0.995	6000.0
796	1.934	6.557	0.805	6.499	0.01	0.997	6000.0
797	1.911	6.516	0.965	7.312	0.012	0.997	6000.0
798	2.341	8.012	1.036	8.12	0.012	0.996	6000.0
799	1.253	4.301	0.566	4.662	0.004	0.998	6000.0
800	2.572	8.823	1.14	8.825	0.012	0.995	6000.0
801	1.487	5.08	0.685	5.352	0.005	0.998	10000.0
802	1.124	3.827	0.504	4.225	0.002	0.998	9000.0
803	2.467	8.418	1.201	9.674	0.013	0.992	6000.0
804	2.559	8.744	1.164	9.277	0.012	0.994	7000.0
805	1.73	5.954	0.87	7.097	0.005	0.997	8000.0
806	2.561	8.819	1.087	8.984	0.024	0.994	6000.0
807	2.167	7.418	0.891	7.167	0.008	0.996	6000.0
808	1.635	5.558	0.625	5.048	0.01	0.998	8000.0
809	1.878	6.421	0.899	7.246	0.008	0.997	6000.0
810	2.239	7.627	1.052	8.255	0.013	0.995	6000.0
811	1.287	4.399	0.569	4.349	0.004	0.999	6000.0
812	1.476	5.057	0.78	6.146	0.005	0.998	7000.0
813	1.693	5.825	0.752	6.36	0.005	0.997	6000.0
814	1.816	6.212	0.815	6.33	0.013	0.997	7000.0
815	1.848	6.358	0.905	7.298	0.01	0.997	6000.0
816	1.201	4.057	0.517	4.221	0.002	0.998	15000.0
817	2.67	9.194	1.278	10.108	0.011	0.993	6000.0
818	1.544	5.316	0.672	5.394	0.012	0.998	6000.0
819	1.264	4.334	0.607	4.939	0.006	0.998	6000.0
820	1.227	4.177	0.536	4.349	0.004	0.999	6000.0
821	1.48	5.112	0.693	5.405	0.008	0.998	6000.0
822	1.443	4.972	0.732	6.117	0.007	0.997	10000.0
823	1.473	5.039	0.668	5.487	0.004	0.998	6000.0
824	1.899	6.475	0.873	6.537	0.008	0.998	8000.0
825	1.872	6.448	0.858	6.744	0.01	0.997	22000.0
826	1.434	4.926	0.599	4.754	0.008	0.998	6000.0
827	1.407	4.821	0.629	5.103	0.004	0.998	6000.0
828	2.332	7.995	1.021	8.343	0.015	0.995	8000.0
829	2.486	8.568	1.065	9.323	0.014	0.992	13000.0
830	2.1	7.101	0.914	7.11	0.008	0.995	6000.0
831	1.59	5.482	0.673	5.421	0.012	0.998	9000.0
832	3.08	10.608	1.335	10.78	0.021	0.992	6000.0
833	1.887	6.446	0.76	6.306	0.01	0.998	6000.0
834	2.0	6.813	0.996	7.679	0.008	0.996	12000.0
835	1.674	5.727	0.74	6.112	0.006	0.997	6000.0
836	2.465	8.418	1.11	8.997	0.009	0.995	6000.0
837	2.056	7.055	0.874	7.164	0.01	0.996	8000.0
838	1.537	5.239	0.655	5.344	0.006	0.997	6000.0
839	1.122	3.837	0.525	4.064	0.004	0.999	8000.0
840	1.798	6.137	0.844	7.053	0.005	0.997	6000.0
841	2.024	6.875	1.028	7.662	0.013	0.994	6000.0
842	2.777	9.485	1.229	9.772	0.015	0.994	6000.0
843	2.376	8.162	1.086	8.795	0.008	0.993	6000.0
844	2.367	8.125	1.198	9.369	0.009	0.992	6000.0
845	2.162	7.355	0.914	7.528	0.011	0.996	6000.0
846	1.971	6.681	0.907	7.11	0.006	0.996	6000.0
847	2.909	9.907	1.306	10.191	0.019	0.992	6000.0
848	2.663	9.18	1.195	10.549	0.014	0.991	6000.0
849	1.496	5.139	0.683	5.671	0.01	0.996	6000.0
850	2.18	7.517	0.997	7.974	0.02	0.995	7000.0
851	1.387	4.731	0.628	5.195	0.006	0.998	6000.0
852	1.866	6.359	0.854	7.072	0.006	0.997	16000.0
853	1.462	5.0	0.623	5.084	0.005	0.998	6000.0
854	2.357	7.982	1.065	8.503	0.013	0.994	6000.0
855	2.179	7.414	1.001	7.696	0.01	0.995	6000.0
856	2.247	7.664	1.033	8.026	0.01	0.996	6000.0
857	1.578	5.395	0.693	5.773	0.006	0.997	7000.0
858	2.714	9.342	1.278	9.926	0.019	0.994	9000.0
859	2.656	9.057	1.146	8.93	0.01	0.994	6000.0
860	1.868	6.378	0.839	6.354	0.011	0.998	6000.0
861	2.058	7.09	0.903	7.576	0.011	0.996	6000.0
862	2.732	9.421	1.172	9.359	0.017	0.994	6000.0
863	2.253	7.724	1.102	8.992	0.009	0.993	6000.0
864	2.162	7.394	0.947	7.586	0.007	0.996	6000.0
865	2.482	8.584	1.202	9.314	0.013	0.994	6000.0
866	1.92	6.588	0.867	6.909	0.006	0.997	6000.0
867	1.84	6.322	0.94	7.793	0.005	0.996	7000.0
868	1.566	5.372	0.67	5.28	0.009	0.997	7000.0
869	1.693	5.803	0.893	7.625	0.018	0.994	6000.0
870	2.611	9.047	1.092	8.691	0.015	0.993	6000.0
871	2.414	8.285	1.069	8.066	0.016	0.997	6000.0
872	2.04	6.945	0.965	7.42	0.011	0.996	12000.0
873	2.655	9.091	1.15	9.492	0.019	0.992	6000.0
874	2.847	9.726	1.324	10.247	0.019	0.99	6000.0
875	1.814	6.136	0.747	5.863	0.006	0.997	6000.0
876	2.517	8.711	1.081	8.706	0.01	0.992	7000.0
877	3.165	10.84	1.351	10.36	0.018	0.993	6000.0
878	1.918	6.509	0.85	6.998	0.011	0.996	6000.0
879	2.996	10.292	1.285	10.083	0.012	0.993	8000.0
880	1.754	5.95	0.798	6.092	0.008	0.997	6000.0
881	1.099	3.724	0.561	4.284	0.003	0.999	6000.0
882	2.676	9.175	1.145	8.628	0.013	0.995	6000.0
883	1.562	5.356	0.695	5.502	0.006	0.997	11000.0
884	2.318	7.924	1.061	8.381	0.008	0.996	6000.0
885	1.978	6.807	0.885	7.342	0.008	0.996	6000.0
886	2.19	7.562	1.022	8.029	0.01	0.996	6000.0
887	3.016	10.346	1.501	12.257	0.025	0.99	6000.0
888	1.865	6.46	0.858	7.172	0.011	0.996	12000.0
889	0.771	2.601	0.372	2.919	0.001	0.999	6000.0
890	2.411	8.376	1.184	9.91	0.016	0.99	6000.0
891	2.17	7.446	1.002	8.098	0.008	0.996	6000.0
892	2.938	10.035	1.366	10.73	0.017	0.991	7000.0
893	2.875	9.841	1.31	10.918	0.012	0.992	6000.0
894	1.622	5.549	0.722	5.745	0.006	0.998	7000.0
895	2.415	8.288	1.048	8.312	0.015	0.995	6000.0
896	1.622	5.578	0.649	5.231	0.009	0.998	6000.0
897	1.358	4.653	0.609	4.857	0.006	0.999	6000.0
898	2.251	7.706	1.018	8.177	0.014	0.996	6000.0
899	2.51	8.579	1.111	9.027	0.016	0.994	7000.0
900	2.78	9.531	1.254	10.273	0.014	0.993	6000.0
901	1.453	4.951	0.597	4.956	0.006	0.998	6000.0
902	1.725	5.893	0.746	5.857	0.009	0.997	9000.0
903	2.125	7.237	0.944	7.996	0.009	0.996	6000.0
904	2.346	8.019	1.109	9.072	0.01	0.995	6000.0
905	2.757	9.406	1.192	9.363	0.011	0.995	6000.0
906	2.122	7.264	0.921	7.392	0.015	0.996	7000.0
907	1.996	6.845	0.92	7.204	0.012	0.996	6000.0
908	1.714	5.862	0.84	6.616	0.013	0.997	7000.0
909	1.511	5.172	0.693	5.328	0.006	0.997	6000.0
910	1.94	6.654	0.963	7.865	0.008	0.994	10000.0
911	1.413	4.851	0.612	4.76	0.005	0.998	6000.0
912	1.65	5.627	0.8	5.838	0.008	0.998	6000.0
913	1.963	6.774	0.839	6.792	0.009	0.996	7000.0
914	1.762	6.007	0.786	6.186	0.012	0.997	6000.0
915	2.346	8.072	1.082	8.985	0.012	0.991	6000.0
916	1.37	4.75	0.646	5.187	0.003	0.998	6000.0
917	2.461	8.429	1.084	8.735	0.012	0.994	7000.0
918	2.056	7.014	0.938	7.804	0.008	0.996	11000.0
919	2.471	8.503	1.012	7.975	0.016	0.995	6000.0
920	2.425	8.318	1.182	9.461	0.01	0.992	8000.0
921	1.757	6.056	0.755	5.719	0.01	0.998	6000.0
922	1.51	5.209	0.691	5.762	0.004	0.997	6000.0
923	1.53	5.215	0.724	5.698	0.003	0.998	9000.0
924	2.628	8.968	1.151	9.388	0.015	0.994	6000.0
925	1.603	5.476	0.706	5.484	0.004	0.998	6000.0
926	2.613	8.978	1.11	9.189	0.009	0.995	6000.0
927	1.537	5.3	0.659	5.508	0.005	0.998	8000.0
928	2.359	8.063	1.054	8.445	0.008	0.995	6000.0
929	1.334	4.591	0.59	4.713	0.006	0.999	6000.0
930	2.55	8.751	1.145	8.763	0.015	0.995	6000.0
931	1.304	4.461	0.587	4.932	0.006	0.998	6000.0
932	1.503	5.142	0.738	5.893	0.007	0.997	8000.0
933	2.525	8.609	1.081	8.059	0.012	0.995	6000.0
934	1.48	5.008	0.755	5.997	0.007	0.997	6000.0
935	2.179	7.472	0.944	7.675	0.011	0.996	6000.0
936	1.93	6.591	0.839	6.879	0.007	0.997	6000.0
937	2.731	9.338	1.227	9.879	0.014	0.994	6000.0
938	2.022	6.931	0.954	7.588	0.012	0.996	8000.0
939	2.676	9.161	1.259	10.022	0.014	0.994	7000.0
940	2.753	9.473	1.196	9.489	0.012	0.994	6000.0
941	2.834	9.616	1.323	9.516	0.022	0.991	6000.0
942	2.597	8.793	1.109	9.301	0.014	0.991	6000.0
943	2.114	7.201	0.972	7.836	0.008	0.996	8000.0
944	1.935	6.557	0.837	6.364	0.009	0.997	6000.0
945	1.54	5.247	0.775	5.933	0.005	0.997	6000.0
946	2.634	9.004	1.274	10.006	0.009	0.993	6000.0
947	2.094	7.19	1.057	8.446	0.006	0.995	6000.0
948	1.662	5.697	0.778	6.581	0.008	0.997	6000.0
949	1.605	5.453	0.739	6.039	0.012	0.997	6000.0
950	1.901	6.54	0.952	7.651	0.011	0.995	6000.0
951	2.048	6.964	0.975	7.454	0.009	0.996	6000.0
952	1.726	5.875	0.76	5.858	0.007	0.998	6000.0
953	1.871	6.393	0.819	6.461	0.01	0.996	10000.0
954	1.638	5.62	0.819	6.527	0.01	0.996	6000.0
955	1.364	4.688	0.617	5.119	0.007	0.998	10000.0
956	1.711	5.799	0.725	5.944	0.005	0.997	6000.0
957	2.583	8.709	1.152	8.224	0.01	0.994	8000.0
958	1.929	6.62	0.834	6.679	0.01	0.996	7000.0
959	1.683	5.811	0.873	7.033	0.007	0.996	6000.0
960	2.496	8.537	1.168	9.414	0.006	0.994	6000.0
961	0.92	3.12	0.467	3.365	0.003	0.998	6000.0
962	1.936	6.656	0.84	6.649	0.007	0.997	7000.0
963	2.378	8.102	1.01	7.862	0.019	0.996	7000.0
964	1.915	6.456	0.845	6.817	0.007	0.996	6000.0
965	2.045	7.027	0.911	6.872	0.01	0.995	6000.0
966	1.855	6.336	0.924	7.458	0.01	0.995	6000.0
967	3.102	10.635	1.36	10.829	0.02	0.993	7000.0
968	2.652	9.108	1.11	9.336	0.01	0.993	9000.0
969	1.297	4.437	0.651	5.37	0.006	0.998	16000.0
970	2.842	9.694	1.322	10.013	0.01	0.994	10000.0
971	1.905	6.468	0.809	6.486	0.011	0.997	6000.0
972	1.561	5.385	0.738	6.24	0.01	0.997	6000.0
973	1.831	6.283	0.739	6.097	0.014	0.995	7000.0
974	2.897	9.964	1.25	9.785	0.017	0.993	6000.0
975	1.297	4.473	0.593	4.632	0.003	0.999	9000.0
976	1.459	4.995	0.718	5.752	0.006	0.998	9000.0
977	1.074	3.673	0.473	3.486	0.007	0.999	6000.0
978	2.119	7.327	0.842	7.168	0.008	0.995	6000.0
979	1.976	6.777	0.853	7.115	0.009	0.995	7000.0
980	2.886	9.883	1.252	9.902	0.019	0.993	6000.0
981	1.623	5.511	0.851	6.75	0.008	0.996	7000.0
982	1.255	4.312	0.573	4.85	0.002	0.998	11000.0
983	1.342	4.578	0.635	5.176	0.004	0.997	10000.0
984	2.087	7.19	0.897	7.028	0.012	0.997	6000.0
985	2.196	7.576	1.061	8.388	0.019	0.995	6000.0
986	2.345	8.017	1.148	9.007	0.014	0.994	6000.0
987	1.961	6.7	0.934	7.438	0.005	0.996	9000.0
988	3.045	10.451	1.351	11.305	0.014	0.991	6000.0
989	1.574	5.325	0.709	5.321	0.008	0.998	7000.0
990	2.761	9.401	1.248	9.71	0.019	0.991	6000.0
991	2.897	10.004	1.291	10.355	0.013	0.993	7000.0
992	1.816	6.24	0.819	6.799	0.004	0.996	6000.0
993	1.465	5.027	0.689	5.735	0.004	0.997	6000.0
994	1.807	6.216	0.742	6.297	0.005	0.997	6000.0
995	0.71	2.444	0.37	2.872	0.001	0.999	7000.0
996	1.707	5.825	0.792	6.238	0.005	0.997	6000.0
997	2.192	7.523	1.088	9.031	0.016	0.993	15000.0
998	1.587	5.45	0.733	5.904	0.008	0.997	6000.0
999	3.822	13.051	1.854	15.155	0.025	0.983	6000.0
1000	2.691	9.253	1.43	10.257	0.021	0.994	6000.0
