MutationType	CNV48A	CNV48B	CNV48C	CNV48D	CNV48E	CNV48F	CNV48G	CNV48H
0:homdel:0-100kb	3.3877865055274013e-06	3.244024888999775e-06	3.447050440172461e-06	3.5031777044878255e-06	3.4632754134236164e-06	3.525031275330548e-06	3.4867679312355904e-06	3.459739729805733e-06
0:homdel:100kb-1Mb	3.3877866856073526e-06	3.2440248101011092e-06	3.447050460522405e-06	3.50317773632014e-06	3.4632755184702548e-06	3.525031447679794e-06	3.4867676040448716e-06	3.459739663185246e-06
0:homdel:>1Mb	3.387786696976036e-06	3.2440248030525254e-06	3.4470504575665475e-06	3.503177737911756e-06	3.463275520289244e-06	3.5250314599579722e-06	3.4867675881287142e-06	3.4597396627304988e-06
1:LOH:0-100kb	0.029324183912874734	0.0027292673975605848	0.012114479640278923	0.0055806987746910225	0.020305548499950865	0.05269668862743816	0.08543911125646224	0.041072243257713775
1:LOH:100kb-1Mb	3.387787016663424e-06	3.2440246711757937e-06	3.4470504805312886e-06	3.5031777922540642e-06	3.463275696276469e-06	3.5250317594091028e-06	3.486767013100689e-06	3.4597395456330558e-06
1:LOH:1Mb-10Mb	0.03975478362985418	0.004617445328090459	0.031455608441770706	0.039306561446635184	0.3049660271717651	0.021725670619168518	0.00817697201096463	0.03892833804781592
1:LOH:10Mb-40Mb	0.07322733554727336	0.06690741906522157	0.0815312139279612	0.4716070602089167	0.08430446310970172	0.07872404389897258	0.04107298786214637	0.11698512502642663
1:LOH:>40Mb	0.05391079515626763	0.4753990877568722	0.045232576111158766	0.07478391698278844	0.04211493957359528	0.07968336801988335	0.11141939863970098	0.11336232337143692
2:LOH:0-100kb	3.387786853409125e-06	3.244024742343754e-06	3.4470504679120495e-06	3.503177764969223e-06	3.4632756112387143e-06	3.52503160456763e-06	3.486767308686467e-06	3.4597396047502118e-06
2:LOH:100kb-1Mb	3.3877867549563235e-06	3.2440247821341472e-06	3.4470504623413946e-06	3.5031777488256923e-06	3.463275555077416e-06	3.525031510889676e-06	3.4867674853558126e-06	3.4597396379467683e-06
2:LOH:1Mb-10Mb	3.3877864552778193e-06	3.2440249067349215e-06	3.447050444606248e-06	3.5031776960749994e-06	3.4632753909136227e-06	3.5250312328116705e-06	3.486768014909103e-06	3.4597397457218904e-06
2:LOH:10Mb-40Mb	3.387786784514901e-06	3.244024770992837e-06	3.4470504601813445e-06	3.5031777540552864e-06	3.4632755675829687e-06	3.5250315402208797e-06	3.4867674341967357e-06	3.459739630443437e-06
2:LOH:>40Mb	3.3877866230795917e-06	3.2440248396596872e-06	3.447050450063216e-06	3.503177725633577e-06	3.463275481863093e-06	3.525031388107891e-06	3.4867677202328197e-06	3.459739686377361e-06
3-4:LOH:0-100kb	3.3877869800562622e-06	3.2440246893656877e-06	3.447050474505886e-06	3.5031777872518434e-06	3.463275676494959e-06	3.5250317232566884e-06	3.486767087906628e-06	3.459739559730224e-06
3-4:LOH:100kb-1Mb	3.3877869213938537e-06	3.2440247132399237e-06	3.447050473937452e-06	3.503177779066391e-06	3.4632756460268864e-06	3.525031668232259e-06	3.4867671893152874e-06	3.4597395795117335e-06
3-4:LOH:1Mb-10Mb	3.3877866510465537e-06	3.2440248246530247e-06	3.447050450176903e-06	3.503177727907314e-06	3.4632754968697554e-06	3.5250314135737425e-06	3.486767671120106e-06	3.459739680693019e-06
3-4:LOH:10Mb-40Mb	3.387786663324732e-06	3.2440248185139353e-06	3.4470504537011948e-06	3.5031777310905453e-06	3.463275503008845e-06	3.5250314251698e-06	3.486767651111222e-06	3.4597396740991827e-06
3-4:LOH:>40Mb	3.3877866680995792e-06	3.24402481942343e-06	3.447050454269629e-06	3.503177732227414e-06	3.4632755043730867e-06	3.525031431536263e-06	3.4867676388330437e-06	3.4597396706885774e-06
5-8:LOH:0-100kb	3.3877870141623132e-06	3.2440246741316515e-06	3.44705047723437e-06	3.5031777949825484e-06	3.4632756992323267e-06	3.525031755998498e-06	3.4867670217408886e-06	3.459739546997298e-06
5-8:LOH:100kb-1Mb	3.3877870973810785e-06	3.244024638206611e-06	3.44705048587457e-06	3.5031778108987053e-06	3.4632757399322145e-06	3.5250318344424157e-06	3.486766871446889e-06	3.4597395172113463e-06
5-8:LOH:1Mb-10Mb	3.3877868809213396e-06	3.2440247293834544e-06	3.447050468139423e-06	3.5031777731546753e-06	3.4632756237442664e-06	3.5250316343535815e-06	3.486767256845269e-06	3.459739591335165e-06
5-8:LOH:10Mb-40Mb	3.3877866378588805e-06	3.244024829200498e-06	3.447050451995892e-06	3.503177728589435e-06	3.4632754891390505e-06	3.5250314026598064e-06	3.4867676977228256e-06	3.459739682966756e-06
5-8:LOH:>40Mb	3.387786436405804e-06	3.2440249158298683e-06	3.447050438808219e-06	3.5031776951655046e-06	3.4632753763617076e-06	3.5250312139396557e-06	3.486768051971012e-06	3.4597397518609797e-06
9+:LOH:0-100kb	3.387786585108188e-06	3.244024852392613e-06	3.4470504490400343e-06	3.5031777199492355e-06	3.4632754611720885e-06	3.525031352410224e-06	3.4867677852616906e-06	3.459739698882913e-06
9+:LOH:100kb-1Mb	3.387786882058208e-06	3.2440247271097177e-06	3.44705047041316e-06	3.5031777701988175e-06	3.4632756257906294e-06	3.525031634808329e-06	3.48676725320729e-06	3.4597395917899123e-06
9+:LOH:1Mb-10Mb	3.3877867579121813e-06	3.244024782361521e-06	3.447050463364576e-06	3.503177748143571e-06	3.4632755571237796e-06	3.525031517710886e-06	3.4867674751239972e-06	3.4597396379467683e-06
9+:LOH:10Mb-40Mb	3.387786882740329e-06	3.2440247266549702e-06	3.447050470185786e-06	3.5031777715630598e-06	3.4632756248811345e-06	3.5250316316250974e-06	3.4867672566178953e-06	3.459739596110012e-06
9+:LOH:>40Mb	3.387786743360266e-06	3.2440247846352577e-06	3.447050459726597e-06	3.5031777463245815e-06	3.463275545300348e-06	3.5250315045232127e-06	3.4867675033183334e-06	3.4597396427216154e-06
2:het:0-100kb	0.0005088504477723793	0.002001727193464038	0.0002021483664004168	0.011331817746900997	0.0054050408141157365	0.0021389097429751914	0.0012642846562419387	0.011014950103332474
2:het:100kb-1Mb	3.387786953680916e-06	3.2440246991427557e-06	3.4470504756427545e-06	3.503177784750733e-06	3.4632756601240545e-06	3.525031699155079e-06	3.4867671290612632e-06	3.4597395679156762e-06
2:het:1Mb-10Mb	0.01508504828866185	0.042602263823030034	0.07347273917504359	0.026597336778497207	0.004712112253645216	0.013114264814926713	0.1481314207161126	0.03867412337083601
2:het:10Mb-40Mb	0.026685265583817955	0.058292054903390504	0.058283104236584934	0.06238640017702017	0.03476625834063461	0.38922959969563087	0.11132632277389212	0.08928275859204214
2:het:>40Mb	0.045260981375511496	0.06828239912050715	0.0704094438753351	0.0582554628035944	0.167333228758284	0.08638078636266668	0.07787311646141222	0.26728032620349473
3-4:het:0-100kb	0.03970512041362456	0.02186179763251684	0.061665631786985566	0.0368184927925226	0.011433606419678433	0.02131423269994531	0.01767243025230659	0.013592564001679887
3-4:het:100kb-1Mb	3.3877871417189453e-06	3.244024621153585e-06	3.4470504854198224e-06	3.5031778165830473e-06	3.46327576562544e-06	3.525031873550688e-06	3.486766795276708e-06	3.4597395047057943e-06
3-4:het:1Mb-10Mb	0.031149249692376806	0.024790259535738806	0.0292698484316833	0.046384424902219654	0.011003752208722144	0.12971951571866946	0.029953455470162788	0.046022571353175175
3-4:het:10Mb-40Mb	0.09211867128847254	0.07895246365897345	0.4099258018627297	0.0677814923129559	0.0863197396196031	0.05748073912255677	0.15593154522238917	0.08584733265815309
3-4:het:>40Mb	0.5531477514877915	0.15344702454736936	0.12631331146911867	0.09904022735519358	0.22721062088611543	0.06766530076935955	0.21161342695377006	0.13781278428181473
5-8:het:0-100kb	3.3877859514177545e-06	3.2440251168281973e-06	3.4470504053842887e-06	3.503177608763508e-06	3.4632751148819808e-06	3.5250307605565467e-06	3.4867689166731e-06	3.459739927393457e-06
5-8:het:100kb-1Mb	3.387786907296686e-06	3.2440247209706287e-06	3.447050471095281e-06	3.5031777765652806e-06	3.463275642388908e-06	3.5250316539077174e-06	3.486767214099018e-06	3.459739582694965e-06
5-8:het:1Mb-10Mb	3.387786597841114e-06	3.244024849664129e-06	3.447050451313771e-06	3.50317772085873e-06	3.463275470494409e-06	3.5250313633241604e-06	3.486767766389676e-06	3.459739695017561e-06
5-8:het:10Mb-40Mb	3.387786775647328e-06	3.244024774630816e-06	3.4470504616592735e-06	3.5031777533731657e-06	3.4632755678103424e-06	3.525031531125933e-06	3.4867674492033982e-06	3.4597396302160634e-06
5-8:het:>40Mb	3.3877867281262296e-06	3.244024791911215e-06	3.4470504589307893e-06	3.503177744505592e-06	3.463275539388633e-06	3.525031486788066e-06	3.486767533786406e-06	3.4597396465869677e-06
9+:het:0-100kb	3.387786856592356e-06	3.244024736886786e-06	3.4470504699584125e-06	3.5031777661060915e-06	3.4632756130577036e-06	3.525031612070961e-06	3.486767297545157e-06	3.459739599747991e-06
9+:het:100kb-1Mb	3.3877865407703213e-06	3.2440248717193752e-06	3.4470504448336213e-06	3.5031777108542882e-06	3.463275438889468e-06	3.525031308981852e-06	3.4867678666614666e-06	3.459739714571697e-06
9+:het:1Mb-10Mb	3.3877867106184567e-06	3.244024800551415e-06	3.447050461318213e-06	3.5031777410949874e-06	3.4632755296115646e-06	3.52503147155403e-06	3.4867675612986204e-06	3.459739654090299e-06
9+:het:10Mb-40Mb	3.3877867626870285e-06	3.2440247771319264e-06	3.4470504581349815e-06	3.5031777508720553e-06	3.4632755573511533e-06	3.52503152043937e-06	3.4867674723955135e-06	3.4597396377193946e-06
9+:het:>40Mb	3.3877865071190173e-06	3.2440248808143225e-06	3.447050446652611e-06	3.50317770539732e-06	3.4632754188805847e-06	3.525031282151758e-06	3.4867679228227643e-06	3.4597397282141174e-06
