#Id	Chromosome	Start	End	Width	Type	fractionalCopyNumber	CopyNumber	Confidence	AlleleFreq	Mask_overlap_fract	Algorithm
9	1	39487341	42052529	2057474	gain	2.60492346590646	3	0.999999999999999	0.219951173347812	0	Region-based
94	12	92676343	112263535	48920961	gain	2.95735461577801	3	1	0.453565386454208	0	Region-based
94	13	14568	54550171	15876415	gain	2.41186185381967	2	0.999999999999985	0.488689489626151	0.0405792412244605	Region-based
57	5	96024675	113054665	536244	gain	2.90713077290842	4	1	0.479377558172074	0	Region-based
90	12	112266967	133275309	90996109	gain	2.90713077290842	3	0.999999995818888	0.478367348741306	0.0717946720260567	Region-based
6	1	2856466	36154423	22951267	gain	2.28526193730479	2	0.996484496306704	0.432597388497118	0.0918171400112001	Region-based
97	13	13249996	54550171	47010716	loss	1.04326530251739	1	1	0.432597388497118	0	Region-based
59	6	89934475	170739897	90996109	gain	3.17663000065947	4	0.999999995818888	0.588315000329735	0	Region-based
59	5	92017586	113054665	787698	loss	1.73944003812551	2	1	0.421654882386895	0	Region-based
41	7	7.08215e+07	89932355	3986852	gain	3.97613134214632	4	1	0.674611727759902	0	Region-based
8	1	45227209	49590440	2478919	loss	1.73944003812551	2	0.996484496306704	0.142630968652394	0.00318736589628394	Region-based
43	6	57042204	81008575	1092563	loss	1.15669023522621	1	1	0.421654882386895	0.0177452187405676	Region-based
25	1	36154423	45227209	2057474	loss	1.56009765330438	2	0.996484496306704	0.205930926909833	0.0177452187405676	Region-based
11	1	32307917	42052529	2155648	gain	3.3492234555198	3	0.999999882457457	0.988065671073161	0	Region-based
4	1	28377312	36161409	1463319	gain	2.82670795192467	3	0.999997253356092	0.281227909457752	0	Region-based
58	5	92017586	159334984	14645676	loss	1.03269928314502	1	1	0.49019163698891	0	Region-based
96	13	13249996	73804209	28362744	gain	2.28526193730479	2	1	0.488689489626151	0.0307925072411894	Region-based
58	7	62502633	88027350	12809060	gain	3.97613134214632	3	0.999999995818888	0.988065671073161	0	Region-based
10	3	39493048	42051978	1463319	gain	2.23629228716268	2	1	0.413353975962337	0.0162454699121712	Region-based
49	5	92017586	144682401	8923780	gain	2.90713077290842	3	1	0.49019163698891	0	Region-based
57	7	144682401	154430085	37642800	loss	1.46770643929077	1	1	0.483650358427489	0.042357201910114	Region-based
36	6	21185509	49590440	5372352	gain	2.55224825798257	3	1	0.281227909457752	0	Region-based
58	6	144137812	144146157	8923780	gain	2.9225483180617	3	1	0.421654882386895	0.262095240226464	Region-based
42	5	95216851	144682401	3195695	loss	1.04124488365585	1	1	0.434333094732178	0.00318736589628394	Region-based
10	1	39493048	73804209	3986852	gain	2.82670795192467	3	0.992020899601001	0.205930926909833	0	Region-based
7	1	23881465	33998775	2478919	gain	2.60492346590646	3	0.999997253356092	0.147552398017418	0	Region-based
36	7	36161409	40956367	12809060	loss	1.04124488365585	1	1	0.281227909457752	0.0177452187405676	Region-based
11	1	32307917	42052529	2478919	loss	0.851824360342982	1	0.996484496306704	0.276124128991283	0.0162454699121712	Region-based
24	1	36161409	49590440	9322962	gain	2.55224825798257	3	0.999997253356092	0.219951173347812	0	Region-based
96	13	2579724	45223687	29451451	loss	0.851824360342982	1	1	0.481931523275292	0	Region-based
