NMF_Replicate	L1	L1 %	L2	L2 %	KL Divergence	Correlation	Convergence Iterations
1	6.776	38.079	3.351	31.156	0.204	0.937	6000.0
2	6.576	37.092	3.305	27.539	0.185	0.956	6000.0
3	5.295	29.228	2.356	20.773	0.16	0.976	6000.0
4	7.802	43.89	3.861	33.845	0.217	0.938	6000.0
5	6.223	35.312	2.821	24.94	0.212	0.967	6000.0
6	6.517	36.57	2.964	25.632	0.171	0.966	6000.0
7	6.561	37.16	3.192	28.778	0.174	0.956	6000.0
8	6.631	36.68	3.044	26.695	0.204	0.966	6000.0
9	7.314	40.272	3.14	29.659	0.25	0.949	6000.0
10	5.996	33.509	2.652	24.936	0.178	0.968	6000.0
11	7.06	40.252	3.29	30.393	0.196	0.952	6000.0
12	7.338	41.402	3.276	30.263	0.238	0.947	6000.0
13	6.898	39.023	3.389	30.402	0.194	0.943	6000.0
14	8.497	47.449	3.842	36.057	0.227	0.935	6000.0
15	6.466	36.34	3.0	26.514	0.215	0.966	6000.0
16	6.32	35.99	3.059	27.32	0.174	0.955	6000.0
17	7.429	41.436	3.314	31.887	0.255	0.939	6000.0
18	8.282	46.8	4.209	37.856	0.211	0.924	6000.0
19	8.133	44.943	3.753	34.237	0.231	0.931	6000.0
20	4.973	27.846	2.333	20.359	0.145	0.974	6000.0
21	7.582	41.59	4.059	34.763	0.18	0.929	6000.0
22	8.285	47.177	3.708	35.197	0.253	0.925	6000.0
23	6.984	39.812	3.303	29.435	0.2	0.936	6000.0
24	7.425	41.44	3.533	32.448	0.222	0.94	6000.0
25	6.435	35.551	3.026	26.957	0.162	0.962	6000.0
26	6.13	34.705	2.934	26.299	0.186	0.961	6000.0
27	7.796	42.978	3.463	32.657	0.229	0.948	6000.0
28	8.116	44.847	3.65	34.804	0.245	0.939	6000.0
29	6.317	35.646	2.845	27.612	0.167	0.964	6000.0
30	7.946	44.742	4.121	34.598	0.212	0.93	6000.0
31	6.985	39.077	3.171	29.234	0.205	0.95	6000.0
32	7.666	42.504	3.617	33.272	0.213	0.944	6000.0
33	6.182	34.736	2.82	25.433	0.159	0.965	6000.0
34	6.441	36.139	3.211	28.897	0.154	0.959	6000.0
35	9.314	52.31	4.695	43.554	0.265	0.895	6000.0
36	6.433	35.612	2.714	24.441	0.193	0.975	6000.0
37	6.547	36.92	3.201	28.273	0.19	0.962	6000.0
38	6.67	37.849	2.967	27.052	0.212	0.967	6000.0
39	7.474	42.687	3.693	33.53	0.23	0.923	6000.0
40	6.268	35.808	3.178	29.229	0.162	0.959	6000.0
41	6.47	36.612	3.378	28.795	0.15	0.948	6000.0
42	6.801	37.902	3.11	28.234	0.212	0.963	6000.0
43	7.751	43.468	3.209	29.622	0.256	0.954	6000.0
44	7.161	40.105	3.276	29.951	0.209	0.957	6000.0
45	9.538	53.292	4.494	41.123	0.279	0.902	6000.0
46	7.785	43.472	3.523	33.45	0.23	0.942	6000.0
47	6.267	34.593	3.026	28.096	0.142	0.958	6000.0
48	6.057	34.551	2.943	26.874	0.171	0.962	6000.0
49	6.598	37.395	2.766	24.531	0.219	0.969	6000.0
50	6.168	34.5	2.71	24.846	0.175	0.968	6000.0
51	6.02	33.156	2.861	24.251	0.185	0.967	6000.0
52	8.025	44.543	3.43	33.539	0.271	0.935	6000.0
53	7.841	44.305	3.829	33.264	0.235	0.945	6000.0
54	6.496	36.498	2.914	26.022	0.205	0.966	6000.0
55	7.784	44.396	3.499	33.418	0.256	0.927	6000.0
56	6.749	37.772	3.1	30.243	0.193	0.949	6000.0
57	5.999	33.453	2.977	27.302	0.16	0.964	6000.0
58	6.782	38.271	3.694	32.227	0.161	0.945	6000.0
59	7.971	44.892	3.645	33.29	0.246	0.946	6000.0
60	6.318	35.825	3.055	27.95	0.17	0.953	6000.0
61	7.084	39.102	3.424	30.4	0.186	0.952	6000.0
62	6.634	36.955	3.213	28.905	0.206	0.962	6000.0
63	7.045	38.551	3.305	29.266	0.184	0.95	6000.0
64	7.012	38.736	3.266	29.881	0.175	0.947	6000.0
65	7.303	40.98	3.579	33.93	0.226	0.937	6000.0
66	6.436	36.142	2.96	27.407	0.191	0.968	6000.0
67	7.39	42.172	3.322	32.254	0.24	0.938	6000.0
68	6.851	38.479	3.232	29.506	0.18	0.958	6000.0
69	6.425	35.87	2.808	25.376	0.197	0.97	6000.0
70	6.575	37.009	3.091	28.059	0.207	0.959	6000.0
71	7.969	44.092	3.832	34.783	0.233	0.938	6000.0
72	5.87	32.95	2.905	23.786	0.15	0.97	6000.0
73	8.498	47.813	4.183	39.212	0.264	0.909	6000.0
74	6.072	34.03	2.701	24.485	0.186	0.958	6000.0
75	7.202	40.297	3.511	31.258	0.205	0.943	6000.0
76	4.99	28.061	2.313	19.732	0.137	0.977	6000.0
77	7.142	40.987	3.451	32.319	0.21	0.94	6000.0
78	9.03	50.206	4.662	41.632	0.226	0.915	6000.0
79	8.082	45.695	3.898	37.212	0.236	0.923	6000.0
80	7.263	40.699	3.398	31.568	0.223	0.94	6000.0
81	7.009	39.138	3.133	28.944	0.218	0.957	6000.0
82	7.315	41.478	3.323	31.966	0.228	0.946	6000.0
83	5.698	32.01	2.946	25.648	0.153	0.962	6000.0
84	7.461	42.088	3.362	31.554	0.229	0.948	6000.0
85	6.778	38.608	3.236	28.99	0.198	0.954	6000.0
86	6.267	34.309	2.971	26.701	0.161	0.954	6000.0
87	7.449	41.14	3.236	30.565	0.252	0.951	6000.0
88	7.356	42.386	3.431	31.107	0.24	0.94	6000.0
89	5.42	30.314	2.403	20.887	0.158	0.981	6000.0
90	7.032	39.489	3.358	29.631	0.211	0.956	6000.0
91	4.303	24.42	1.816	15.718	0.156	0.987	6000.0
92	8.161	46.667	4.027	36.672	0.222	0.922	6000.0
93	7.711	42.898	3.772	35.967	0.211	0.93	6000.0
94	6.898	39.694	3.161	29.315	0.215	0.95	6000.0
95	6.649	36.868	3.153	27.807	0.202	0.965	6000.0
96	8.053	44.944	3.997	34.303	0.195	0.938	6000.0
97	6.121	34.404	2.787	24.851	0.183	0.975	6000.0
98	6.706	36.455	3.211	30.16	0.196	0.946	6000.0
99	6.639	38.515	3.136	30.245	0.191	0.941	6000.0
100	6.597	36.72	3.051	27.893	0.175	0.959	6000.0
101	7.479	41.897	3.233	29.195	0.236	0.951	6000.0
102	5.771	32.128	2.535	23.147	0.193	0.967	6000.0
103	5.58	31.8	2.404	22.513	0.184	0.974	6000.0
104	7.734	43.086	3.673	33.576	0.228	0.934	6000.0
105	8.23	46.952	3.837	36.675	0.239	0.927	6000.0
106	6.007	33.442	2.615	23.817	0.187	0.978	6000.0
107	7.421	41.627	3.33	30.821	0.219	0.947	6000.0
108	5.191	28.642	2.361	20.505	0.156	0.976	6000.0
109	8.024	44.527	3.737	32.654	0.23	0.942	6000.0
110	6.647	37.484	3.226	29.569	0.179	0.954	6000.0
111	6.226	34.598	2.937	27.14	0.177	0.959	6000.0
112	6.441	36.46	2.874	26.239	0.196	0.966	6000.0
113	5.869	32.949	3.02	25.621	0.154	0.961	6000.0
114	6.532	36.66	3.305	28.554	0.199	0.963	6000.0
115	7.855	43.683	3.592	34.515	0.239	0.94	6000.0
116	7.85	44.794	3.607	34.226	0.245	0.939	6000.0
117	7.735	43.147	3.648	32.818	0.264	0.94	6000.0
118	6.363	36.141	3.058	27.458	0.184	0.963	6000.0
119	7.87	44.522	3.933	36.391	0.245	0.933	6000.0
120	6.723	37.827	3.132	28.433	0.175	0.954	6000.0
121	6.31	35.091	3.025	27.02	0.163	0.965	6000.0
122	6.328	35.462	2.703	24.64	0.211	0.969	6000.0
123	6.718	37.352	3.351	28.955	0.169	0.953	6000.0
124	8.486	48.509	4.196	36.678	0.251	0.917	6000.0
125	5.931	32.436	2.679	23.335	0.176	0.973	6000.0
126	7.366	41.581	3.398	30.509	0.241	0.952	6000.0
127	7.994	44.597	3.907	34.842	0.207	0.924	6000.0
128	5.884	32.365	2.418	22.129	0.2	0.968	6000.0
129	5.885	33.579	2.62	25.474	0.208	0.962	6000.0
130	6.305	34.322	2.939	25.101	0.189	0.968	6000.0
131	7.263	40.799	3.609	34.323	0.181	0.935	6000.0
132	7.366	41.277	3.684	33.821	0.177	0.945	6000.0
133	8.395	47.183	3.845	36.202	0.226	0.933	6000.0
134	7.147	40.46	3.296	31.297	0.197	0.944	6000.0
135	7.925	44.416	3.825	36.795	0.196	0.928	6000.0
136	7.656	43.451	3.61	34.17	0.236	0.935	6000.0
137	7.681	42.328	3.308	32.539	0.217	0.941	6000.0
138	6.334	35.241	2.701	25.894	0.232	0.957	6000.0
139	8.159	45.105	3.688	33.805	0.255	0.941	6000.0
140	7.114	40.114	3.34	31.271	0.215	0.941	6000.0
141	6.301	35.043	2.813	25.042	0.196	0.963	6000.0
142	7.46	41.169	3.763	35.421	0.174	0.932	6000.0
143	7.578	42.307	3.516	31.824	0.236	0.949	6000.0
144	6.11	34.075	3.02	26.881	0.156	0.959	6000.0
145	6.851	37.652	3.101	28.313	0.21	0.964	6000.0
146	7.121	40.069	3.503	31.897	0.171	0.945	6000.0
147	5.955	34.181	2.851	26.971	0.156	0.956	6000.0
148	6.751	38.001	2.998	26.727	0.197	0.968	6000.0
149	5.89	33.179	2.758	25.278	0.177	0.964	6000.0
150	7.901	44.501	3.665	34.895	0.239	0.941	6000.0
151	6.245	35.377	2.907	26.53	0.197	0.961	6000.0
152	6.676	37.406	3.021	27.366	0.204	0.961	6000.0
153	6.277	34.758	2.701	25.854	0.196	0.966	6000.0
154	6.0	33.881	2.652	24.819	0.206	0.966	6000.0
155	7.192	40.135	3.242	31.167	0.194	0.943	6000.0
156	7.026	39.716	3.043	28.824	0.229	0.957	6000.0
157	8.689	48.251	3.799	37.329	0.275	0.922	6000.0
158	8.281	46.082	3.717	34.826	0.253	0.937	6000.0
159	8.605	48.143	4.029	36.326	0.252	0.914	6000.0
160	6.041	33.88	2.827	25.365	0.165	0.963	6000.0
161	8.658	47.77	3.775	35.194	0.265	0.945	6000.0
162	6.052	34.39	3.006	26.825	0.16	0.957	6000.0
163	8.568	47.124	3.933	34.977	0.26	0.933	6000.0
164	5.49	30.95	2.662	23.545	0.138	0.965	6000.0
165	6.452	37.007	2.843	26.775	0.204	0.953	6000.0
166	7.042	39.113	3.244	29.202	0.22	0.935	6000.0
167	7.48	41.401	3.347	30.226	0.217	0.955	6000.0
168	8.328	47.683	4.015	35.873	0.257	0.916	6000.0
169	7.576	43.466	3.559	31.934	0.257	0.944	6000.0
170	5.758	31.975	2.727	25.712	0.15	0.967	6000.0
171	7.451	42.874	3.642	32.912	0.229	0.93	6000.0
172	6.315	35.358	2.613	24.107	0.217	0.97	6000.0
173	7.651	42.738	3.78	33.215	0.198	0.943	6000.0
174	8.635	48.686	4.256	36.925	0.278	0.911	6000.0
175	8.744	49.442	4.021	36.255	0.246	0.924	6000.0
176	6.664	38.034	3.066	28.641	0.2	0.957	6000.0
177	6.756	37.494	2.977	26.341	0.217	0.965	6000.0
178	6.218	35.029	2.911	26.63	0.175	0.968	6000.0
179	5.317	28.944	2.296	19.528	0.175	0.978	6000.0
180	6.195	34.877	2.813	25.696	0.202	0.964	6000.0
181	7.192	40.648	3.592	31.317	0.205	0.955	6000.0
182	7.734	43.156	3.893	34.787	0.173	0.936	6000.0
183	5.418	30.235	2.42	20.451	0.192	0.981	6000.0
184	7.28	41.009	3.186	29.559	0.25	0.953	6000.0
185	6.888	38.341	3.35	30.379	0.209	0.951	6000.0
186	5.475	31.051	2.439	22.706	0.158	0.974	6000.0
187	6.85	38.724	3.185	29.529	0.2	0.959	6000.0
188	8.248	45.454	3.657	34.328	0.246	0.939	6000.0
189	6.808	38.266	2.941	27.11	0.21	0.965	6000.0
190	6.794	37.867	3.277	29.179	0.192	0.949	6000.0
191	7.373	40.625	3.684	32.457	0.209	0.937	6000.0
192	7.915	44.594	3.519	32.654	0.227	0.948	6000.0
193	6.33	35.601	3.025	27.435	0.181	0.958	6000.0
194	8.513	47.156	3.817	36.099	0.265	0.931	6000.0
195	7.089	39.211	3.135	29.01	0.213	0.957	6000.0
196	7.632	43.223	3.356	32.989	0.221	0.934	6000.0
197	8.645	48.791	3.939	36.67	0.289	0.927	6000.0
198	7.747	43.505	3.758	33.564	0.222	0.936	6000.0
199	6.689	37.471	3.102	27.877	0.189	0.96	6000.0
200	5.856	32.845	2.58	23.597	0.178	0.964	6000.0
201	5.509	31.252	2.757	25.932	0.132	0.96	6000.0
202	7.638	42.941	3.581	33.623	0.234	0.935	6000.0
203	5.582	30.778	2.421	21.987	0.191	0.975	6000.0
204	6.512	37.41	3.029	27.888	0.224	0.942	6000.0
205	6.143	34.022	2.934	28.092	0.176	0.951	6000.0
206	6.177	34.738	2.829	26.518	0.193	0.965	6000.0
207	7.192	40.399	3.149	28.83	0.236	0.95	6000.0
208	6.545	37.235	2.971	27.263	0.189	0.962	6000.0
209	7.264	40.599	3.461	32.076	0.209	0.936	6000.0
210	8.124	46.121	4.304	38.432	0.203	0.922	6000.0
211	6.507	36.577	2.899	25.321	0.229	0.967	6000.0
212	8.505	47.238	3.972	34.348	0.273	0.927	6000.0
213	7.867	43.517	3.853	33.784	0.206	0.941	6000.0
214	6.338	34.849	2.89	26.631	0.21	0.959	6000.0
215	8.962	49.959	4.368	41.757	0.258	0.904	6000.0
216	8.097	45.42	3.44	32.276	0.256	0.946	6000.0
217	6.85	38.082	3.453	31.8	0.178	0.951	6000.0
218	8.071	45.492	3.628	32.924	0.242	0.948	6000.0
219	6.871	38.725	3.228	29.557	0.211	0.952	6000.0
220	7.528	43.324	3.516	32.672	0.24	0.929	6000.0
221	6.316	35.052	2.785	26.12	0.182	0.96	6000.0
222	7.473	42.438	3.579	33.728	0.224	0.933	6000.0
223	8.624	48.962	4.124	36.714	0.243	0.917	6000.0
224	6.915	39.031	3.49	32.313	0.193	0.947	6000.0
225	5.374	30.287	2.328	20.889	0.166	0.977	6000.0
226	7.244	40.07	3.728	33.753	0.177	0.945	6000.0
227	6.292	35.295	2.874	26.37	0.171	0.967	6000.0
228	7.589	42.823	3.628	32.468	0.217	0.946	6000.0
229	5.932	33.782	2.592	22.807	0.193	0.974	6000.0
230	6.213	34.673	2.973	26.813	0.146	0.964	6000.0
231	6.765	37.52	3.13	28.558	0.191	0.957	6000.0
232	7.919	44.666	3.4	34.313	0.25	0.935	6000.0
233	8.291	46.141	3.906	34.126	0.268	0.942	6000.0
234	7.344	41.299	3.423	31.73	0.238	0.945	6000.0
235	6.46	36.815	2.973	27.409	0.192	0.961	6000.0
236	6.694	37.183	3.064	27.118	0.192	0.962	6000.0
237	6.236	35.92	2.891	25.748	0.206	0.964	6000.0
238	7.778	43.454	3.519	33.12	0.226	0.947	6000.0
239	7.028	38.716	2.972	27.317	0.223	0.956	6000.0
240	7.548	42.94	3.55	33.507	0.216	0.939	6000.0
241	7.042	39.073	3.077	28.321	0.225	0.957	6000.0
242	5.72	32.152	2.49	22.017	0.196	0.976	6000.0
243	9.268	51.767	4.162	38.14	0.285	0.913	6000.0
244	7.603	42.698	3.28	32.497	0.234	0.946	6000.0
245	6.664	37.153	3.316	30.209	0.189	0.95	6000.0
246	7.602	43.05	3.674	33.824	0.218	0.932	6000.0
247	6.214	34.835	2.85	23.945	0.211	0.965	6000.0
248	8.101	46.053	3.965	34.162	0.24	0.932	6000.0
249	8.455	47.222	3.856	36.662	0.237	0.929	6000.0
250	6.691	37.678	3.004	27.983	0.198	0.959	6000.0
251	7.11	39.929	3.053	28.739	0.218	0.965	6000.0
252	7.2	40.394	3.396	30.536	0.228	0.954	6000.0
253	8.061	45.527	3.809	34.887	0.224	0.934	6000.0
254	6.29	34.975	2.83	25.102	0.202	0.972	6000.0
255	7.198	40.244	3.561	31.326	0.188	0.937	6000.0
256	7.389	41.774	3.308	30.546	0.261	0.946	6000.0
257	6.511	36.431	3.018	28.203	0.195	0.955	6000.0
258	7.156	40.564	3.112	28.543	0.222	0.962	6000.0
259	6.191	34.864	3.163	29.485	0.163	0.958	6000.0
260	6.253	34.96	3.249	28.81	0.125	0.952	6000.0
261	6.634	37.188	2.964	26.129	0.24	0.965	6000.0
262	7.684	43.087	3.162	30.828	0.251	0.948	6000.0
263	6.8	37.872	2.983	26.411	0.229	0.962	6000.0
264	6.228	34.992	2.834	25.723	0.192	0.972	6000.0
265	7.579	42.356	3.521	32.192	0.229	0.948	6000.0
266	7.534	41.673	3.521	31.979	0.21	0.947	6000.0
267	7.567	42.679	3.557	32.486	0.235	0.946	6000.0
268	6.925	39.481	3.254	30.054	0.204	0.959	6000.0
269	6.286	35.963	2.88	28.284	0.192	0.949	6000.0
270	6.988	38.888	3.565	31.516	0.181	0.947	6000.0
271	6.136	34.191	2.701	24.039	0.179	0.971	6000.0
272	6.077	33.792	2.917	26.216	0.163	0.962	6000.0
273	7.139	40.306	3.55	30.835	0.184	0.948	6000.0
274	7.236	40.763	3.067	28.701	0.229	0.956	6000.0
275	5.982	33.419	2.585	24.3	0.205	0.964	6000.0
276	7.781	44.117	3.211	31.413	0.251	0.947	6000.0
277	7.547	42.296	3.439	31.818	0.221	0.941	6000.0
278	7.286	40.833	3.293	29.567	0.248	0.952	6000.0
279	5.821	32.268	2.574	22.824	0.188	0.977	6000.0
280	6.627	38.401	3.257	29.961	0.204	0.938	6000.0
281	5.953	33.639	2.712	25.473	0.192	0.966	6000.0
282	8.551	47.883	4.534	39.513	0.24	0.905	6000.0
283	6.699	37.042	2.861	25.238	0.212	0.961	6000.0
284	6.989	38.612	3.238	29.695	0.198	0.957	6000.0
285	5.367	30.139	2.386	21.29	0.156	0.976	6000.0
286	6.891	39.521	3.222	29.596	0.189	0.95	6000.0
287	7.252	40.568	3.391	31.917	0.202	0.946	6000.0
288	7.935	44.253	3.435	31.399	0.251	0.951	6000.0
289	7.082	40.132	3.134	28.676	0.224	0.958	6000.0
290	5.728	32.826	2.59	24.768	0.17	0.965	6000.0
291	7.267	41.01	3.256	29.891	0.239	0.95	6000.0
292	7.154	39.691	3.302	29.498	0.216	0.955	6000.0
293	9.617	52.729	4.936	40.755	0.264	0.898	6000.0
294	6.166	34.913	2.654	24.077	0.216	0.966	6000.0
295	7.284	40.873	3.342	32.39	0.235	0.941	6000.0
296	7.49	42.244	3.426	32.276	0.208	0.955	6000.0
297	6.573	37.09	3.41	30.42	0.185	0.942	6000.0
298	5.349	29.483	2.396	22.139	0.176	0.961	6000.0
299	8.839	50.492	4.161	38.301	0.267	0.911	6000.0
300	6.783	37.917	3.184	29.928	0.206	0.95	6000.0
301	7.505	40.912	3.363	30.545	0.252	0.949	6000.0
302	6.463	36.943	3.019	26.626	0.194	0.957	6000.0
303	5.694	32.343	2.411	22.238	0.195	0.972	6000.0
304	6.696	37.408	2.899	28.205	0.204	0.958	6000.0
305	7.11	40.549	3.393	31.413	0.195	0.941	6000.0
306	6.001	32.177	2.622	23.576	0.179	0.962	6000.0
307	9.18	51.619	4.17	40.72	0.266	0.917	6000.0
308	6.919	38.047	3.243	30.019	0.183	0.956	6000.0
309	7.71	42.951	3.804	34.33	0.204	0.941	6000.0
310	5.356	30.034	2.428	21.866	0.144	0.972	6000.0
311	6.855	38.323	3.033	27.504	0.2	0.961	6000.0
312	6.491	36.504	2.989	26.557	0.213	0.968	6000.0
313	6.646	37.692	3.153	28.538	0.216	0.958	6000.0
314	7.252	40.11	3.688	32.915	0.193	0.938	6000.0
315	6.485	36.892	3.368	30.861	0.166	0.95	6000.0
316	6.586	36.043	3.232	27.604	0.186	0.962	6000.0
317	5.528	30.613	2.447	22.371	0.186	0.97	6000.0
318	7.614	42.099	3.54	33.403	0.203	0.938	6000.0
319	7.411	40.959	3.356	32.116	0.227	0.944	6000.0
320	8.536	47.949	4.036	38.224	0.27	0.93	6000.0
321	6.634	36.761	3.233	30.095	0.2	0.944	6000.0
322	6.836	37.852	3.032	28.106	0.195	0.955	6000.0
323	7.561	42.048	3.277	31.063	0.267	0.938	6000.0
324	6.024	33.754	2.837	26.063	0.158	0.969	6000.0
325	7.035	38.538	3.161	27.081	0.211	0.959	6000.0
326	6.777	38.336	2.957	26.351	0.219	0.971	6000.0
327	6.504	36.416	3.036	27.441	0.22	0.953	6000.0
328	6.967	38.994	3.288	28.773	0.19	0.959	6000.0
329	6.456	35.989	2.973	26.183	0.191	0.957	6000.0
330	6.887	38.523	3.257	31.085	0.191	0.95	6000.0
331	6.712	38.102	3.405	32.094	0.169	0.934	6000.0
332	7.578	42.261	3.404	31.521	0.23	0.943	6000.0
333	6.693	37.87	3.11	27.699	0.201	0.957	6000.0
334	7.266	40.509	3.53	32.462	0.201	0.944	6000.0
335	7.649	42.353	3.158	28.207	0.265	0.96	6000.0
336	6.889	38.634	3.186	28.337	0.191	0.957	6000.0
337	8.892	49.955	4.475	39.421	0.236	0.907	6000.0
338	6.935	39.476	3.38	31.733	0.221	0.94	6000.0
339	8.668	48.48	3.993	36.46	0.247	0.931	6000.0
340	7.008	39.377	3.379	32.076	0.163	0.948	6000.0
341	5.63	32.359	2.637	25.298	0.187	0.961	6000.0
342	7.564	42.407	3.877	33.254	0.216	0.93	6000.0
343	5.821	32.805	2.724	25.916	0.169	0.97	6000.0
344	6.878	38.911	3.531	29.889	0.189	0.942	6000.0
345	6.013	33.796	2.644	24.614	0.198	0.967	6000.0
346	5.717	32.304	2.777	24.451	0.178	0.972	6000.0
347	7.598	42.017	3.661	32.252	0.2	0.944	6000.0
348	6.765	38.2	3.198	29.872	0.194	0.945	6000.0
349	6.25	34.796	2.899	26.345	0.177	0.964	6000.0
350	8.899	51.146	4.01	37.505	0.26	0.923	6000.0
351	7.932	44.735	3.781	35.638	0.228	0.927	6000.0
352	7.598	42.753	3.522	31.225	0.224	0.941	6000.0
353	7.189	40.248	3.185	29.002	0.235	0.958	6000.0
354	7.309	41.254	3.508	30.341	0.197	0.956	6000.0
355	9.007	50.32	4.226	37.963	0.274	0.929	6000.0
356	8.079	45.953	3.557	34.178	0.266	0.922	6000.0
357	5.873	32.909	2.971	26.207	0.142	0.964	6000.0
358	5.531	30.889	2.621	22.645	0.153	0.981	6000.0
359	8.37	47.02	4.149	39.458	0.205	0.912	6000.0
360	6.717	37.917	3.234	28.912	0.179	0.95	6000.0
361	7.375	41.219	3.584	32.529	0.204	0.95	6000.0
362	6.721	37.077	3.008	26.427	0.206	0.967	6000.0
363	6.206	35.095	2.847	27.128	0.181	0.96	6000.0
364	6.474	35.42	2.763	24.992	0.193	0.969	6000.0
365	6.575	36.548	3.094	27.048	0.181	0.963	6000.0
366	7.263	40.715	3.347	31.917	0.207	0.944	6000.0
367	5.707	31.903	2.761	23.314	0.188	0.969	6000.0
368	8.446	47.246	3.954	36.686	0.242	0.91	6000.0
369	6.418	35.854	3.147	27.422	0.191	0.957	6000.0
370	6.3	35.698	3.086	27.877	0.158	0.957	6000.0
371	5.953	33.304	2.834	25.755	0.161	0.969	6000.0
372	6.109	34.433	3.024	28.002	0.181	0.957	6000.0
373	6.183	34.896	2.706	24.19	0.192	0.972	6000.0
374	5.662	31.913	2.653	23.839	0.141	0.974	6000.0
375	6.843	37.746	2.726	23.898	0.245	0.969	6000.0
376	6.585	36.764	2.896	27.554	0.194	0.964	6000.0
377	6.394	35.717	3.135	27.773	0.18	0.966	6000.0
378	6.926	39.386	3.206	31.307	0.206	0.948	6000.0
379	6.808	38.894	3.094	29.8	0.224	0.954	6000.0
380	7.179	40.605	3.608	32.98	0.182	0.941	6000.0
381	8.08	45.236	3.886	34.032	0.231	0.924	6000.0
382	4.893	27.221	2.143	19.115	0.145	0.982	6000.0
383	6.637	37.516	3.069	26.929	0.225	0.962	6000.0
384	6.36	35.665	2.931	25.263	0.227	0.965	6000.0
385	7.697	43.759	3.791	34.071	0.241	0.939	6000.0
386	8.118	45.385	3.758	34.265	0.258	0.931	6000.0
387	6.599	36.254	3.03	28.267	0.161	0.958	6000.0
388	8.2	46.098	3.671	34.669	0.275	0.934	6000.0
389	7.924	44.004	3.459	31.755	0.234	0.954	6000.0
390	5.793	32.474	2.541	22.541	0.184	0.968	6000.0
391	5.67	31.884	2.628	24.575	0.156	0.967	6000.0
392	7.479	42.467	3.581	33.23	0.205	0.937	6000.0
393	7.275	40.446	3.299	31.33	0.213	0.944	6000.0
394	6.293	34.909	2.89	25.587	0.172	0.966	6000.0
395	7.312	40.369	3.108	28.509	0.248	0.959	6000.0
396	7.731	43.422	3.906	34.947	0.199	0.936	6000.0
397	5.88	32.74	2.766	25.191	0.154	0.97	6000.0
398	8.644	48.843	3.835	36.617	0.278	0.922	6000.0
399	6.083	34.908	3.216	27.222	0.153	0.96	6000.0
400	7.249	41.864	3.391	30.922	0.205	0.939	6000.0
401	5.153	28.628	2.424	20.856	0.135	0.976	6000.0
402	6.917	38.534	3.158	29.789	0.202	0.952	6000.0
403	6.163	34.546	2.744	24.702	0.19	0.974	6000.0
404	7.19	41.025	3.372	31.27	0.221	0.934	6000.0
405	5.949	33.287	3.259	27.094	0.158	0.966	6000.0
406	7.663	42.33	3.725	33.56	0.204	0.939	6000.0
407	6.596	36.293	2.999	28.168	0.195	0.962	6000.0
408	5.212	29.006	2.387	20.77	0.149	0.979	6000.0
409	6.552	36.123	3.26	28.247	0.2	0.962	6000.0
410	7.009	39.664	3.431	32.2	0.208	0.944	6000.0
411	6.997	39.426	3.399	29.93	0.214	0.949	6000.0
412	9.763	54.772	4.516	41.794	0.27	0.921	6000.0
413	8.024	45.649	4.024	36.654	0.218	0.923	6000.0
414	8.282	46.818	4.194	37.437	0.25	0.903	6000.0
415	6.493	35.727	2.915	27.381	0.191	0.959	6000.0
416	6.269	35.428	2.913	25.232	0.172	0.968	6000.0
417	4.169	23.759	1.868	17.72	0.136	0.979	6000.0
418	6.354	35.358	2.922	27.885	0.17	0.962	6000.0
419	6.123	34.342	2.621	22.795	0.204	0.967	6000.0
420	5.792	32.449	2.444	22.787	0.193	0.973	6000.0
421	6.391	36.454	3.013	26.018	0.191	0.963	6000.0
422	7.656	42.933	3.674	34.268	0.206	0.939	6000.0
423	8.875	49.361	4.056	37.331	0.261	0.917	6000.0
424	6.657	36.784	2.988	26.04	0.175	0.962	6000.0
425	6.62	37.371	3.073	28.682	0.179	0.954	6000.0
426	6.243	35.008	2.838	24.955	0.22	0.962	6000.0
427	6.871	38.978	3.085	29.618	0.183	0.952	6000.0
428	5.134	28.893	2.342	20.38	0.164	0.982	6000.0
429	6.669	37.391	2.808	27.11	0.215	0.953	6000.0
430	5.86	32.359	2.495	22.297	0.176	0.975	6000.0
431	7.161	40.078	3.498	30.062	0.194	0.948	6000.0
432	6.785	37.932	3.299	30.301	0.167	0.95	6000.0
433	7.557	41.711	3.451	31.542	0.213	0.947	6000.0
434	7.467	41.75	3.43	32.122	0.214	0.938	6000.0
435	6.329	35.008	2.891	26.762	0.179	0.959	6000.0
436	6.998	38.899	3.159	28.609	0.221	0.959	6000.0
437	6.314	35.069	2.733	25.305	0.217	0.97	6000.0
438	6.612	37.144	2.84	25.693	0.22	0.966	6000.0
439	6.075	33.308	2.609	22.644	0.191	0.975	6000.0
440	6.767	38.103	3.346	29.596	0.202	0.949	6000.0
441	7.684	43.749	3.449	34.319	0.243	0.937	6000.0
442	7.548	42.76	3.349	32.085	0.249	0.941	6000.0
443	6.802	38.773	3.525	32.064	0.188	0.941	6000.0
444	7.817	44.685	3.61	34.515	0.232	0.935	6000.0
445	5.624	31.293	2.214	20.03	0.215	0.978	6000.0
446	5.767	32.181	2.548	21.928	0.181	0.975	6000.0
447	6.186	34.996	2.924	27.207	0.161	0.969	6000.0
448	6.636	37.381	3.146	28.049	0.185	0.962	6000.0
449	6.269	35.23	2.63	24.098	0.206	0.968	6000.0
450	6.604	37.188	3.18	28.565	0.184	0.949	6000.0
451	7.327	41.082	3.232	29.683	0.232	0.954	6000.0
452	6.036	33.79	2.839	25.183	0.17	0.97	6000.0
453	6.238	34.613	2.989	26.367	0.163	0.967	6000.0
454	6.958	38.175	3.239	29.088	0.203	0.961	6000.0
455	6.521	36.72	3.255	28.345	0.152	0.956	6000.0
456	8.147	45.634	3.734	34.402	0.229	0.936	6000.0
457	8.11	45.741	3.592	34.934	0.247	0.925	6000.0
458	5.117	28.092	2.256	19.885	0.139	0.981	6000.0
459	6.901	38.488	3.207	29.778	0.193	0.952	6000.0
460	6.876	38.888	3.193	30.806	0.185	0.951	6000.0
461	7.472	40.768	3.328	30.905	0.221	0.95	6000.0
462	7.744	43.263	3.544	32.421	0.23	0.946	6000.0
463	7.546	42.668	3.593	33.072	0.205	0.947	6000.0
464	6.461	36.578	2.918	28.138	0.195	0.957	6000.0
465	6.54	36.374	2.932	25.919	0.195	0.963	6000.0
466	8.016	44.644	3.698	34.427	0.215	0.93	6000.0
467	6.209	34.888	3.022	27.245	0.175	0.958	6000.0
468	6.403	35.206	2.888	24.178	0.191	0.974	6000.0
469	8.843	50.031	4.082	39.023	0.286	0.925	6000.0
470	7.518	41.581	3.498	32.612	0.221	0.935	6000.0
471	7.648	43.243	3.326	32.694	0.246	0.941	6000.0
472	7.041	39.781	3.187	28.821	0.215	0.959	6000.0
473	6.392	36.194	3.266	28.382	0.165	0.952	6000.0
474	5.409	30.376	2.498	22.64	0.169	0.979	6000.0
475	7.19	40.138	3.308	29.798	0.234	0.941	6000.0
476	8.327	46.001	3.593	32.434	0.261	0.949	6000.0
477	8.33	46.0	3.99	37.158	0.223	0.928	6000.0
478	4.987	27.933	2.45	19.834	0.148	0.985	6000.0
479	6.65	37.16	3.039	27.205	0.212	0.959	6000.0
480	6.987	38.718	3.297	30.887	0.213	0.956	6000.0
481	6.453	35.94	3.079	26.827	0.21	0.957	6000.0
482	6.309	35.122	2.805	24.98	0.214	0.962	6000.0
483	6.373	35.784	2.892	25.318	0.186	0.966	6000.0
484	6.133	34.713	2.962	26.222	0.184	0.958	6000.0
485	7.004	40.311	3.589	32.936	0.197	0.927	6000.0
486	7.225	40.1	3.882	33.096	0.169	0.938	6000.0
487	7.263	40.738	3.267	28.762	0.222	0.948	6000.0
488	7.876	44.06	3.499	31.904	0.226	0.946	6000.0
489	7.738	43.109	3.54	32.852	0.232	0.951	6000.0
490	6.164	34.553	2.93	26.675	0.211	0.948	6000.0
491	8.047	44.937	3.999	35.476	0.222	0.927	6000.0
492	6.216	34.956	3.009	27.396	0.154	0.961	6000.0
493	5.99	34.008	2.905	25.403	0.172	0.964	6000.0
494	7.689	44.126	3.813	33.283	0.235	0.931	6000.0
495	6.774	37.79	3.108	28.657	0.189	0.952	6000.0
496	6.381	35.995	2.777	25.461	0.236	0.965	6000.0
497	6.034	34.71	2.982	27.329	0.173	0.965	6000.0
498	6.801	37.041	3.051	27.021	0.188	0.96	6000.0
499	7.749	43.632	4.005	36.397	0.216	0.923	6000.0
500	8.163	46.087	3.52	32.709	0.266	0.942	6000.0
501	7.45	42.18	3.083	30.055	0.249	0.948	6000.0
502	6.346	35.736	2.953	25.871	0.183	0.972	6000.0
503	7.322	40.817	3.362	31.677	0.205	0.941	6000.0
504	6.221	35.182	2.822	26.97	0.211	0.963	6000.0
505	7.78	43.494	3.474	33.003	0.229	0.94	6000.0
506	6.099	34.526	3.106	26.805	0.164	0.964	6000.0
507	4.98	27.904	2.148	19.806	0.16	0.979	6000.0
508	6.218	34.917	2.91	27.7	0.156	0.955	6000.0
509	6.598	36.417	3.157	28.022	0.185	0.964	6000.0
510	8.575	47.807	4.191	39.328	0.243	0.908	6000.0
511	5.323	30.004	2.407	20.518	0.169	0.982	6000.0
512	8.199	45.295	4.225	37.461	0.207	0.922	6000.0
513	7.152	39.735	3.159	28.621	0.211	0.965	6000.0
514	7.469	42.129	3.716	34.207	0.202	0.938	6000.0
515	6.75	37.362	3.091	29.364	0.174	0.956	6000.0
516	8.258	46.01	3.704	34.852	0.235	0.931	6000.0
517	6.906	38.78	3.042	28.001	0.221	0.955	6000.0
518	7.986	45.693	4.13	34.79	0.222	0.92	6000.0
519	7.548	43.408	3.571	32.924	0.213	0.936	6000.0
520	9.352	52.302	4.554	44.251	0.268	0.904	6000.0
521	7.359	40.259	3.507	32.415	0.205	0.948	6000.0
522	6.511	36.814	2.885	27.521	0.201	0.959	6000.0
523	7.705	43.182	3.597	32.166	0.238	0.937	6000.0
524	5.116	28.738	2.36	20.935	0.155	0.982	6000.0
525	9.125	52.161	4.336	40.776	0.288	0.902	6000.0
526	6.441	35.628	3.026	28.164	0.174	0.953	6000.0
527	6.966	39.331	3.297	31.071	0.239	0.945	6000.0
528	7.08	40.63	3.591	30.041	0.207	0.933	6000.0
529	7.758	44.609	3.849	33.926	0.269	0.916	6000.0
530	6.611	37.1	3.003	28.294	0.195	0.957	6000.0
531	6.834	37.815	3.447	29.302	0.181	0.952	6000.0
532	6.255	35.175	3.017	27.416	0.194	0.961	6000.0
533	8.447	46.559	3.967	36.045	0.254	0.936	6000.0
534	8.065	45.238	4.083	35.83	0.229	0.921	6000.0
535	8.018	45.006	3.907	33.774	0.223	0.934	6000.0
536	6.043	33.774	2.749	25.346	0.162	0.966	6000.0
537	8.586	49.22	3.836	35.242	0.273	0.929	6000.0
538	6.916	38.938	3.221	29.074	0.198	0.958	6000.0
539	6.979	39.635	3.337	30.229	0.199	0.957	6000.0
540	6.384	35.45	3.076	27.208	0.176	0.965	6000.0
541	7.279	41.241	3.626	32.298	0.197	0.936	6000.0
542	7.745	42.917	3.307	33.848	0.235	0.935	6000.0
543	8.341	47.047	3.934	37.03	0.232	0.925	6000.0
544	6.346	35.163	2.939	26.005	0.205	0.957	6000.0
545	7.555	41.668	3.332	31.019	0.226	0.948	6000.0
546	6.8	38.446	3.204	28.996	0.197	0.955	6000.0
547	8.811	48.904	4.024	38.233	0.256	0.92	6000.0
548	6.947	39.868	3.458	30.769	0.224	0.948	6000.0
549	6.086	34.423	2.697	23.923	0.199	0.97	6000.0
550	6.498	36.621	2.92	27.294	0.171	0.961	6000.0
551	6.518	36.486	3.602	30.495	0.176	0.946	6000.0
552	8.316	47.186	3.749	37.385	0.232	0.914	6000.0
553	5.592	30.579	2.817	24.437	0.147	0.967	6000.0
554	6.087	33.964	2.706	23.42	0.199	0.97	6000.0
555	7.179	40.555	3.241	30.652	0.244	0.948	6000.0
556	7.989	44.328	3.874	34.119	0.257	0.938	6000.0
557	6.229	34.333	2.696	23.132	0.205	0.976	6000.0
558	8.45	47.305	4.006	38.183	0.238	0.928	6000.0
559	5.32	29.721	2.765	23.071	0.136	0.972	6000.0
560	5.728	32.219	2.56	22.936	0.19	0.97	6000.0
561	8.109	44.899	3.702	32.844	0.266	0.937	6000.0
562	6.701	37.4	3.097	28.004	0.195	0.957	6000.0
563	5.82	32.908	2.741	23.79	0.181	0.965	6000.0
564	8.309	47.144	3.836	36.446	0.266	0.924	6000.0
565	6.497	36.174	2.986	26.502	0.192	0.968	6000.0
566	9.03	50.536	4.041	37.959	0.314	0.92	6000.0
567	7.467	42.815	3.646	32.32	0.261	0.95	6000.0
568	6.867	38.097	3.197	29.243	0.191	0.957	6000.0
569	5.377	30.414	2.334	19.804	0.19	0.981	6000.0
570	8.726	48.487	3.972	36.546	0.257	0.931	6000.0
571	6.694	37.413	3.01	28.732	0.203	0.956	6000.0
572	7.41	41.201	3.206	29.902	0.239	0.956	6000.0
573	7.244	41.472	3.598	31.2	0.232	0.93	6000.0
574	7.861	44.192	3.953	35.395	0.224	0.939	6000.0
575	7.628	42.666	3.661	33.886	0.217	0.948	6000.0
576	9.264	52.324	3.961	39.409	0.289	0.916	6000.0
577	7.462	41.122	3.437	30.204	0.25	0.944	6000.0
578	8.136	46.193	3.807	34.784	0.229	0.942	6000.0
579	5.716	32.433	2.541	23.624	0.183	0.968	6000.0
580	6.582	37.08	3.099	29.636	0.197	0.949	6000.0
581	6.329	35.852	3.04	27.905	0.18	0.954	6000.0
582	6.561	37.665	3.335	30.085	0.176	0.95	6000.0
583	6.684	36.985	3.202	28.822	0.192	0.957	6000.0
584	5.929	33.11	2.708	23.728	0.209	0.975	6000.0
585	5.52	30.618	2.453	22.505	0.174	0.968	6000.0
586	6.913	38.843	3.361	29.904	0.205	0.945	6000.0
587	7.684	42.803	3.575	31.422	0.232	0.953	6000.0
588	6.56	37.142	2.977	27.294	0.181	0.959	6000.0
589	6.702	37.628	3.092	27.354	0.189	0.964	6000.0
590	7.093	40.261	3.27	29.529	0.206	0.96	6000.0
591	7.384	41.383	3.689	32.148	0.204	0.952	6000.0
592	8.099	45.471	3.685	32.91	0.26	0.934	6000.0
593	6.356	35.722	3.002	26.457	0.204	0.965	6000.0
594	9.35	52.369	4.313	41.358	0.3	0.91	6000.0
595	6.027	34.084	2.805	25.485	0.155	0.96	6000.0
596	7.714	43.197	3.604	32.488	0.207	0.941	6000.0
597	6.521	37.01	3.096	28.428	0.198	0.963	6000.0
598	6.456	36.596	3.053	29.153	0.184	0.953	6000.0
599	7.092	39.909	3.192	30.44	0.199	0.938	6000.0
600	7.98	45.451	3.991	35.86	0.235	0.925	6000.0
601	7.037	39.016	3.129	29.538	0.228	0.944	6000.0
602	6.113	34.037	2.785	24.419	0.183	0.973	6000.0
603	6.96	38.213	3.167	28.438	0.215	0.961	6000.0
604	7.749	43.256	3.728	34.933	0.22	0.934	6000.0
605	5.574	31.673	2.547	23.505	0.172	0.971	6000.0
606	7.158	39.544	3.174	29.447	0.221	0.957	6000.0
607	7.157	39.678	3.274	31.432	0.219	0.945	6000.0
608	8.373	46.953	3.684	33.957	0.271	0.932	6000.0
609	5.843	32.102	2.987	25.325	0.138	0.964	6000.0
610	6.825	38.541	3.191	28.324	0.21	0.959	6000.0
611	6.243	35.518	2.945	26.916	0.18	0.96	6000.0
612	7.449	42.317	3.466	32.336	0.212	0.947	6000.0
613	5.738	32.55	2.513	22.577	0.183	0.975	6000.0
614	6.852	38.167	3.109	29.053	0.196	0.951	6000.0
615	7.04	39.703	3.672	32.109	0.197	0.932	6000.0
616	7.969	44.791	3.732	31.96	0.251	0.936	6000.0
617	6.621	36.896	2.834	25.323	0.214	0.967	6000.0
618	7.005	38.969	3.229	29.4	0.204	0.961	6000.0
619	7.199	40.528	3.079	28.127	0.231	0.958	6000.0
620	5.347	29.644	2.337	21.816	0.151	0.979	6000.0
621	7.435	41.554	3.266	30.479	0.218	0.952	6000.0
622	7.126	40.136	3.477	31.841	0.203	0.953	6000.0
623	6.196	34.443	2.896	25.892	0.189	0.964	6000.0
624	5.795	32.175	2.74	24.188	0.192	0.968	6000.0
625	6.21	35.24	2.529	22.791	0.232	0.973	6000.0
626	7.193	40.908	3.31	32.142	0.209	0.943	6000.0
627	7.54	41.723	3.391	31.901	0.226	0.94	6000.0
628	9.575	54.591	4.879	44.017	0.29	0.895	6000.0
629	6.154	34.339	2.736	23.809	0.207	0.978	6000.0
630	7.053	39.507	3.214	30.382	0.206	0.947	6000.0
631	6.073	34.288	2.546	22.892	0.199	0.975	6000.0
632	6.418	36.114	2.938	26.844	0.185	0.961	6000.0
633	6.639	38.03	3.13	27.286	0.189	0.947	6000.0
634	6.17	34.491	2.941	25.887	0.187	0.97	6000.0
635	6.827	37.978	3.012	27.849	0.199	0.953	6000.0
636	6.041	34.293	2.826	24.818	0.178	0.966	6000.0
637	5.793	32.388	2.556	23.607	0.192	0.971	6000.0
638	6.086	33.471	2.816	24.715	0.179	0.962	6000.0
639	5.8	32.853	2.377	22.076	0.181	0.974	6000.0
640	7.75	42.661	3.525	32.761	0.247	0.943	6000.0
641	6.081	34.58	2.985	25.772	0.179	0.966	6000.0
642	7.51	41.821	3.731	31.593	0.219	0.951	6000.0
643	5.085	28.52	2.195	19.214	0.171	0.984	6000.0
644	7.315	41.278	3.272	30.585	0.227	0.947	6000.0
645	6.598	36.266	3.199	27.806	0.196	0.97	6000.0
646	6.678	37.071	3.387	29.07	0.16	0.947	6000.0
647	6.069	34.164	2.936	26.192	0.162	0.961	6000.0
648	6.446	36.577	2.724	24.44	0.242	0.963	6000.0
649	7.181	40.369	3.182	28.345	0.241	0.953	6000.0
650	6.74	37.953	3.002	27.126	0.219	0.964	6000.0
651	7.894	43.749	3.557	32.002	0.224	0.946	6000.0
652	7.516	42.329	3.126	29.436	0.234	0.952	6000.0
653	7.695	43.225	3.384	32.817	0.218	0.939	6000.0
654	6.944	39.526	2.988	27.882	0.234	0.954	6000.0
655	6.501	35.92	2.928	26.843	0.19	0.96	6000.0
656	5.745	32.65	2.56	22.525	0.196	0.972	6000.0
657	7.425	41.465	3.331	29.204	0.26	0.961	6000.0
658	7.414	41.554	3.526	31.451	0.212	0.942	6000.0
659	6.229	34.761	3.014	25.773	0.155	0.964	6000.0
660	6.539	36.287	2.723	27.094	0.192	0.964	6000.0
661	7.029	39.124	3.314	29.807	0.205	0.955	6000.0
662	6.123	34.411	2.712	23.872	0.177	0.973	6000.0
663	7.185	39.884	3.374	31.04	0.223	0.944	6000.0
664	7.061	38.889	3.184	29.979	0.216	0.943	6000.0
665	7.576	42.934	3.417	32.172	0.226	0.938	6000.0
666	6.599	36.574	3.109	27.444	0.212	0.961	6000.0
667	6.522	37.489	3.11	28.643	0.198	0.955	6000.0
668	8.095	46.126	4.002	37.215	0.262	0.912	6000.0
669	7.223	41.151	3.485	30.664	0.205	0.941	6000.0
670	6.452	36.054	3.172	28.463	0.171	0.961	6000.0
671	7.4	42.3	3.348	32.58	0.243	0.937	6000.0
672	6.418	36.381	2.851	26.69	0.192	0.964	6000.0
673	5.732	32.509	2.805	24.542	0.157	0.973	6000.0
674	6.316	35.354	2.861	25.471	0.187	0.961	6000.0
675	7.627	41.649	3.492	29.849	0.252	0.957	6000.0
676	8.082	44.686	3.712	34.438	0.277	0.941	6000.0
677	7.439	42.318	3.587	32.855	0.206	0.94	6000.0
678	6.998	39.299	3.37	29.38	0.224	0.967	6000.0
679	7.76	43.133	3.749	34.278	0.206	0.942	6000.0
680	6.128	34.162	2.895	25.84	0.164	0.963	6000.0
681	8.641	47.86	3.913	35.661	0.273	0.931	6000.0
682	7.465	41.707	3.359	30.206	0.226	0.952	6000.0
683	6.508	36.702	2.829	26.912	0.213	0.958	6000.0
684	6.423	36.569	2.959	28.036	0.194	0.966	6000.0
685	7.136	40.002	3.273	30.136	0.184	0.945	6000.0
686	7.323	41.098	3.59	33.168	0.18	0.943	6000.0
687	5.583	31.358	2.422	22.52	0.18	0.97	6000.0
688	8.042	46.53	3.906	35.676	0.238	0.918	6000.0
689	5.759	32.546	2.737	24.853	0.187	0.97	6000.0
690	6.546	36.675	3.129	29.468	0.186	0.952	6000.0
691	6.304	35.066	2.918	24.822	0.187	0.97	6000.0
692	5.737	31.883	2.438	21.806	0.179	0.977	6000.0
693	7.933	44.703	3.872	36.268	0.236	0.925	6000.0
694	7.088	39.993	3.402	32.632	0.174	0.941	6000.0
695	6.788	39.059	3.132	28.021	0.202	0.964	6000.0
696	6.836	38.417	3.118	28.335	0.195	0.964	6000.0
697	6.932	39.229	3.054	28.105	0.205	0.954	6000.0
698	6.676	37.484	3.047	28.531	0.186	0.958	6000.0
699	6.094	34.673	2.736	25.231	0.195	0.971	6000.0
700	7.924	44.523	3.836	34.36	0.207	0.94	6000.0
701	7.17	40.524	3.305	29.478	0.21	0.952	6000.0
702	7.927	44.312	3.682	33.588	0.23	0.938	6000.0
703	7.025	39.804	3.172	27.544	0.207	0.961	6000.0
704	8.207	46.256	3.725	32.82	0.321	0.94	6000.0
705	6.398	35.775	2.878	27.42	0.16	0.955	6000.0
706	5.201	29.584	2.463	23.293	0.137	0.969	6000.0
707	5.923	32.471	2.932	26.617	0.165	0.965	6000.0
708	5.858	32.342	2.766	25.711	0.171	0.959	6000.0
709	6.728	37.191	3.112	27.481	0.191	0.961	6000.0
710	7.384	41.763	3.166	28.774	0.254	0.959	6000.0
711	7.216	39.828	3.463	30.7	0.2	0.95	6000.0
712	7.273	39.903	3.155	29.377	0.24	0.955	6000.0
713	8.331	47.012	3.676	34.828	0.279	0.935	6000.0
714	6.971	38.494	3.186	29.624	0.204	0.956	6000.0
715	6.33	35.512	2.89	25.743	0.19	0.967	6000.0
716	6.978	39.069	3.514	31.878	0.184	0.944	6000.0
717	5.735	31.992	2.68	24.033	0.159	0.972	6000.0
718	7.675	42.39	3.789	32.288	0.207	0.943	6000.0
719	7.8	43.304	3.806	35.222	0.228	0.93	6000.0
720	7.526	42.523	3.727	34.672	0.231	0.921	6000.0
721	6.821	38.7	3.435	30.49	0.179	0.943	6000.0
722	6.881	37.881	3.479	29.541	0.184	0.95	6000.0
723	5.463	30.797	2.414	21.254	0.206	0.975	6000.0
724	5.773	32.08	2.431	21.319	0.188	0.978	6000.0
725	7.938	44.252	3.832	36.036	0.215	0.932	6000.0
726	7.661	42.56	3.551	32.252	0.217	0.94	6000.0
727	7.99	45.156	3.511	33.815	0.239	0.936	6000.0
728	8.156	46.064	4.165	38.122	0.235	0.932	6000.0
729	7.927	45.127	3.877	35.187	0.214	0.932	6000.0
730	6.78	38.138	3.118	27.482	0.209	0.951	6000.0
731	8.701	48.326	3.555	35.839	0.266	0.928	6000.0
732	7.83	44.039	3.622	32.897	0.257	0.934	6000.0
733	6.377	35.968	2.649	24.216	0.237	0.97	6000.0
734	6.924	38.565	3.342	29.82	0.192	0.955	6000.0
735	7.974	44.281	3.754	34.254	0.234	0.945	6000.0
736	7.127	39.454	3.472	32.033	0.199	0.952	6000.0
737	7.025	39.328	3.551	31.735	0.17	0.938	6000.0
738	7.523	42.09	3.237	31.095	0.269	0.946	6000.0
739	7.742	44.086	3.877	34.134	0.23	0.931	6000.0
740	6.437	36.517	2.858	26.526	0.212	0.956	6000.0
741	7.219	40.883	3.438	31.64	0.192	0.94	6000.0
742	5.896	33.121	2.602	23.086	0.204	0.977	6000.0
743	7.659	43.31	3.445	32.6	0.247	0.949	6000.0
744	6.722	37.351	2.875	28.757	0.219	0.945	6000.0
745	5.984	33.51	2.756	24.306	0.179	0.963	6000.0
746	5.977	33.905	2.653	24.438	0.176	0.97	6000.0
747	8.317	47.072	3.776	32.082	0.289	0.943	6000.0
748	6.212	34.85	2.778	23.106	0.21	0.97	6000.0
749	7.018	39.441	3.252	29.719	0.212	0.952	6000.0
750	7.413	41.289	3.466	31.205	0.218	0.947	6000.0
751	4.877	27.27	2.206	19.049	0.152	0.979	6000.0
752	6.388	35.977	2.812	23.926	0.19	0.972	6000.0
753	7.57	42.595	3.605	33.172	0.223	0.947	6000.0
754	6.715	36.831	3.001	27.626	0.21	0.958	6000.0
755	6.559	36.858	3.149	29.582	0.19	0.949	6000.0
756	7.316	41.015	3.209	31.068	0.241	0.946	6000.0
757	6.774	38.682	3.043	28.619	0.188	0.946	6000.0
758	6.306	35.258	3.1	28.648	0.179	0.952	6000.0
759	8.03	44.419	3.39	35.064	0.258	0.927	6000.0
760	6.563	36.583	2.972	25.998	0.184	0.968	6000.0
761	7.034	39.263	3.378	33.936	0.173	0.942	6000.0
762	5.366	29.296	2.552	21.695	0.16	0.972	6000.0
763	8.058	45.419	3.64	34.941	0.239	0.925	6000.0
764	7.485	41.925	3.769	32.718	0.2	0.932	6000.0
765	5.922	33.725	2.707	24.233	0.174	0.966	6000.0
766	6.953	39.571	3.165	29.816	0.212	0.955	6000.0
767	6.242	35.707	2.925	27.003	0.179	0.956	6000.0
768	6.334	35.293	2.912	25.098	0.191	0.965	6000.0
769	7.396	41.24	3.059	28.352	0.238	0.958	6000.0
770	5.989	34.049	2.909	25.954	0.175	0.966	6000.0
771	6.228	33.845	3.242	28.172	0.159	0.954	6000.0
772	6.876	37.685	3.291	30.708	0.19	0.955	6000.0
773	6.036	33.229	2.617	23.207	0.193	0.97	6000.0
774	6.165	34.621	3.139	26.372	0.177	0.97	6000.0
775	6.264	35.084	2.804	25.462	0.212	0.966	6000.0
776	6.777	37.65	3.193	28.66	0.216	0.959	6000.0
777	6.419	35.897	3.091	27.274	0.185	0.963	6000.0
778	7.526	41.879	3.507	32.254	0.214	0.949	6000.0
779	6.821	38.715	3.344	29.516	0.2	0.95	6000.0
780	7.0	39.056	3.223	28.576	0.214	0.947	6000.0
781	6.974	38.465	3.141	27.917	0.2	0.962	6000.0
782	6.989	39.35	3.414	31.233	0.181	0.951	6000.0
783	9.029	51.511	4.097	37.916	0.298	0.914	6000.0
784	5.7	31.146	2.519	21.133	0.165	0.979	6000.0
785	5.546	31.217	2.805	25.113	0.125	0.972	6000.0
786	6.814	37.711	2.84	27.391	0.207	0.958	6000.0
787	7.776	42.701	3.965	35.583	0.187	0.931	6000.0
788	7.636	43.338	3.507	32.105	0.239	0.941	6000.0
789	7.448	41.372	3.507	32.499	0.198	0.944	6000.0
790	6.238	35.287	2.78	25.513	0.182	0.964	6000.0
791	5.868	33.525	2.838	26.64	0.143	0.963	6000.0
792	8.483	47.398	4.074	36.916	0.232	0.925	6000.0
793	6.061	33.711	2.664	24.289	0.194	0.966	6000.0
794	6.508	36.227	3.008	26.446	0.22	0.962	6000.0
795	8.058	45.763	3.81	35.175	0.23	0.931	6000.0
796	7.726	43.858	3.836	33.79	0.24	0.932	6000.0
797	8.232	46.514	3.867	35.807	0.234	0.931	6000.0
798	8.114	45.31	3.576	32.783	0.24	0.935	6000.0
799	6.497	35.641	3.056	26.13	0.173	0.959	6000.0
800	7.393	42.145	3.398	31.7	0.243	0.952	6000.0
801	6.264	34.653	2.812	23.627	0.202	0.975	6000.0
802	6.004	33.759	2.592	23.35	0.233	0.97	6000.0
803	6.879	38.933	3.104	27.509	0.225	0.959	6000.0
804	7.78	43.703	3.475	33.801	0.236	0.946	6000.0
805	6.365	36.053	2.991	28.18	0.194	0.964	6000.0
806	6.013	32.942	2.818	25.097	0.164	0.969	6000.0
807	8.181	45.12	4.06	35.872	0.234	0.939	6000.0
808	6.692	37.406	3.265	29.44	0.176	0.956	6000.0
809	6.093	33.796	2.772	25.76	0.174	0.959	6000.0
810	5.359	30.155	2.736	24.146	0.147	0.971	6000.0
811	6.909	37.766	3.403	30.321	0.185	0.951	6000.0
812	6.599	36.037	3.102	26.876	0.189	0.966	6000.0
813	7.231	40.872	3.522	31.836	0.206	0.947	6000.0
814	7.247	41.185	3.414	28.906	0.245	0.95	6000.0
815	7.098	39.465	3.331	30.305	0.198	0.949	6000.0
816	5.024	28.634	2.401	22.016	0.153	0.973	6000.0
817	7.892	44.431	3.438	32.087	0.233	0.939	6000.0
818	5.868	32.455	2.685	23.025	0.187	0.975	6000.0
819	6.821	37.813	3.387	29.51	0.157	0.957	6000.0
820	6.889	38.076	3.352	28.962	0.212	0.948	6000.0
821	5.629	31.915	2.522	22.932	0.156	0.973	6000.0
822	7.137	39.863	3.256	28.563	0.242	0.947	6000.0
823	7.638	43.045	3.74	31.67	0.232	0.935	6000.0
824	8.084	44.585	3.639	34.474	0.251	0.929	6000.0
825	6.947	39.38	3.356	30.767	0.192	0.947	6000.0
826	8.653	46.951	4.023	36.275	0.268	0.914	6000.0
827	6.926	38.876	3.377	31.383	0.207	0.947	6000.0
828	8.716	48.459	4.018	37.797	0.255	0.922	6000.0
829	5.113	28.117	2.439	20.197	0.133	0.984	6000.0
830	8.417	46.742	3.746	35.342	0.271	0.924	6000.0
831	7.524	42.139	3.593	33.275	0.215	0.933	6000.0
832	6.053	33.77	2.78	25.262	0.16	0.966	6000.0
833	7.533	42.679	3.916	33.868	0.209	0.94	6000.0
834	9.098	52.496	4.152	41.148	0.312	0.899	6000.0
835	7.103	39.844	3.281	29.98	0.211	0.955	6000.0
836	8.109	44.983	3.557	33.768	0.246	0.937	6000.0
837	7.279	41.459	3.366	31.879	0.202	0.939	6000.0
838	7.506	42.712	3.962	35.576	0.193	0.929	6000.0
839	7.914	43.748	3.449	33.052	0.225	0.942	6000.0
840	6.596	36.966	3.226	28.797	0.183	0.954	6000.0
841	7.413	42.057	3.664	33.406	0.209	0.946	6000.0
842	6.251	35.416	3.048	26.975	0.169	0.965	6000.0
843	7.228	40.804	3.219	29.915	0.214	0.947	6000.0
844	8.568	48.198	4.138	39.227	0.237	0.914	6000.0
845	6.57	37.308	2.992	26.74	0.205	0.964	6000.0
846	7.544	43.15	3.46	33.424	0.221	0.938	6000.0
847	6.785	37.693	3.122	27.584	0.186	0.959	6000.0
848	6.663	37.036	3.043	27.662	0.189	0.96	6000.0
849	6.993	39.08	3.172	30.375	0.201	0.957	6000.0
850	7.646	42.334	3.422	32.393	0.226	0.932	6000.0
851	7.531	42.602	3.494	31.43	0.235	0.942	6000.0
852	7.526	42.372	3.57	32.0	0.241	0.945	6000.0
853	5.745	32.278	2.632	22.542	0.17	0.974	6000.0
854	7.126	39.583	3.752	33.574	0.208	0.942	6000.0
855	7.849	43.642	4.022	36.158	0.219	0.917	6000.0
856	7.002	39.259	3.136	28.703	0.214	0.953	6000.0
857	5.023	27.809	2.221	19.467	0.149	0.98	6000.0
858	7.326	41.139	3.158	27.883	0.259	0.966	6000.0
859	5.051	28.802	2.244	19.686	0.163	0.977	6000.0
860	7.568	41.273	3.49	30.695	0.224	0.953	6000.0
861	5.654	31.677	2.851	24.969	0.166	0.956	6000.0
862	7.275	39.9	3.3	28.477	0.258	0.936	6000.0
863	5.819	32.416	2.779	25.059	0.161	0.97	6000.0
864	6.394	36.906	3.131	28.096	0.196	0.954	6000.0
865	7.774	42.775	4.071	35.332	0.235	0.924	6000.0
866	6.286	35.267	3.03	27.02	0.162	0.962	6000.0
867	7.617	42.458	3.299	31.073	0.221	0.948	6000.0
868	5.872	33.162	2.719	25.175	0.166	0.964	6000.0
869	5.685	32.059	2.585	23.938	0.183	0.969	6000.0
870	7.594	42.456	3.463	31.567	0.239	0.945	6000.0
871	6.729	38.381	3.107	26.815	0.209	0.962	6000.0
872	4.653	25.587	2.005	16.585	0.15	0.989	6000.0
873	6.41	35.581	3.25	28.192	0.158	0.961	6000.0
874	6.721	38.442	3.099	28.422	0.191	0.962	6000.0
875	7.155	39.965	3.195	30.798	0.207	0.945	6000.0
876	6.366	35.972	2.793	26.319	0.202	0.969	6000.0
877	7.874	44.617	3.556	35.049	0.234	0.938	6000.0
878	5.529	31.252	2.764	25.321	0.135	0.963	6000.0
879	6.447	36.498	3.143	27.276	0.19	0.944	6000.0
880	5.644	32.234	2.69	25.34	0.162	0.964	6000.0
881	6.417	36.253	2.822	26.034	0.201	0.959	6000.0
882	6.127	33.872	2.653	23.125	0.194	0.975	6000.0
883	7.436	42.204	3.592	34.101	0.185	0.94	6000.0
884	7.625	43.101	3.642	32.389	0.228	0.944	6000.0
885	5.969	34.359	2.848	27.027	0.167	0.958	6000.0
886	6.656	37.32	3.243	28.467	0.169	0.957	6000.0
887	6.352	35.448	2.947	25.783	0.192	0.974	6000.0
888	5.166	28.499	2.319	20.936	0.162	0.978	6000.0
889	6.737	37.471	2.918	26.65	0.217	0.964	6000.0
890	7.112	39.872	3.292	30.937	0.208	0.951	6000.0
891	8.625	48.652	3.922	35.4	0.277	0.921	6000.0
892	7.194	40.353	3.14	30.104	0.203	0.955	6000.0
893	7.704	43.818	3.435	33.627	0.247	0.942	6000.0
894	8.285	46.583	3.935	35.026	0.273	0.934	6000.0
895	5.921	33.203	2.643	24.866	0.176	0.967	6000.0
896	6.413	35.662	3.326	28.222	0.153	0.953	6000.0
897	6.846	38.733	3.137	28.961	0.241	0.961	6000.0
898	7.352	41.569	3.781	34.891	0.192	0.918	6000.0
899	6.263	34.828	2.825	25.243	0.193	0.973	6000.0
900	6.276	34.424	2.691	24.793	0.223	0.964	6000.0
901	5.649	31.079	2.696	23.257	0.142	0.971	6000.0
902	7.371	41.455	3.248	30.551	0.225	0.946	6000.0
903	7.148	39.631	3.266	29.962	0.213	0.948	6000.0
904	6.154	34.194	2.705	25.379	0.216	0.961	6000.0
905	6.844	38.188	3.138	27.623	0.237	0.958	6000.0
906	7.184	40.723	3.703	33.101	0.167	0.938	6000.0
907	6.451	35.344	3.123	26.788	0.191	0.958	6000.0
908	6.048	33.854	2.599	22.327	0.203	0.977	6000.0
909	7.826	43.909	3.854	34.758	0.224	0.923	6000.0
910	6.343	35.375	2.937	25.873	0.201	0.967	6000.0
911	7.876	45.09	3.944	34.188	0.235	0.926	6000.0
912	8.267	46.761	3.773	35.379	0.242	0.928	6000.0
913	7.072	40.673	3.321	30.67	0.199	0.951	6000.0
914	8.556	48.327	4.222	37.098	0.26	0.917	6000.0
915	6.551	36.292	2.987	26.314	0.199	0.967	6000.0
916	7.814	43.972	3.615	33.676	0.263	0.94	6000.0
917	8.638	47.982	4.338	38.841	0.247	0.916	6000.0
918	7.553	42.838	3.633	32.858	0.225	0.94	6000.0
919	7.781	43.248	3.477	33.062	0.235	0.947	6000.0
920	6.563	36.694	2.98	28.443	0.187	0.952	6000.0
921	7.719	42.948	3.814	32.193	0.24	0.925	6000.0
922	6.968	38.909	3.364	31.737	0.179	0.947	6000.0
923	8.682	48.791	4.173	39.127	0.247	0.912	6000.0
924	6.66	36.659	3.197	29.95	0.206	0.956	6000.0
925	7.514	42.701	3.486	30.785	0.224	0.951	6000.0
926	6.034	33.91	2.657	24.118	0.204	0.968	6000.0
927	5.387	30.59	2.643	23.433	0.159	0.973	6000.0
928	5.337	29.818	2.351	20.298	0.186	0.982	6000.0
929	6.902	38.261	3.112	26.432	0.207	0.964	6000.0
930	7.305	40.467	3.186	30.8	0.213	0.952	6000.0
931	6.446	35.511	2.916	25.466	0.218	0.967	6000.0
932	6.481	35.983	3.002	27.739	0.197	0.963	6000.0
933	6.91	38.984	3.371	29.182	0.171	0.953	6000.0
934	5.991	33.662	2.817	24.841	0.199	0.969	6000.0
935	8.332	46.565	3.945	36.222	0.224	0.932	6000.0
936	8.459	47.084	3.805	33.835	0.261	0.935	6000.0
937	8.075	45.025	3.768	35.455	0.241	0.929	6000.0
938	6.075	33.992	2.795	25.583	0.193	0.963	6000.0
939	6.943	38.043	3.376	30.968	0.186	0.952	6000.0
940	6.535	35.569	2.955	26.741	0.196	0.961	6000.0
941	7.795	42.944	3.547	31.143	0.249	0.951	6000.0
942	6.876	37.624	3.008	26.822	0.215	0.958	6000.0
943	7.235	39.857	3.324	29.64	0.197	0.954	6000.0
944	8.037	44.966	3.725	33.064	0.261	0.922	6000.0
945	6.455	36.516	2.779	26.291	0.198	0.957	6000.0
946	7.162	40.127	3.279	29.608	0.215	0.962	6000.0
947	8.192	46.163	3.655	34.592	0.261	0.934	6000.0
948	6.61	36.814	2.843	25.795	0.199	0.961	6000.0
949	5.748	31.962	2.599	21.884	0.171	0.979	6000.0
950	5.134	28.874	2.513	22.323	0.152	0.976	6000.0
951	6.636	37.296	3.136	28.713	0.216	0.952	6000.0
952	7.518	42.229	3.668	33.305	0.218	0.932	6000.0
953	6.429	36.642	2.73	25.98	0.22	0.963	6000.0
954	8.041	44.454	3.782	34.688	0.21	0.942	6000.0
955	5.416	30.124	2.597	22.584	0.149	0.977	6000.0
956	9.195	51.186	4.429	39.971	0.253	0.916	6000.0
957	7.054	39.969	3.19	26.756	0.255	0.959	6000.0
958	6.241	34.372	2.971	27.473	0.181	0.966	6000.0
959	7.527	42.085	3.583	33.284	0.226	0.939	6000.0
960	7.778	43.011	3.806	34.955	0.203	0.932	6000.0
961	6.319	35.459	2.832	25.794	0.205	0.963	6000.0
962	8.904	50.107	3.804	35.527	0.304	0.929	6000.0
963	7.911	44.712	4.091	36.131	0.208	0.919	6000.0
964	6.372	36.25	2.797	25.372	0.208	0.965	6000.0
965	7.426	41.729	3.477	31.235	0.218	0.947	6000.0
966	7.189	40.524	3.393	32.4	0.221	0.948	6000.0
967	7.288	41.228	3.315	31.35	0.218	0.948	6000.0
968	6.937	39.049	3.198	29.319	0.195	0.952	6000.0
969	7.435	41.415	3.458	32.089	0.198	0.95	6000.0
970	7.891	44.602	3.53	33.091	0.256	0.938	6000.0
971	7.13	39.374	3.057	29.173	0.216	0.949	6000.0
972	7.301	41.068	3.309	31.995	0.198	0.936	6000.0
973	6.711	36.382	2.987	27.272	0.217	0.951	6000.0
974	5.67	31.909	2.433	22.102	0.174	0.975	6000.0
975	6.537	36.618	2.92	26.223	0.205	0.963	6000.0
976	6.58	37.298	2.863	25.54	0.222	0.961	6000.0
977	6.807	38.968	3.197	29.357	0.187	0.946	6000.0
978	7.142	40.042	3.51	31.517	0.218	0.947	6000.0
979	4.969	28.16	2.424	20.762	0.162	0.976	6000.0
980	6.063	33.933	2.538	22.62	0.21	0.974	6000.0
981	6.635	37.506	2.739	25.569	0.243	0.963	6000.0
982	7.714	43.425	3.677	34.016	0.218	0.93	6000.0
983	8.18	45.075	3.718	34.027	0.258	0.934	6000.0
984	6.328	35.014	2.711	25.638	0.201	0.967	6000.0
985	6.685	37.0	3.335	29.884	0.191	0.953	6000.0
986	7.063	39.66	3.186	30.396	0.223	0.958	6000.0
987	7.047	39.413	3.137	27.421	0.239	0.961	6000.0
988	7.097	39.744	3.241	31.231	0.213	0.947	6000.0
989	7.15	40.18	3.376	30.712	0.177	0.938	6000.0
990	6.85	37.616	3.137	28.423	0.184	0.96	6000.0
991	7.131	40.559	3.74	33.178	0.161	0.935	6000.0
992	6.161	34.673	2.994	26.001	0.154	0.966	6000.0
993	9.418	52.576	4.403	39.622	0.262	0.91	6000.0
994	5.942	33.027	2.716	24.254	0.188	0.968	6000.0
995	6.689	37.923	2.808	26.13	0.233	0.965	6000.0
996	7.946	44.46	3.711	33.456	0.244	0.941	6000.0
997	6.903	37.497	3.127	27.227	0.199	0.963	6000.0
998	7.682	42.543	3.509	32.296	0.225	0.95	6000.0
999	7.011	39.67	3.149	28.505	0.217	0.96	6000.0
1000	8.873	50.129	4.259	36.654	0.291	0.905	6000.0
