NMF_Replicate	L1	L1 %	L2	L2 %	KL Divergence	Correlation	Convergence Iterations
1	4.498	24.771	2.151	20.242	0.12	0.972	6000.0
2	3.57	20.055	1.824	14.848	0.078	0.991	6000.0
3	2.763	14.791	1.398	12.352	0.065	0.992	6000.0
4	3.859	22.2	1.803	16.113	0.105	0.984	6000.0
5	4.711	26.867	2.412	21.396	0.105	0.974	6000.0
6	3.982	22.694	1.965	16.936	0.087	0.984	6000.0
7	4.245	23.805	2.12	18.959	0.092	0.982	6000.0
8	3.712	20.592	1.773	15.946	0.08	0.988	6000.0
9	4.681	25.534	2.185	20.587	0.113	0.976	6000.0
10	3.737	20.81	1.96	18.196	0.077	0.985	6000.0
11	4.166	23.488	2.218	20.444	0.089	0.978	6000.0
12	4.516	25.333	2.141	19.232	0.107	0.98	6000.0
13	3.485	19.441	1.756	15.512	0.087	0.987	6000.0
14	4.108	22.637	1.942	18.169	0.097	0.983	6000.0
15	3.899	22.171	1.855	16.401	0.097	0.983	6000.0
16	3.224	18.221	1.536	13.953	0.079	0.991	6000.0
17	4.806	27.409	2.506	24.079	0.113	0.972	6000.0
18	2.763	15.131	1.424	12.59	0.072	0.99	6000.0
19	4.239	23.882	1.78	16.47	0.111	0.989	6000.0
20	2.003	11.179	0.913	8.014	0.046	0.996	6000.0
21	4.185	23.986	2.47	21.866	0.066	0.968	6000.0
22	5.04	28.548	2.427	22.626	0.131	0.973	6000.0
23	4.435	24.699	2.161	19.513	0.094	0.978	6000.0
24	3.887	21.977	1.64	15.471	0.112	0.986	6000.0
25	3.931	22.277	1.984	18.109	0.081	0.977	6000.0
26	3.507	19.781	1.75	15.324	0.096	0.988	6000.0
27	5.199	28.547	2.476	23.482	0.131	0.974	6000.0
28	4.664	26.246	2.191	21.279	0.122	0.973	6000.0
29	3.652	20.187	1.606	15.481	0.08	0.986	6000.0
30	3.246	18.068	1.482	12.908	0.094	0.99	6000.0
31	3.942	22.313	1.891	17.755	0.093	0.98	6000.0
32	4.917	27.572	2.41	22.318	0.117	0.975	6000.0
33	2.98	16.883	1.483	13.638	0.073	0.989	6000.0
34	2.512	14.126	1.258	12.136	0.055	0.991	6000.0
35	5.206	28.335	2.521	23.756	0.125	0.964	6000.0
36	3.207	17.949	1.498	13.563	0.077	0.991	6000.0
37	4.833	27.587	2.408	21.635	0.111	0.979	6000.0
38	3.397	18.679	1.631	14.717	0.094	0.987	6000.0
39	3.9	22.206	1.829	16.737	0.112	0.982	6000.0
40	2.028	11.259	1.04	9.433	0.049	0.994	6000.0
41	1.867	10.279	0.952	8.463	0.061	0.993	6000.0
42	3.918	21.782	1.917	17.501	0.09	0.983	6000.0
43	4.853	26.789	2.29	21.334	0.119	0.976	6000.0
44	3.543	19.621	1.659	15.447	0.086	0.984	6000.0
45	4.581	25.989	2.22	20.658	0.125	0.98	6000.0
46	4.322	24.504	2.214	21.446	0.089	0.975	6000.0
47	2.659	14.966	1.285	11.908	0.059	0.992	6000.0
48	4.357	24.461	2.254	20.244	0.082	0.974	6000.0
49	4.168	23.279	1.862	16.619	0.108	0.987	6000.0
50	4.153	23.373	2.142	19.78	0.067	0.978	6000.0
51	3.111	17.661	1.525	13.17	0.077	0.99	6000.0
52	5.633	31.586	2.735	26.803	0.14	0.959	6000.0
53	3.459	19.238	1.749	14.956	0.083	0.988	6000.0
54	3.346	18.753	1.605	14.427	0.088	0.989	6000.0
55	4.087	23.51	1.968	18.837	0.105	0.983	6000.0
56	4.471	25.199	2.079	20.68	0.093	0.975	6000.0
57	3.392	19.348	1.611	15.908	0.096	0.983	6000.0
58	2.565	14.359	1.355	11.484	0.058	0.992	6000.0
59	4.37	24.541	1.94	18.26	0.12	0.98	6000.0
60	4.671	27.35	2.458	22.38	0.085	0.965	6000.0
61	3.732	20.936	1.849	17.003	0.097	0.977	6000.0
62	4.457	24.685	2.003	17.764	0.116	0.984	6000.0
63	2.797	15.475	1.334	11.832	0.069	0.993	6000.0
64	3.627	20.315	1.708	15.844	0.08	0.988	6000.0
65	4.663	25.774	2.313	21.792	0.124	0.971	6000.0
66	3.203	18.142	1.481	14.01	0.077	0.989	6000.0
67	4.84	27.822	2.421	23.116	0.11	0.973	6000.0
68	4.394	24.539	2.059	18.915	0.108	0.984	6000.0
69	3.363	18.858	1.573	14.819	0.085	0.984	6000.0
70	4.304	23.968	2.233	19.58	0.079	0.981	6000.0
71	3.632	20.423	1.856	17.546	0.11	0.981	6000.0
72	2.61	14.803	1.377	11.597	0.069	0.993	6000.0
73	4.936	27.978	2.688	26.104	0.121	0.958	6000.0
74	3.262	18.354	1.629	14.645	0.074	0.99	6000.0
75	2.821	15.421	1.289	11.343	0.067	0.992	6000.0
76	2.7	15.3	1.342	11.263	0.058	0.993	6000.0
77	4.365	24.543	2.099	19.466	0.108	0.977	6000.0
78	2.48	13.896	1.278	11.845	0.057	0.991	6000.0
79	3.975	22.303	1.949	19.368	0.112	0.973	6000.0
80	4.445	24.785	1.907	17.61	0.129	0.98	6000.0
81	3.804	20.912	1.861	17.718	0.093	0.983	6000.0
82	4.261	23.858	2.001	19.357	0.12	0.977	6000.0
83	2.843	16.501	1.587	14.253	0.055	0.984	6000.0
84	4.656	26.455	2.207	20.61	0.113	0.976	6000.0
85	3.192	18.217	1.613	14.461	0.087	0.989	6000.0
86	3.848	21.664	1.893	17.311	0.076	0.983	6000.0
87	4.623	25.679	2.187	21.501	0.113	0.972	6000.0
88	4.006	22.946	2.041	18.407	0.085	0.982	6000.0
89	2.563	14.233	1.216	10.65	0.06	0.994	6000.0
90	3.664	20.684	1.745	15.713	0.116	0.983	6000.0
91	2.595	14.384	1.255	10.518	0.059	0.995	6000.0
92	3.864	22.059	1.796	16.209	0.093	0.986	6000.0
93	2.991	16.957	1.378	14.102	0.1	0.986	6000.0
94	4.155	23.229	1.806	16.525	0.124	0.984	6000.0
95	4.786	27.111	2.435	21.592	0.102	0.971	6000.0
96	2.95	16.583	1.448	12.479	0.078	0.992	6000.0
97	3.035	17.119	1.413	12.85	0.083	0.99	6000.0
98	3.304	18.297	1.671	15.71	0.093	0.982	6000.0
99	3.896	22.332	2.092	19.969	0.063	0.971	6000.0
100	3.655	20.397	1.783	16.579	0.073	0.985	6000.0
101	4.893	27.517	2.32	21.188	0.123	0.972	6000.0
102	3.678	20.294	1.644	14.815	0.085	0.988	6000.0
103	3.319	18.73	1.633	15.24	0.068	0.99	6000.0
104	4.441	25.314	2.421	22.489	0.077	0.964	6000.0
105	4.669	26.062	2.219	21.177	0.115	0.975	6000.0
106	3.619	20.194	1.647	14.52	0.079	0.99	6000.0
107	4.161	23.416	1.935	18.81	0.101	0.98	6000.0
108	3.098	17.051	1.541	13.698	0.065	0.986	6000.0
109	3.914	21.928	2.03	18.28	0.108	0.979	6000.0
110	4.869	27.589	2.533	23.653	0.092	0.969	6000.0
111	3.357	18.763	1.573	13.911	0.071	0.99	6000.0
112	3.286	18.224	1.554	13.787	0.074	0.99	6000.0
113	3.571	20.285	2.025	17.123	0.06	0.983	6000.0
114	2.697	15.181	1.409	11.968	0.069	0.991	6000.0
115	4.822	26.385	2.175	21.82	0.128	0.969	6000.0
116	4.181	23.402	1.95	18.822	0.101	0.982	6000.0
117	4.818	26.487	2.363	21.893	0.12	0.968	6000.0
118	2.704	15.391	1.251	11.204	0.073	0.992	6000.0
119	3.498	19.218	1.767	17.515	0.105	0.977	6000.0
120	4.254	24.299	2.212	20.146	0.076	0.978	6000.0
121	3.648	20.739	1.723	15.875	0.087	0.987	6000.0
122	4.083	23.035	1.829	16.775	0.11	0.984	6000.0
123	2.759	15.256	1.23	10.602	0.058	0.995	6000.0
124	3.665	20.384	1.669	15.214	0.095	0.985	6000.0
125	3.456	19.328	1.805	15.704	0.067	0.984	6000.0
126	4.395	24.771	2.267	20.369	0.116	0.98	6000.0
127	3.183	17.925	1.572	13.406	0.081	0.989	6000.0
128	2.967	16.861	1.344	12.153	0.081	0.991	6000.0
129	4.715	26.953	2.221	21.184	0.108	0.977	6000.0
130	3.01	16.816	1.568	14.001	0.073	0.988	6000.0
131	4.726	26.808	2.456	23.137	0.08	0.966	6000.0
132	3.312	18.458	1.643	15.704	0.068	0.983	6000.0
133	3.798	21.293	1.717	16.612	0.09	0.984	6000.0
134	3.501	19.714	1.571	14.851	0.087	0.987	6000.0
135	3.812	21.388	1.78	17.322	0.097	0.983	6000.0
136	4.805	26.744	2.331	22.365	0.11	0.975	6000.0
137	5.211	29.164	2.663	26.66	0.097	0.96	6000.0
138	3.701	21.028	1.914	19.073	0.121	0.972	6000.0
139	4.684	26.564	2.281	20.352	0.113	0.981	6000.0
140	3.78	21.019	1.901	17.481	0.077	0.985	6000.0
141	4.114	22.665	1.903	17.407	0.1	0.986	6000.0
142	3.119	17.22	1.725	16.813	0.06	0.981	6000.0
143	4.091	22.757	1.901	17.48	0.115	0.979	6000.0
144	3.529	19.934	1.762	15.899	0.064	0.984	6000.0
145	3.859	21.984	1.965	18.047	0.079	0.984	6000.0
146	4.059	22.492	2.01	18.79	0.079	0.982	6000.0
147	3.902	21.971	1.849	17.346	0.082	0.983	6000.0
148	4.374	24.708	2.157	19.528	0.095	0.983	6000.0
149	2.858	15.774	1.331	11.883	0.066	0.992	6000.0
150	3.533	19.905	1.737	15.368	0.08	0.986	6000.0
151	4.307	24.532	2.177	20.235	0.105	0.975	9000.0
152	3.75	20.678	1.812	16.498	0.094	0.984	6000.0
153	4.009	22.096	1.953	18.487	0.09	0.979	6000.0
154	3.947	21.999	1.889	17.26	0.093	0.986	6000.0
155	3.582	20.152	1.865	17.616	0.063	0.983	6000.0
156	4.823	27.811	2.267	21.027	0.119	0.971	6000.0
157	4.797	27.339	2.424	24.076	0.109	0.959	6000.0
158	4.919	27.612	2.249	21.19	0.14	0.974	6000.0
159	4.218	23.281	2.117	19.212	0.122	0.981	6000.0
160	3.899	22.07	2.002	17.539	0.07	0.985	6000.0
161	4.02	22.281	1.861	17.307	0.1	0.984	7000.0
162	2.548	13.953	1.224	11.149	0.056	0.992	6000.0
163	4.773	26.467	2.463	21.781	0.108	0.975	6000.0
164	3.108	17.466	1.731	15.172	0.066	0.989	6000.0
165	3.801	21.073	1.854	17.363	0.09	0.98	6000.0
166	3.994	22.402	1.914	16.996	0.083	0.98	6000.0
167	4.087	22.807	2.274	20.693	0.077	0.977	6000.0
168	4.316	24.263	2.266	20.223	0.085	0.974	6000.0
169	4.686	26.577	2.389	21.309	0.119	0.976	6000.0
170	2.86	16.146	1.296	12.623	0.067	0.991	6000.0
171	3.736	21.132	1.758	15.656	0.099	0.987	6000.0
172	3.798	21.086	1.7	15.778	0.104	0.985	6000.0
173	3.454	19.765	1.712	15.643	0.089	0.987	6000.0
174	3.904	21.709	1.987	18.679	0.106	0.978	6000.0
175	3.886	22.418	1.834	16.54	0.115	0.985	6000.0
176	3.686	20.576	1.734	15.933	0.092	0.986	6000.0
177	4.855	27.035	2.301	20.663	0.145	0.975	6000.0
178	3.914	22.174	1.983	17.852	0.092	0.987	6000.0
179	3.489	19.47	1.668	14.45	0.084	0.988	6000.0
180	4.008	21.628	1.952	17.544	0.089	0.98	6000.0
181	4.964	27.874	2.612	22.461	0.11	0.974	6000.0
182	3.234	17.975	1.529	14.309	0.066	0.989	6000.0
183	3.986	22.654	2.004	16.947	0.093	0.985	6000.0
184	4.873	27.647	2.273	21.302	0.12	0.974	6000.0
185	4.602	25.813	2.437	21.648	0.096	0.972	6000.0
186	3.424	19.012	1.632	14.982	0.074	0.99	6000.0
187	4.094	23.378	2.083	19.137	0.09	0.982	6000.0
188	5.196	28.813	2.498	23.342	0.134	0.972	6000.0
189	4.317	24.459	2.059	19.006	0.12	0.982	6000.0
190	4.439	25.245	2.243	20.774	0.1	0.974	6000.0
191	3.952	22.642	2.04	18.629	0.078	0.977	6000.0
192	4.813	26.959	2.437	23.142	0.1	0.97	6000.0
193	4.415	24.349	2.236	20.15	0.099	0.976	6000.0
194	4.394	25.576	2.165	20.336	0.103	0.974	6000.0
195	4.794	25.991	2.149	20.305	0.113	0.971	6000.0
196	4.293	24.448	2.056	19.8	0.117	0.978	6000.0
197	4.364	23.616	2.172	19.276	0.111	0.981	6000.0
198	4.258	23.778	2.028	18.634	0.092	0.98	6000.0
199	3.955	22.264	2.003	18.156	0.099	0.98	6000.0
200	3.798	21.549	1.725	15.598	0.094	0.986	6000.0
201	3.174	18.202	1.587	15.012	0.058	0.986	6000.0
202	4.629	25.441	2.257	20.745	0.113	0.974	6000.0
203	3.419	19.274	1.689	14.409	0.075	0.988	6000.0
204	3.962	22.497	1.976	17.868	0.084	0.982	6000.0
205	3.612	20.356	1.814	16.995	0.08	0.982	6000.0
206	4.062	22.731	1.993	18.203	0.09	0.981	10000.0
207	4.365	24.984	2.167	19.873	0.098	0.975	6000.0
208	3.219	18.179	1.59	14.397	0.069	0.989	6000.0
209	3.497	19.268	1.637	15.589	0.083	0.983	6000.0
210	3.07	17.161	1.497	13.103	0.073	0.99	6000.0
211	4.638	26.217	2.403	20.8	0.11	0.976	6000.0
212	4.433	24.362	2.095	18.038	0.11	0.984	6000.0
213	4.103	23.085	1.99	17.766	0.118	0.979	6000.0
214	3.411	19.115	1.691	15.616	0.081	0.986	6000.0
215	4.155	23.281	1.853	17.606	0.109	0.979	6000.0
216	4.587	25.838	2.088	19.638	0.14	0.974	6000.0
217	3.576	19.417	1.577	14.783	0.094	0.986	6000.0
218	4.426	24.206	2.063	18.566	0.107	0.984	6000.0
219	4.031	22.8	1.991	17.659	0.097	0.985	6000.0
220	3.212	17.68	1.577	13.805	0.073	0.989	6000.0
221	3.257	18.281	1.616	15.522	0.066	0.985	6000.0
222	3.531	19.38	1.801	16.781	0.09	0.984	6000.0
223	3.964	22.223	1.779	15.472	0.116	0.988	6000.0
224	3.888	21.382	2.004	18.139	0.072	0.98	6000.0
225	3.05	17.334	1.538	13.643	0.061	0.991	6000.0
226	3.617	19.694	1.833	16.168	0.062	0.984	6000.0
227	4.429	25.166	2.099	19.794	0.091	0.978	6000.0
228	3.746	21.513	1.879	17.262	0.101	0.982	6000.0
229	3.536	19.334	1.592	13.854	0.087	0.99	6000.0
230	3.832	20.984	1.768	15.845	0.078	0.986	6000.0
231	4.271	24.213	2.232	19.784	0.08	0.974	6000.0
232	4.624	25.434	2.246	22.189	0.107	0.973	6000.0
233	3.568	20.239	1.785	15.947	0.1	0.986	6000.0
234	5.056	28.441	2.41	20.893	0.125	0.973	6000.0
235	4.134	23.195	2.128	19.914	0.08	0.979	6000.0
236	4.616	25.874	2.375	21.023	0.095	0.97	6000.0
237	3.454	19.884	1.758	15.923	0.095	0.985	6000.0
238	5.282	29.656	2.592	24.508	0.11	0.97	6000.0
239	3.695	20.374	1.751	16.28	0.109	0.984	6000.0
240	4.675	25.847	2.197	20.976	0.102	0.975	6000.0
241	4.498	25.197	2.216	21.176	0.115	0.973	6000.0
242	3.021	16.205	1.387	12.588	0.094	0.988	6000.0
243	4.408	25.157	2.2	20.61	0.098	0.977	6000.0
244	4.444	24.303	1.985	20.076	0.113	0.975	6000.0
245	4.558	25.681	2.295	20.796	0.091	0.977	6000.0
246	3.214	17.953	1.762	15.947	0.074	0.988	6000.0
247	3.538	19.974	1.695	13.974	0.089	0.989	6000.0
248	2.817	15.947	1.387	12.858	0.076	0.989	6000.0
249	4.595	25.819	2.131	20.586	0.114	0.972	6000.0
250	4.397	24.929	2.296	21.851	0.099	0.973	6000.0
251	3.586	19.896	1.629	15.667	0.098	0.984	6000.0
252	4.134	23.389	2.159	19.128	0.093	0.984	6000.0
253	4.155	23.776	2.006	18.3	0.117	0.983	6000.0
254	4.497	25.416	2.208	19.722	0.101	0.979	6000.0
255	3.311	18.619	1.605	14.282	0.075	0.99	6000.0
256	4.892	27.608	2.446	21.896	0.114	0.976	6000.0
257	3.441	19.324	1.696	14.616	0.078	0.987	6000.0
258	3.957	22.281	1.868	16.825	0.105	0.984	6000.0
259	3.406	19.224	1.628	15.167	0.071	0.986	8000.0
260	2.693	14.381	1.306	11.182	0.046	0.992	6000.0
261	4.613	25.859	2.312	20.51	0.113	0.98	6000.0
262	3.613	19.952	1.686	16.647	0.079	0.982	6000.0
263	3.362	19.057	1.626	14.649	0.092	0.989	6000.0
264	4.374	24.778	2.105	19.329	0.095	0.983	6000.0
265	4.876	26.868	2.447	22.072	0.121	0.974	6000.0
266	4.571	25.538	2.222	20.649	0.093	0.976	6000.0
267	3.63	20.135	1.689	14.465	0.108	0.986	6000.0
268	3.532	19.894	1.648	14.718	0.081	0.986	6000.0
269	3.461	19.255	1.829	17.074	0.066	0.984	6000.0
270	3.64	19.823	1.926	16.661	0.062	0.985	6000.0
271	3.952	22.371	1.872	16.555	0.098	0.984	6000.0
272	3.993	22.47	2.026	18.535	0.095	0.98	6000.0
273	3.187	17.035	1.444	12.469	0.068	0.991	6000.0
274	4.541	25.284	2.148	20.248	0.123	0.979	6000.0
275	3.515	19.961	1.787	16.672	0.071	0.984	6000.0
276	5.244	29.229	2.525	24.076	0.12	0.97	6000.0
277	3.638	20.145	1.823	16.689	0.076	0.982	6000.0
278	5.05	28.201	2.278	20.62	0.132	0.974	6000.0
279	3.485	19.176	1.531	13.774	0.096	0.989	6000.0
280	3.303	18.668	1.694	14.892	0.064	0.988	6000.0
281	3.91	22.213	2.036	18.525	0.086	0.983	6000.0
282	4.137	22.812	2.306	20.844	0.091	0.971	6000.0
283	3.105	17.312	1.494	12.837	0.089	0.992	6000.0
284	3.994	21.744	1.993	18.043	0.081	0.979	6000.0
285	3.32	18.933	1.569	14.037	0.061	0.989	6000.0
286	4.924	27.61	2.417	21.856	0.114	0.976	6000.0
287	4.001	22.735	2.054	18.925	0.074	0.98	6000.0
288	4.92	27.449	2.339	21.168	0.114	0.974	6000.0
289	3.712	20.926	1.698	15.244	0.098	0.989	6000.0
290	4.421	25.471	2.217	21.327	0.09	0.97	6000.0
291	4.777	26.206	2.458	21.648	0.1	0.977	6000.0
292	3.728	20.084	1.738	15.51	0.108	0.985	6000.0
293	3.085	17.218	1.555	13.811	0.081	0.99	6000.0
294	3.737	20.826	1.766	15.401	0.088	0.989	6000.0
295	4.989	28.506	2.582	24.862	0.116	0.965	6000.0
296	3.719	20.856	1.786	17.199	0.078	0.984	6000.0
297	3.841	21.514	2.114	19.299	0.088	0.976	6000.0
298	2.607	14.382	1.333	11.547	0.057	0.993	6000.0
299	4.78	26.772	2.288	20.806	0.121	0.978	6000.0
300	3.946	21.875	1.948	18.047	0.086	0.976	6000.0
301	4.379	24.011	2.141	19.74	0.104	0.977	6000.0
302	3.721	21.137	1.897	16.029	0.088	0.986	6000.0
303	3.913	22.22	1.815	16.393	0.085	0.985	6000.0
304	4.11	22.999	1.845	17.889	0.083	0.985	6000.0
305	3.781	21.487	1.84	17.012	0.078	0.986	6000.0
306	3.89	21.5	1.995	17.199	0.084	0.981	6000.0
307	4.9	27.602	2.346	23.864	0.11	0.964	6000.0
308	4.945	27.689	2.397	22.289	0.098	0.977	6000.0
309	3.751	20.634	1.766	17.131	0.085	0.979	6000.0
310	3.586	19.798	1.7	15.091	0.072	0.986	6000.0
311	4.603	26.48	2.259	20.643	0.093	0.975	6000.0
312	2.765	15.439	1.295	11.081	0.083	0.992	6000.0
313	4.638	25.985	2.48	22.562	0.075	0.974	6000.0
314	3.752	21.559	1.941	17.699	0.073	0.978	6000.0
315	2.355	12.9	1.143	10.427	0.058	0.993	7000.0
316	2.56	14.526	1.482	13.316	0.047	0.989	6000.0
317	3.422	18.775	1.596	13.93	0.083	0.989	6000.0
318	4.695	26.626	2.416	22.607	0.091	0.967	6000.0
319	4.266	24.007	2.055	19.321	0.092	0.979	6000.0
320	4.741	26.972	2.217	21.406	0.13	0.97	6000.0
321	3.323	18.474	1.784	16.676	0.064	0.979	6000.0
322	3.486	19.769	1.728	16.222	0.078	0.987	6000.0
323	3.832	20.931	1.766	16.318	0.099	0.983	6000.0
324	3.385	18.863	1.703	15.689	0.063	0.987	6000.0
325	3.136	17.644	1.542	14.186	0.084	0.987	6000.0
326	4.269	24.363	2.037	18.671	0.1	0.983	6000.0
327	4.162	22.748	2.255	19.97	0.09	0.971	6000.0
328	2.61	14.536	1.35	11.734	0.056	0.992	6000.0
329	3.781	20.791	1.876	16.22	0.093	0.988	6000.0
330	4.035	22.508	2.019	19.211	0.075	0.978	6000.0
331	3.013	16.918	1.559	14.801	0.054	0.985	6000.0
332	3.881	21.584	1.919	17.527	0.107	0.979	7000.0
333	3.137	17.125	1.507	13.438	0.07	0.988	6000.0
334	5.056	28.292	2.652	23.992	0.091	0.962	6000.0
335	4.255	23.829	2.016	17.996	0.128	0.983	6000.0
336	4.072	23.76	2.215	19.63	0.074	0.973	6000.0
337	5.026	28.035	2.504	21.349	0.121	0.975	6000.0
338	4.625	26.876	2.418	22.774	0.103	0.968	6000.0
339	3.493	19.36	1.528	14.424	0.101	0.986	6000.0
340	3.894	21.572	1.983	18.521	0.061	0.98	6000.0
341	4.032	23.245	2.095	20.145	0.108	0.974	6000.0
342	3.297	17.866	1.525	13.753	0.083	0.988	6000.0
343	3.306	18.448	1.602	14.857	0.066	0.988	6000.0
344	4.298	24.606	2.212	19.098	0.116	0.982	6000.0
345	3.88	21.255	1.771	15.724	0.083	0.986	6000.0
346	2.783	15.845	1.433	12.229	0.079	0.992	6000.0
347	3.591	20.395	1.917	16.774	0.078	0.981	6000.0
348	4.219	24.322	2.246	20.958	0.078	0.974	6000.0
349	4.37	24.228	2.282	20.74	0.089	0.977	6000.0
350	4.643	26.411	2.06	19.539	0.132	0.979	6000.0
351	4.951	27.086	2.511	23.838	0.098	0.97	6000.0
352	4.283	24.386	2.12	19.138	0.087	0.983	6000.0
353	4.231	23.001	1.965	17.943	0.093	0.983	6000.0
354	3.23	17.848	1.496	12.816	0.091	0.99	6000.0
355	4.79	26.51	2.383	22.041	0.121	0.975	6000.0
356	4.506	25.634	2.235	20.956	0.117	0.978	6000.0
357	3.886	21.551	1.926	17.311	0.072	0.984	6000.0
358	2.568	14.035	1.343	11.64	0.061	0.992	6000.0
359	3.243	18.165	1.508	14.679	0.069	0.988	6000.0
360	3.76	20.713	2.031	17.573	0.073	0.986	6000.0
361	3.61	19.549	1.539	14.483	0.083	0.989	6000.0
362	2.846	16.131	1.422	13.149	0.075	0.989	6000.0
363	3.959	22.099	1.903	17.712	0.097	0.978	6000.0
364	3.963	22.275	1.971	17.658	0.082	0.983	6000.0
365	3.423	19.078	1.673	14.553	0.083	0.99	6000.0
366	2.829	15.841	1.388	13.658	0.073	0.983	6000.0
367	2.813	15.84	1.462	12.134	0.076	0.993	6000.0
368	4.739	26.524	2.339	21.841	0.106	0.966	6000.0
369	2.506	13.979	1.282	10.74	0.07	0.994	6000.0
370	3.12	17.419	1.433	12.602	0.071	0.994	6000.0
371	3.318	18.37	1.712	15.837	0.074	0.984	6000.0
372	3.138	17.822	1.556	14.471	0.082	0.989	6000.0
373	3.266	18.111	1.504	12.834	0.086	0.991	6000.0
374	3.114	17.668	1.501	14.03	0.079	0.989	6000.0
375	4.356	24.074	2.22	19.014	0.094	0.982	6000.0
376	3.843	22.06	2.004	18.772	0.065	0.979	6000.0
377	3.443	20.106	1.81	15.582	0.071	0.988	6000.0
378	5.121	29.21	2.501	24.186	0.106	0.967	6000.0
379	4.591	25.937	2.235	21.907	0.098	0.976	6000.0
380	3.518	19.819	1.716	16.294	0.075	0.983	6000.0
381	4.069	22.785	1.876	17.608	0.107	0.981	6000.0
382	3.183	17.794	1.492	13.12	0.07	0.992	6000.0
383	4.048	23.255	2.072	18.406	0.102	0.981	6000.0
384	3.675	20.7	1.852	15.825	0.093	0.988	6000.0
385	4.132	23.377	2.062	18.6	0.103	0.975	6000.0
386	4.593	25.5	2.243	20.679	0.099	0.974	6000.0
387	3.261	17.958	1.549	14.73	0.062	0.987	6000.0
388	5.201	30.13	2.699	25.447	0.13	0.966	6000.0
389	3.642	20.522	1.681	15.889	0.086	0.985	6000.0
390	3.572	19.862	1.707	14.858	0.089	0.988	6000.0
391	3.297	18.303	1.702	15.225	0.058	0.988	6000.0
392	3.91	21.944	1.874	16.273	0.09	0.986	6000.0
393	3.421	19.469	1.794	17.306	0.077	0.981	6000.0
394	3.874	22.547	1.989	18.056	0.082	0.981	6000.0
395	3.718	20.886	1.93	16.996	0.093	0.984	6000.0
396	3.249	18.069	1.534	14.028	0.09	0.988	6000.0
397	3.083	17.221	1.566	14.475	0.064	0.989	6000.0
398	5.8	33.512	2.716	26.457	0.158	0.955	6000.0
399	2.239	12.79	1.133	10.191	0.06	0.992	6000.0
400	3.65	21.182	1.718	15.756	0.081	0.984	6000.0
401	3.409	19.414	1.723	14.937	0.075	0.989	6000.0
402	4.868	27.385	2.422	22.429	0.106	0.974	6000.0
403	3.787	21.064	1.736	15.756	0.087	0.987	6000.0
404	4.942	27.625	2.306	20.842	0.111	0.974	6000.0
405	2.862	15.93	1.528	12.932	0.058	0.99	6000.0
406	3.668	20.331	1.735	16.167	0.078	0.984	6000.0
407	3.732	20.765	1.829	16.636	0.072	0.986	6000.0
408	3.794	20.952	1.839	16.15	0.082	0.986	6000.0
409	3.34	18.213	1.601	14.217	0.097	0.985	6000.0
410	3.118	17.484	1.569	14.478	0.079	0.988	6000.0
411	4.41	24.553	2.215	19.577	0.113	0.978	6000.0
412	4.734	26.329	2.28	21.658	0.133	0.979	6000.0
413	3.149	17.804	1.595	15.166	0.084	0.984	6000.0
414	3.786	21.656	1.941	16.883	0.086	0.983	6000.0
415	4.082	22.85	2.044	19.289	0.078	0.98	6000.0
416	3.64	20.588	1.817	15.665	0.075	0.986	6000.0
417	2.828	15.788	1.335	12.474	0.058	0.99	6000.0
418	3.629	20.273	1.764	17.047	0.068	0.982	6000.0
419	3.061	16.935	1.581	13.604	0.066	0.99	6000.0
420	4.227	23.356	1.983	18.364	0.105	0.982	6000.0
421	2.866	16.149	1.36	11.951	0.082	0.992	6000.0
422	3.765	21.27	1.903	17.67	0.092	0.985	6000.0
423	5.353	29.64	2.662	25.466	0.097	0.962	6000.0
424	3.115	17.376	1.729	15.375	0.048	0.988	6000.0
425	2.234	12.707	1.135	10.666	0.046	0.992	6000.0
426	3.765	21.318	1.818	15.786	0.109	0.988	6000.0
427	4.385	24.708	2.174	20.285	0.095	0.977	6000.0
428	3.147	17.894	1.485	12.3	0.082	0.993	6000.0
429	3.752	20.991	1.673	15.813	0.095	0.986	6000.0
430	3.809	21.432	1.807	15.72	0.087	0.989	6000.0
431	3.498	19.076	1.689	14.175	0.083	0.99	6000.0
432	3.068	17.385	1.368	13.104	0.069	0.99	6000.0
433	4.709	26.351	2.217	20.633	0.115	0.979	6000.0
434	3.803	21.156	1.779	17.271	0.091	0.979	6000.0
435	3.731	20.534	1.914	17.695	0.089	0.981	6000.0
436	4.342	24.293	2.067	18.356	0.107	0.984	6000.0
437	4.298	23.723	2.076	19.126	0.11	0.981	6000.0
438	4.64	26.168	2.234	20.471	0.107	0.982	6000.0
439	3.43	18.771	1.685	14.488	0.097	0.988	6000.0
440	3.281	18.188	1.636	14.895	0.09	0.985	6000.0
441	4.475	25.64	2.075	20.735	0.112	0.974	6000.0
442	4.446	24.664	2.109	19.861	0.102	0.978	6000.0
443	3.942	22.063	2.162	19.422	0.068	0.978	6000.0
444	4.721	26.506	2.365	23.002	0.132	0.969	6000.0
445	4.013	22.115	1.901	16.596	0.108	0.987	6000.0
446	3.516	19.459	1.745	14.845	0.082	0.988	7000.0
447	3.244	18.219	1.625	15.216	0.072	0.988	6000.0
448	3.125	17.821	1.584	14.209	0.068	0.987	6000.0
449	4.036	22.422	1.868	17.035	0.105	0.983	6000.0
450	3.005	16.652	1.549	14.311	0.069	0.986	6000.0
451	4.51	25.583	2.188	19.471	0.107	0.984	6000.0
452	3.578	19.823	1.892	16.654	0.082	0.987	7000.0
453	3.393	18.834	1.689	15.224	0.078	0.986	6000.0
454	3.383	18.995	1.768	15.026	0.059	0.989	6000.0
455	2.453	13.651	1.283	11.062	0.066	0.993	6000.0
456	4.304	23.539	1.978	18.282	0.098	0.985	6000.0
457	5.022	27.462	2.245	22.108	0.113	0.969	6000.0
458	2.942	16.689	1.414	12.524	0.065	0.994	6000.0
459	3.287	18.519	1.472	13.293	0.089	0.992	6000.0
460	3.571	19.658	1.758	17.115	0.068	0.98	6000.0
461	4.366	24.029	2.066	18.989	0.098	0.983	6000.0
462	4.384	24.276	2.188	20.152	0.123	0.974	6000.0
463	4.36	24.305	2.062	19.119	0.117	0.978	6000.0
464	4.555	25.505	2.228	21.274	0.096	0.973	6000.0
465	3.7	20.975	1.841	16.616	0.097	0.986	6000.0
466	3.183	17.973	1.43	13.561	0.078	0.988	6000.0
467	4.635	25.77	2.342	20.931	0.085	0.977	6000.0
468	3.696	20.705	1.83	15.183	0.083	0.99	6000.0
469	3.812	21.559	2.015	19.435	0.091	0.977	6000.0
470	4.241	23.377	2.1	19.143	0.085	0.978	6000.0
471	3.69	20.687	1.808	16.802	0.107	0.984	6000.0
472	4.394	24.657	2.13	18.457	0.114	0.984	6000.0
473	3.619	20.711	1.968	17.757	0.081	0.978	6000.0
474	3.321	18.772	1.692	15.329	0.061	0.989	6000.0
475	4.26	23.606	2.024	17.932	0.092	0.983	6000.0
476	5.064	28.239	2.378	21.854	0.114	0.974	6000.0
477	4.762	26.099	2.385	21.741	0.112	0.975	6000.0
478	3.132	17.504	1.495	12.468	0.074	0.991	6000.0
479	4.534	25.418	2.302	20.544	0.089	0.979	6000.0
480	4.304	23.67	1.98	19.144	0.1	0.977	6000.0
481	4.493	24.631	2.194	19.283	0.117	0.977	6000.0
482	3.427	19.358	1.736	15.464	0.091	0.986	6000.0
483	4.274	23.827	2.099	18.687	0.083	0.981	6000.0
484	2.688	14.612	1.328	11.244	0.064	0.992	6000.0
485	3.034	17.007	1.504	14.067	0.067	0.987	6000.0
486	3.308	17.824	1.983	16.746	0.068	0.986	6000.0
487	3.591	20.391	1.642	14.317	0.097	0.988	6000.0
488	5.204	29.725	2.599	23.999	0.11	0.967	6000.0
489	3.463	19.166	1.743	15.869	0.078	0.985	6000.0
490	3.0	16.797	1.419	12.907	0.07	0.99	6000.0
491	4.147	23.235	2.077	18.99	0.077	0.982	6000.0
492	4.147	22.831	2.082	18.519	0.074	0.98	6000.0
493	4.622	26.647	2.507	21.948	0.092	0.969	6000.0
494	3.943	21.64	1.902	17.333	0.102	0.979	6000.0
495	3.65	20.223	1.768	16.557	0.084	0.981	6000.0
496	5.226	30.025	2.493	22.988	0.159	0.965	6000.0
497	3.483	19.163	1.678	15.168	0.098	0.985	6000.0
498	4.166	23.31	2.107	18.958	0.08	0.98	6000.0
499	4.014	22.308	1.925	17.78	0.106	0.978	6000.0
500	5.052	28.207	2.5	23.468	0.126	0.968	6000.0
501	4.775	26.646	2.293	21.469	0.121	0.978	6000.0
502	2.854	16.065	1.379	12.875	0.069	0.988	6000.0
503	3.536	20.076	1.792	16.692	0.066	0.983	6000.0
504	4.085	22.859	1.995	18.791	0.092	0.982	6000.0
505	4.688	27.056	2.156	21.18	0.112	0.973	6000.0
506	3.686	20.885	2.029	17.454	0.07	0.983	6000.0
507	3.466	19.539	1.729	15.908	0.061	0.986	6000.0
508	3.35	18.434	1.615	15.364	0.079	0.987	6000.0
509	3.934	21.59	2.028	18.372	0.079	0.98	6000.0
510	3.909	21.876	1.776	16.879	0.099	0.985	6000.0
511	3.747	20.747	1.903	16.147	0.088	0.987	6000.0
512	3.972	22.104	2.163	19.728	0.085	0.971	6000.0
513	5.578	30.951	2.808	25.145	0.109	0.974	6000.0
514	4.714	26.83	2.371	22.474	0.099	0.971	6000.0
515	3.847	21.659	1.961	18.855	0.07	0.979	6000.0
516	6.076	34.455	3.228	30.276	0.113	0.953	6000.0
517	4.356	24.647	2.109	19.047	0.112	0.981	6000.0
518	3.459	18.506	1.651	13.708	0.086	0.989	6000.0
519	4.046	22.949	2.009	19.05	0.096	0.974	6000.0
520	4.211	23.766	2.109	20.636	0.097	0.973	6000.0
521	4.985	27.573	2.414	21.994	0.113	0.978	6000.0
522	3.8	21.385	1.899	17.697	0.076	0.982	6000.0
523	2.787	15.552	1.411	12.208	0.078	0.992	6000.0
524	2.83	15.726	1.43	12.748	0.083	0.99	6000.0
525	5.962	33.931	3.188	28.896	0.142	0.949	6000.0
526	4.203	24.227	2.072	19.783	0.09	0.979	6000.0
527	3.369	18.798	1.706	15.586	0.076	0.987	6000.0
528	3.284	17.851	1.51	12.563	0.082	0.993	6000.0
529	3.986	22.6	1.829	16.99	0.124	0.982	6000.0
530	4.673	26.252	2.153	20.367	0.096	0.975	6000.0
531	4.29	23.725	2.164	18.56	0.092	0.983	6000.0
532	3.622	20.443	1.795	15.997	0.08	0.986	6000.0
533	4.177	23.279	2.059	19.056	0.11	0.976	6000.0
534	3.74	20.97	1.838	16.783	0.085	0.986	6000.0
535	4.464	25.461	2.308	20.962	0.125	0.978	6000.0
536	3.898	21.995	1.97	18.092	0.079	0.98	6000.0
537	4.805	27.192	2.045	19.336	0.144	0.972	6000.0
538	4.705	26.286	2.399	21.507	0.098	0.973	6000.0
539	3.437	19.18	1.626	14.718	0.095	0.988	6000.0
540	3.276	18.296	1.61	14.383	0.088	0.988	6000.0
541	4.527	25.186	2.324	20.469	0.081	0.978	6000.0
542	5.092	29.016	2.333	24.294	0.116	0.967	6000.0
543	4.628	25.76	2.278	20.968	0.106	0.973	6000.0
544	3.388	19.079	1.708	15.081	0.072	0.988	9000.0
545	4.367	23.799	2.01	18.798	0.12	0.977	6000.0
546	3.956	21.483	1.899	17.608	0.089	0.982	6000.0
547	4.997	27.946	2.248	21.744	0.138	0.972	6000.0
548	3.735	21.007	1.815	15.207	0.096	0.988	6000.0
549	4.334	24.355	2.238	19.348	0.085	0.983	6000.0
550	3.916	21.359	1.746	16.466	0.085	0.979	6000.0
551	3.174	17.981	1.924	16.376	0.092	0.98	6000.0
552	3.934	22.046	1.791	18.022	0.102	0.98	6000.0
553	2.448	13.752	1.297	11.86	0.052	0.991	6000.0
554	3.723	21.315	1.842	16.109	0.082	0.988	6000.0
555	4.195	23.944	2.298	20.688	0.084	0.978	6000.0
556	3.711	20.679	1.762	16.415	0.104	0.982	6000.0
557	3.989	22.352	2.102	18.168	0.089	0.985	6000.0
558	3.116	17.432	1.595	15.556	0.107	0.981	6000.0
559	3.093	17.075	1.681	14.331	0.063	0.989	6000.0
560	3.435	19.171	1.868	16.979	0.061	0.982	6000.0
561	4.17	23.03	2.006	17.416	0.083	0.981	6000.0
562	3.238	17.715	1.428	12.985	0.083	0.99	6000.0
563	3.711	20.541	1.821	15.209	0.091	0.989	6000.0
564	4.171	23.609	1.951	19.188	0.114	0.978	6000.0
565	3.815	21.922	2.168	19.615	0.066	0.978	6000.0
566	3.817	21.343	1.875	17.361	0.092	0.981	6000.0
567	4.989	28.274	2.516	23.297	0.137	0.973	6000.0
568	4.606	25.554	2.368	21.554	0.085	0.979	6000.0
569	3.707	20.814	1.872	15.893	0.098	0.987	6000.0
570	4.951	27.133	2.298	21.378	0.116	0.971	6000.0
571	4.16	23.028	2.104	19.683	0.083	0.981	6000.0
572	4.5	24.72	2.073	19.63	0.111	0.979	6000.0
573	4.774	26.187	2.261	20.307	0.104	0.977	6000.0
574	3.589	20.306	1.93	17.19	0.098	0.981	6000.0
575	3.009	16.594	1.464	13.879	0.063	0.988	6000.0
576	4.827	27.187	2.244	22.787	0.126	0.972	6000.0
577	4.523	25.52	2.308	21.338	0.106	0.968	6000.0
578	4.65	26.108	2.509	23.506	0.09	0.966	6000.0
579	3.148	18.106	1.496	14.249	0.068	0.985	6000.0
580	2.767	15.379	1.428	12.827	0.056	0.992	6000.0
581	2.964	16.22	1.504	13.334	0.074	0.988	6000.0
582	3.056	17.113	1.44	13.125	0.071	0.991	6000.0
583	4.753	26.407	2.399	21.398	0.114	0.973	6000.0
584	3.432	19.29	1.719	15.546	0.095	0.986	6000.0
585	3.111	17.486	1.522	13.369	0.074	0.991	6000.0
586	4.463	25.108	2.139	19.094	0.098	0.979	6000.0
587	4.525	25.354	2.214	19.727	0.114	0.975	6000.0
588	2.971	16.64	1.457	13.561	0.07	0.988	6000.0
589	3.912	21.617	2.11	18.316	0.065	0.985	6000.0
590	4.46	25.609	2.306	19.859	0.109	0.978	6000.0
591	3.835	20.894	2.112	18.855	0.094	0.974	6000.0
592	4.143	22.964	1.935	16.937	0.098	0.986	6000.0
593	4.321	24.842	2.25	19.768	0.083	0.979	6000.0
594	5.853	33.078	2.778	28.03	0.143	0.953	6000.0
595	3.055	17.286	1.416	13.191	0.066	0.989	6000.0
596	3.45	19.3	1.789	15.47	0.08	0.986	6000.0
597	3.889	21.439	1.876	17.206	0.097	0.98	6000.0
598	3.894	21.783	1.94	18.541	0.11	0.983	6000.0
599	3.218	18.168	1.607	15.074	0.062	0.986	6000.0
600	4.2	23.634	2.149	19.3	0.094	0.982	6000.0
601	3.389	19.048	1.691	15.845	0.095	0.983	6000.0
602	3.606	20.14	1.831	16.111	0.082	0.985	6000.0
603	3.468	19.444	1.677	15.205	0.077	0.989	6000.0
604	4.157	24.031	2.131	19.826	0.088	0.98	6000.0
605	2.786	15.805	1.423	13.156	0.061	0.992	6000.0
606	3.48	19.471	1.491	13.908	0.085	0.989	6000.0
607	3.399	19.132	1.655	16.101	0.068	0.984	6000.0
608	5.248	29.783	2.53	23.348	0.116	0.973	6000.0
609	2.592	14.576	1.288	11.3	0.064	0.993	6000.0
610	3.244	17.78	1.507	13.441	0.083	0.988	6000.0
611	4.064	22.279	1.833	16.859	0.084	0.984	6000.0
612	3.938	22.189	1.956	18.376	0.103	0.979	6000.0
613	4.258	23.942	2.028	18.085	0.091	0.982	6000.0
614	3.485	19.502	1.732	16.467	0.094	0.984	6000.0
615	3.122	17.246	1.55	13.822	0.077	0.989	6000.0
616	3.478	19.361	1.702	15.061	0.098	0.988	6000.0
617	3.635	20.188	1.902	16.896	0.072	0.988	6000.0
618	3.421	19.063	1.647	15.131	0.093	0.984	6000.0
619	4.117	22.788	1.936	17.217	0.113	0.984	6000.0
620	3.321	18.761	1.685	15.931	0.063	0.988	6000.0
621	4.186	22.577	1.945	18.105	0.096	0.981	6000.0
622	4.328	24.137	2.231	20.754	0.091	0.976	6000.0
623	4.512	25.177	2.393	20.514	0.088	0.976	6000.0
624	4.113	22.856	2.171	18.882	0.075	0.981	6000.0
625	4.184	23.568	1.913	17.33	0.128	0.983	6000.0
626	4.282	24.017	2.106	19.79	0.087	0.977	6000.0
627	3.988	22.344	1.793	17.035	0.114	0.985	6000.0
628	4.489	25.209	2.064	19.044	0.113	0.981	6000.0
629	3.455	19.238	1.68	14.545	0.093	0.988	6000.0
630	4.475	25.444	2.177	20.255	0.106	0.975	6000.0
631	4.065	22.887	1.909	17.192	0.105	0.984	6000.0
632	3.862	21.412	1.848	16.519	0.096	0.986	6000.0
633	3.298	17.788	1.563	13.691	0.07	0.988	6000.0
634	3.589	19.528	1.76	15.215	0.094	0.986	8000.0
635	3.994	23.098	1.858	17.544	0.095	0.981	6000.0
636	3.34	19.404	1.671	15.684	0.088	0.983	6000.0
637	4.042	23.289	1.938	17.292	0.092	0.986	6000.0
638	3.156	17.731	1.478	12.978	0.078	0.991	6000.0
639	3.604	20.326	1.598	14.914	0.104	0.987	6000.0
640	4.332	24.328	2.118	19.262	0.107	0.981	6000.0
641	3.175	18.11	1.724	15.046	0.081	0.987	6000.0
642	3.488	19.659	1.889	16.854	0.081	0.984	6000.0
643	2.99	16.662	1.468	13.011	0.083	0.99	7000.0
644	4.559	25.365	2.245	20.326	0.085	0.978	6000.0
645	3.625	20.264	1.844	16.646	0.095	0.982	6000.0
646	2.733	15.145	1.27	11.504	0.07	0.993	6000.0
647	3.208	18.159	1.622	14.64	0.085	0.988	6000.0
648	3.828	21.702	1.992	17.685	0.095	0.983	6000.0
649	4.959	27.698	2.383	21.388	0.129	0.969	6000.0
650	4.427	24.474	2.237	19.894	0.098	0.981	6000.0
651	4.183	23.327	1.926	18.07	0.122	0.981	6000.0
652	3.887	21.51	1.709	16.048	0.095	0.985	6000.0
653	3.922	21.981	1.977	19.268	0.08	0.975	6000.0
654	3.597	20.249	1.738	16.099	0.086	0.988	6000.0
655	4.205	22.862	1.963	18.155	0.103	0.985	6000.0
656	3.659	20.225	1.826	15.414	0.082	0.988	6000.0
657	4.963	28.485	2.469	21.663	0.147	0.977	6000.0
658	3.677	20.924	1.7	16.157	0.108	0.984	6000.0
659	2.676	15.074	1.45	12.754	0.056	0.992	6000.0
660	3.702	20.307	1.72	16.437	0.083	0.984	6000.0
661	2.699	15.358	1.43	13.356	0.074	0.986	6000.0
662	3.726	20.289	1.71	15.326	0.1	0.986	6000.0
663	4.538	25.637	2.259	20.371	0.114	0.974	6000.0
664	4.457	24.993	2.23	20.666	0.088	0.978	6000.0
665	4.728	26.199	2.095	19.417	0.123	0.981	6000.0
666	4.245	23.215	1.873	16.651	0.097	0.984	6000.0
667	3.565	20.135	1.658	14.644	0.083	0.99	6000.0
668	3.753	20.906	1.682	15.06	0.103	0.989	6000.0
669	3.649	20.768	1.737	15.519	0.091	0.987	6000.0
670	3.998	22.785	2.026	17.501	0.084	0.985	6000.0
671	4.717	27.455	2.168	21.762	0.118	0.968	6000.0
672	4.232	24.027	1.844	16.176	0.112	0.987	6000.0
673	2.67	14.583	1.3	11.85	0.059	0.991	6000.0
674	3.794	21.311	1.848	16.328	0.086	0.986	6000.0
675	3.642	20.122	1.956	17.61	0.104	0.976	6000.0
676	4.817	26.732	2.262	21.168	0.132	0.972	6000.0
677	3.729	20.915	1.838	16.959	0.084	0.984	11000.0
678	3.791	21.16	1.964	17.678	0.095	0.98	6000.0
679	3.758	21.341	1.736	16.74	0.096	0.982	6000.0
680	2.966	16.668	1.436	12.36	0.056	0.991	6000.0
681	6.269	34.702	3.163	28.6	0.131	0.962	6000.0
682	3.135	17.478	1.488	12.99	0.088	0.991	6000.0
683	4.24	23.342	2.086	19.279	0.09	0.982	6000.0
684	4.151	23.642	2.061	19.612	0.093	0.98	6000.0
685	3.325	18.086	1.507	14.378	0.09	0.986	6000.0
686	4.628	25.694	2.442	22.586	0.067	0.97	6000.0
687	3.361	18.994	1.624	14.959	0.079	0.99	6000.0
688	4.831	26.377	2.384	21.123	0.121	0.976	6000.0
689	3.75	21.119	1.868	17.181	0.075	0.986	6000.0
690	4.56	25.521	2.287	21.725	0.092	0.972	6000.0
691	2.916	16.159	1.332	11.211	0.077	0.994	6000.0
692	3.685	20.455	1.792	16.013	0.083	0.988	6000.0
693	3.688	21.148	1.785	16.74	0.076	0.983	6000.0
694	3.896	21.697	1.895	18.125	0.073	0.983	6000.0
695	3.911	22.993	2.152	19.35	0.079	0.981	6000.0
696	3.885	22.208	1.754	16.627	0.095	0.983	6000.0
697	3.774	21.007	1.764	15.951	0.105	0.986	6000.0
698	4.255	23.983	2.016	18.82	0.09	0.981	6000.0
699	3.536	19.999	1.732	15.943	0.092	0.983	6000.0
700	3.52	19.904	1.583	14.57	0.088	0.988	6000.0
701	3.873	21.809	1.832	16.811	0.109	0.983	6000.0
702	5.218	29.943	2.474	23.131	0.122	0.969	6000.0
703	3.808	21.472	1.846	16.694	0.094	0.978	6000.0
704	5.425	29.744	2.647	23.392	0.158	0.97	6000.0
705	2.887	16.319	1.407	13.322	0.049	0.99	6000.0
706	3.081	17.056	1.571	14.524	0.06	0.985	6000.0
707	3.597	19.785	1.916	16.956	0.062	0.985	6000.0
708	3.926	22.171	1.876	17.028	0.09	0.984	6000.0
709	3.792	20.632	1.768	16.067	0.095	0.981	6000.0
710	4.144	23.31	1.924	17.596	0.119	0.98	6000.0
711	3.237	17.614	1.628	14.494	0.074	0.986	6000.0
712	3.862	21.533	1.921	17.709	0.087	0.982	6000.0
713	5.661	32.168	2.814	26.754	0.142	0.959	6000.0
714	3.904	22.326	1.986	18.562	0.087	0.984	6000.0
715	4.118	23.69	2.176	19.505	0.087	0.98	6000.0
716	4.375	24.943	2.163	20.131	0.095	0.978	6000.0
717	3.596	20.683	1.882	17.456	0.073	0.984	6000.0
718	4.135	23.069	2.09	17.86	0.115	0.983	6000.0
719	5.022	28.152	2.777	25.069	0.102	0.967	6000.0
720	4.353	24.455	2.201	20.527	0.104	0.975	6000.0
721	3.14	16.506	1.504	13.993	0.072	0.984	6000.0
722	4.128	23.153	2.244	19.7	0.086	0.981	6000.0
723	3.338	18.669	1.636	13.983	0.084	0.988	6000.0
724	3.284	18.308	1.458	12.692	0.075	0.992	6000.0
725	4.83	27.969	2.465	23.484	0.099	0.959	6000.0
726	3.722	20.952	1.871	17.578	0.087	0.982	6000.0
727	5.347	30.064	2.556	24.143	0.14	0.968	6000.0
728	4.375	24.78	2.493	21.135	0.076	0.972	6000.0
729	4.314	23.534	2.276	19.386	0.083	0.98	6000.0
730	3.268	18.514	1.516	13.288	0.088	0.99	6000.0
731	4.499	25.815	2.044	20.832	0.111	0.975	6000.0
732	4.658	25.939	2.185	19.922	0.115	0.981	6000.0
733	3.406	19.301	1.623	15.06	0.092	0.987	6000.0
734	4.499	24.63	2.171	19.374	0.118	0.982	6000.0
735	2.938	16.515	1.497	14.24	0.069	0.987	6000.0
736	4.626	25.836	2.414	21.543	0.104	0.97	6000.0
737	2.529	13.716	1.426	12.735	0.06	0.988	6000.0
738	5.585	31.452	2.625	25.545	0.147	0.965	6000.0
739	4.896	28.129	2.77	24.685	0.09	0.966	6000.0
740	4.48	25.0	2.228	20.109	0.101	0.978	6000.0
741	4.383	24.068	2.078	19.296	0.084	0.974	6000.0
742	3.744	20.795	1.765	15.724	0.088	0.988	6000.0
743	4.835	26.899	2.271	21.296	0.119	0.976	6000.0
744	4.433	24.589	2.097	20.039	0.088	0.981	6000.0
745	3.818	21.049	1.908	16.807	0.088	0.985	6000.0
746	3.794	21.767	1.952	17.593	0.089	0.982	6000.0
747	5.17	28.94	2.721	22.929	0.141	0.973	6000.0
748	4.099	22.425	1.948	16.447	0.092	0.984	6000.0
749	4.524	25.509	2.292	20.229	0.096	0.972	6000.0
750	5.104	28.36	2.612	22.389	0.119	0.975	6000.0
751	2.707	14.537	1.434	11.516	0.054	0.994	6000.0
752	4.127	23.074	2.043	17.679	0.101	0.983	6000.0
753	3.807	21.594	1.926	17.675	0.113	0.981	6000.0
754	4.587	26.102	2.165	20.203	0.112	0.979	6000.0
755	3.408	19.739	1.877	17.002	0.059	0.98	6000.0
756	3.944	22.461	1.895	18.541	0.097	0.981	6000.0
757	4.551	25.44	2.048	19.107	0.11	0.979	6000.0
758	4.377	24.76	2.108	20.12	0.081	0.974	6000.0
759	5.09	28.935	2.454	24.973	0.117	0.959	6000.0
760	4.52	25.293	2.235	19.89	0.085	0.98	6000.0
761	3.645	20.226	1.67	16.716	0.08	0.984	6000.0
762	2.63	14.825	1.18	10.302	0.075	0.994	6000.0
763	4.993	27.782	2.461	23.237	0.107	0.973	6000.0
764	3.298	18.471	1.732	14.925	0.075	0.985	6000.0
765	3.661	20.156	1.854	16.199	0.081	0.985	6000.0
766	4.62	26.281	2.205	20.827	0.104	0.975	6000.0
767	3.732	21.343	1.932	18.248	0.094	0.978	6000.0
768	4.082	22.622	2.038	17.64	0.093	0.975	6000.0
769	3.933	22.0	1.814	17.09	0.101	0.982	6000.0
770	3.359	19.002	1.809	16.614	0.078	0.981	6000.0
771	2.936	16.414	1.566	13.904	0.053	0.989	6000.0
772	3.372	18.368	1.645	15.251	0.075	0.986	8000.0
773	3.447	19.216	1.719	15.701	0.085	0.985	6000.0
774	3.494	19.707	1.903	16.257	0.074	0.983	6000.0
775	3.032	16.97	1.62	14.681	0.091	0.987	6000.0
776	4.198	23.107	2.046	19.45	0.105	0.976	6000.0
777	4.405	24.598	2.375	21.08	0.074	0.977	6000.0
778	4.82	27.303	2.329	21.493	0.111	0.975	6000.0
779	4.099	22.617	1.929	17.651	0.106	0.984	6000.0
780	3.173	17.605	1.609	13.593	0.088	0.991	6000.0
781	4.732	26.492	2.477	21.734	0.092	0.976	6000.0
782	3.708	20.346	1.744	15.734	0.086	0.985	6000.0
783	6.173	34.484	2.962	28.08	0.158	0.947	6000.0
784	3.025	16.8	1.359	11.878	0.077	0.992	6000.0
785	3.139	17.73	1.549	13.92	0.061	0.988	6000.0
786	4.242	23.894	1.951	18.824	0.096	0.979	6000.0
787	2.709	15.105	1.282	11.887	0.067	0.992	6000.0
788	4.289	23.581	1.964	18.08	0.112	0.982	6000.0
789	4.406	24.929	2.269	20.429	0.087	0.973	6000.0
790	3.894	21.837	1.92	17.718	0.088	0.979	6000.0
791	2.963	16.234	1.395	12.549	0.066	0.99	6000.0
792	3.792	20.675	1.729	15.805	0.114	0.983	6000.0
793	3.863	21.97	1.851	17.078	0.091	0.985	6000.0
794	3.523	19.429	1.709	15.46	0.085	0.983	6000.0
795	4.515	25.256	2.026	18.653	0.121	0.981	6000.0
796	2.84	15.645	1.588	13.657	0.081	0.988	6000.0
797	4.83	27.432	2.421	22.693	0.105	0.973	6000.0
798	4.884	27.039	2.449	22.644	0.095	0.973	6000.0
799	2.687	15.492	1.428	12.487	0.063	0.989	6000.0
800	4.17	22.942	1.99	18.342	0.093	0.98	6000.0
801	3.013	16.547	1.457	12.432	0.073	0.992	6000.0
802	3.904	22.061	1.934	17.469	0.107	0.984	6000.0
803	4.724	25.87	2.223	19.365	0.111	0.983	6000.0
804	4.618	25.897	2.22	21.08	0.096	0.975	6000.0
805	3.39	19.052	1.564	14.662	0.088	0.988	6000.0
806	3.675	20.109	1.894	17.078	0.063	0.984	6000.0
807	4.071	22.573	1.951	17.36	0.103	0.985	6000.0
808	4.448	24.449	2.312	20.35	0.081	0.977	6000.0
809	3.752	21.317	1.907	17.502	0.064	0.982	6000.0
810	3.456	19.792	1.834	16.274	0.07	0.985	6000.0
811	3.451	19.192	1.756	15.818	0.073	0.986	6000.0
812	4.362	24.494	2.32	20.079	0.082	0.978	6000.0
813	3.982	22.492	2.14	19.157	0.104	0.976	6000.0
814	4.302	23.923	2.192	18.102	0.109	0.985	6000.0
815	4.456	25.224	2.08	19.046	0.108	0.982	6000.0
816	2.99	17.353	1.58	14.166	0.063	0.986	6000.0
817	4.216	23.686	2.057	19.593	0.106	0.972	6000.0
818	3.692	20.593	1.76	15.359	0.09	0.985	6000.0
819	2.784	15.646	1.256	11.686	0.057	0.991	6000.0
820	3.013	16.855	1.438	12.865	0.085	0.989	6000.0
821	3.625	20.509	1.766	15.573	0.072	0.987	6000.0
822	4.685	26.282	2.391	20.695	0.112	0.977	6000.0
823	3.642	19.901	1.773	15.333	0.117	0.987	6000.0
824	4.321	24.8	1.873	18.362	0.127	0.979	6000.0
825	4.956	28.054	2.6	23.694	0.089	0.959	6000.0
826	4.517	25.472	2.169	20.616	0.126	0.969	6000.0
827	4.398	24.412	2.285	21.805	0.092	0.969	6000.0
828	5.051	28.536	2.577	23.634	0.103	0.968	6000.0
829	3.401	18.614	1.803	14.681	0.062	0.985	6000.0
830	4.815	27.076	2.319	22.22	0.144	0.966	6000.0
831	4.149	23.391	2.234	20.362	0.086	0.98	6000.0
832	3.001	16.739	1.527	13.542	0.06	0.989	6000.0
833	2.973	16.326	1.763	15.73	0.067	0.984	6000.0
834	5.855	32.678	2.841	27.812	0.167	0.959	6000.0
835	4.433	24.901	2.148	19.164	0.096	0.981	6000.0
836	5.23	28.87	2.706	25.563	0.13	0.961	6000.0
837	3.196	18.108	1.553	14.66	0.089	0.986	6000.0
838	2.898	16.105	1.635	15.162	0.063	0.985	6000.0
839	6.053	33.812	2.926	27.893	0.121	0.958	6000.0
840	3.753	21.278	1.921	17.42	0.085	0.975	9000.0
841	4.175	23.294	2.084	19.579	0.091	0.98	6000.0
842	2.653	14.842	1.433	12.548	0.062	0.99	6000.0
843	4.535	25.291	2.202	20.394	0.1	0.97	6000.0
844	5.864	32.903	3.215	30.161	0.108	0.946	6000.0
845	3.497	19.264	1.647	14.181	0.086	0.989	6000.0
846	3.652	20.382	1.738	15.894	0.087	0.988	6000.0
847	3.828	21.721	1.918	16.816	0.086	0.988	6000.0
848	2.596	14.616	1.352	12.345	0.06	0.99	6000.0
849	4.038	22.267	1.823	17.15	0.1	0.984	6000.0
850	4.132	22.844	1.913	18.508	0.116	0.978	6000.0
851	3.85	21.612	1.951	17.869	0.093	0.983	6000.0
852	3.593	20.2	1.92	16.845	0.091	0.986	6000.0
853	3.774	21.037	1.841	15.618	0.072	0.988	6000.0
854	3.145	17.209	1.523	13.69	0.069	0.991	6000.0
855	3.468	19.233	1.712	15.078	0.073	0.987	6000.0
856	4.503	25.337	2.191	20.596	0.098	0.976	6000.0
857	2.947	16.83	1.444	12.802	0.067	0.991	6000.0
858	5.413	30.539	2.574	22.857	0.149	0.975	6000.0
859	3.371	19.015	1.691	14.668	0.08	0.987	6000.0
860	4.404	25.024	2.112	19.231	0.1	0.981	6000.0
861	3.553	20.588	1.87	17.25	0.068	0.982	6000.0
862	4.428	25.01	2.063	17.801	0.121	0.984	6000.0
863	3.162	17.542	1.518	13.532	0.069	0.988	6000.0
864	2.519	13.931	1.204	10.809	0.071	0.991	6000.0
865	4.751	26.607	2.464	21.515	0.083	0.976	6000.0
866	3.763	21.216	1.832	17.09	0.074	0.984	6000.0
867	3.907	22.081	1.833	17.251	0.092	0.985	6000.0
868	3.656	20.864	1.87	17.131	0.064	0.983	6000.0
869	3.68	20.892	1.704	15.572	0.095	0.988	6000.0
870	4.764	26.407	2.156	20.632	0.127	0.969	6000.0
871	3.605	20.144	1.649	14.163	0.092	0.99	6000.0
872	2.262	12.487	1.165	9.741	0.059	0.994	6000.0
873	3.058	17.206	1.553	13.665	0.059	0.99	6000.0
874	3.527	20.596	1.771	16.146	0.069	0.985	6000.0
875	4.191	23.593	2.008	19.235	0.095	0.977	6000.0
876	3.216	18.33	1.607	14.265	0.066	0.985	6000.0
877	5.045	28.548	2.393	23.735	0.11	0.971	6000.0
878	3.199	18.239	1.734	15.927	0.048	0.985	6000.0
879	2.967	16.526	1.561	13.934	0.078	0.992	6000.0
880	2.736	14.909	1.289	12.117	0.068	0.99	6000.0
881	4.261	23.59	1.904	17.532	0.11	0.98	6000.0
882	3.922	22.219	1.995	17.666	0.083	0.987	6000.0
883	3.592	19.742	1.801	17.581	0.079	0.979	6000.0
884	3.082	17.472	1.808	16.899	0.081	0.979	6000.0
885	2.045	11.758	1.067	10.024	0.053	0.994	6000.0
886	3.545	19.699	1.963	17.305	0.062	0.982	6000.0
887	3.364	18.507	1.612	14.55	0.095	0.986	6000.0
888	3.273	18.553	1.509	13.823	0.091	0.989	6000.0
889	4.042	22.697	1.965	17.928	0.094	0.984	6000.0
890	5.548	31.585	2.786	26.213	0.117	0.958	6000.0
891	4.932	28.093	2.354	22.179	0.129	0.972	6000.0
892	4.252	23.753	2.02	19.097	0.086	0.976	6000.0
893	5.136	28.687	2.358	22.987	0.12	0.97	6000.0
894	4.491	25.289	2.335	21.18	0.097	0.974	6000.0
895	3.25	18.356	1.547	14.582	0.068	0.988	6000.0
896	2.192	12.302	1.064	9.319	0.051	0.994	6000.0
897	3.51	19.496	1.701	15.218	0.089	0.987	6000.0
898	3.583	20.132	1.927	17.902	0.059	0.983	6000.0
899	4.76	26.89	2.3	20.724	0.101	0.976	6000.0
900	3.989	22.18	1.869	16.565	0.108	0.985	7000.0
901	3.171	17.845	1.698	14.728	0.058	0.988	6000.0
902	5.09	28.088	2.452	22.898	0.107	0.97	6000.0
903	3.82	21.692	1.868	17.646	0.111	0.979	6000.0
904	3.206	17.853	1.433	13.134	0.088	0.99	6000.0
905	3.883	21.556	1.981	17.286	0.106	0.984	6000.0
906	2.738	15.322	1.354	12.206	0.046	0.991	6000.0
907	3.415	19.314	1.841	15.519	0.075	0.986	6000.0
908	3.809	21.478	1.919	16.452	0.086	0.988	6000.0
909	4.306	24.616	2.209	20.657	0.082	0.971	6000.0
910	4.095	23.067	2.104	18.736	0.105	0.977	6000.0
911	3.888	21.297	1.876	16.24	0.086	0.986	6000.0
912	4.887	27.451	2.353	22.271	0.104	0.97	6000.0
913	3.396	19.024	1.652	15.01	0.078	0.987	6000.0
914	2.969	16.405	1.445	13.237	0.08	0.989	6000.0
915	3.001	17.277	1.507	14.053	0.069	0.986	6000.0
916	5.667	32.348	2.817	26.171	0.136	0.967	6000.0
917	5.031	28.55	2.737	24.224	0.102	0.959	6000.0
918	3.909	21.559	1.911	16.75	0.106	0.986	6000.0
919	5.249	28.886	2.31	22.507	0.125	0.972	6000.0
920	4.201	23.224	2.135	20.031	0.072	0.98	6000.0
921	3.435	19.283	1.671	14.332	0.082	0.989	6000.0
922	4.965	27.547	2.595	24.261	0.106	0.967	6000.0
923	5.976	33.114	2.98	27.424	0.145	0.955	6000.0
924	3.312	18.476	1.621	15.63	0.091	0.982	6000.0
925	4.368	25.611	2.464	21.684	0.089	0.973	6000.0
926	3.756	20.869	1.737	15.765	0.09	0.987	6000.0
927	3.6	20.34	1.921	16.906	0.069	0.987	6000.0
928	3.116	17.48	1.508	12.749	0.08	0.992	6000.0
929	4.217	22.989	2.117	17.08	0.097	0.986	6000.0
930	4.553	25.693	2.33	21.894	0.095	0.973	6000.0
931	3.728	20.124	1.858	16.603	0.072	0.981	6000.0
932	4.076	22.395	1.993	18.533	0.084	0.981	6000.0
933	2.873	16.084	1.351	11.59	0.064	0.993	6000.0
934	4.005	21.979	1.908	16.622	0.095	0.985	6000.0
935	4.594	26.16	2.406	22.131	0.1	0.968	6000.0
936	4.344	23.978	2.097	18.842	0.099	0.983	6000.0
937	5.023	27.365	2.406	22.467	0.117	0.967	6000.0
938	4.117	23.133	1.977	17.976	0.113	0.982	6000.0
939	3.445	18.939	1.748	16.185	0.062	0.986	6000.0
940	3.39	19.016	1.698	14.824	0.066	0.988	6000.0
941	4.369	24.04	2.16	18.548	0.106	0.984	6000.0
942	3.014	16.555	1.495	14.299	0.081	0.986	6000.0
943	3.651	20.15	1.629	15.217	0.105	0.985	6000.0
944	4.618	25.982	2.306	20.213	0.117	0.975	6000.0
945	3.765	21.058	1.895	17.674	0.083	0.983	6000.0
946	4.459	25.544	2.286	20.62	0.088	0.975	6000.0
947	4.423	24.844	2.089	19.363	0.126	0.981	6000.0
948	4.891	27.219	2.398	21.446	0.092	0.974	6000.0
949	3.001	16.878	1.471	13.129	0.079	0.99	6000.0
950	3.067	17.063	1.612	14.146	0.066	0.99	6000.0
951	3.26	18.309	1.536	13.83	0.075	0.99	6000.0
952	4.112	23.521	2.033	18.631	0.102	0.982	6000.0
953	4.369	24.218	1.921	17.861	0.108	0.983	6000.0
954	5.684	32.322	2.697	24.582	0.119	0.97	6000.0
955	3.211	17.68	1.732	14.731	0.056	0.991	6000.0
956	5.274	30.305	2.668	24.592	0.129	0.959	6000.0
957	4.519	25.711	2.319	19.457	0.127	0.975	6000.0
958	4.14	22.475	2.026	18.697	0.081	0.979	6000.0
959	4.836	26.143	2.332	21.428	0.093	0.971	6000.0
960	3.508	19.15	1.516	13.982	0.088	0.987	6000.0
961	4.641	25.951	2.239	20.533	0.115	0.972	7000.0
962	4.926	26.87	2.154	19.203	0.13	0.981	6000.0
963	3.653	20.536	1.848	17.908	0.074	0.978	6000.0
964	3.842	21.877	1.95	17.436	0.097	0.986	6000.0
965	4.198	23.799	1.966	17.734	0.105	0.984	6000.0
966	5.25	29.925	2.658	25.377	0.103	0.97	6000.0
967	5.463	31.033	2.829	26.856	0.121	0.961	6000.0
968	3.128	17.582	1.574	14.415	0.064	0.988	6000.0
969	4.307	23.55	1.966	18.049	0.104	0.983	6000.0
970	4.912	27.899	2.47	22.393	0.1	0.975	6000.0
971	3.752	21.378	1.852	18.166	0.09	0.976	6000.0
972	3.036	16.743	1.385	13.551	0.079	0.985	6000.0
973	4.09	22.354	1.88	17.942	0.112	0.974	6000.0
974	3.245	18.011	1.549	14.012	0.087	0.988	6000.0
975	3.966	21.66	1.957	17.477	0.082	0.983	6000.0
976	4.269	23.415	1.981	17.617	0.108	0.982	6000.0
977	3.866	21.814	1.934	17.448	0.085	0.983	6000.0
978	3.531	19.58	1.79	16.325	0.089	0.983	6000.0
979	2.187	12.34	1.203	10.417	0.057	0.992	6000.0
980	3.485	19.849	1.612	14.434	0.107	0.988	6000.0
981	4.401	24.475	2.132	19.433	0.139	0.977	6000.0
982	4.674	26.627	2.301	20.816	0.097	0.975	6000.0
983	4.329	24.056	2.069	19.394	0.108	0.978	6000.0
984	3.835	21.079	1.746	16.623	0.096	0.981	6000.0
985	4.194	23.087	2.249	20.485	0.099	0.978	6000.0
986	5.753	33.263	2.928	26.964	0.136	0.953	6000.0
987	3.423	18.885	1.57	13.558	0.098	0.989	6000.0
988	4.252	23.486	1.964	19.167	0.095	0.973	10000.0
989	4.063	22.754	2.1	19.151	0.069	0.979	6000.0
990	4.295	23.836	2.206	19.988	0.085	0.981	6000.0
991	3.142	17.803	1.673	14.909	0.059	0.986	6000.0
992	2.565	14.594	1.255	10.844	0.058	0.993	6000.0
993	3.843	21.154	1.845	16.864	0.088	0.983	6000.0
994	3.233	18.483	1.808	16.388	0.069	0.985	6000.0
995	4.783	26.57	2.099	18.993	0.14	0.981	6000.0
996	4.089	22.843	1.956	17.935	0.099	0.984	6000.0
997	3.447	18.905	1.744	15.764	0.086	0.985	6000.0
998	4.328	24.468	2.022	18.565	0.098	0.983	6000.0
999	4.172	23.434	2.072	17.949	0.101	0.984	6000.0
1000	4.091	23.583	1.933	17.214	0.108	0.985	6000.0
