MutationType	CNV48A	CNV48B	CNV48C	CNV48D	CNV48E	CNV48F	CNV48G	CNV48H	CNV48I	CNV48J
0:homdel:0-100kb	3.368671595893602e-06	3.228250644182751e-06	3.544076581107447e-06	3.4653221252272104e-06	3.4021139937561173e-06	3.510843195625668e-06	3.34530652039966e-06	3.4604261355832554e-06	3.671269474501644e-06	3.4304663990742943e-06
0:homdel:100kb-1Mb	3.376346413006104e-06	3.2231000983102832e-06	3.5469504317839908e-06	3.470103289268778e-06	3.3957440063634438e-06	3.5052927175041047e-06	3.3390894248679357e-06	3.462040357513685e-06	3.6752524645136816e-06	3.432262000731434e-06
0:homdel:>1Mb	3.360244490011155e-06	3.2281080940483876e-06	3.542527162405662e-06	3.464078872466914e-06	3.40848860112164e-06	3.50542677956156e-06	3.3462099402470358e-06	3.462681231163556e-06	3.6695797646133855e-06	3.4357862170466547e-06
1:LOH:0-100kb	0.015470658693813377	0.00042978930408251045	0.003283524587133935	0.005286181779252395	0.015172885335225981	0.023008981224547677	0.008045139725807672	0.014606869633846983	0.22432798999842604	0.008899762424000977
1:LOH:100kb-1Mb	3.365835349967483e-06	3.223837086585135e-06	3.5448580549619637e-06	3.4704212063267903e-06	3.3985489121599598e-06	3.5081475154630225e-06	3.3406533052229293e-06	3.467589398513285e-06	3.6729516403053894e-06	3.432670430148832e-06
1:LOH:1Mb-10Mb	0.03601482725565933	0.004435441461552475	0.04721902682645663	0.02946594768159158	0.3669195871116135	0.023795447112567338	0.011739775270025711	0.0461353945600393	0.013089180726054493	0.03509787149759719
1:LOH:10Mb-40Mb	0.039288131500123585	0.06464451141828609	0.5103331277891994	0.06933968101302002	0.06612826893453318	0.06248730491721206	0.02922527098224844	0.060001756738346075	0.07324408915043691	0.2778207021535209
1:LOH:>40Mb	0.05815216372915659	0.5316456126570701	0.06387533996065389	0.049013451330947144	0.04348892395592533	0.08531330978284922	0.15574292779113597	0.10081326396762577	0.05934003338611322	0.09585690006317252
2:LOH:0-100kb	3.369089534686509e-06	3.2262226708681397e-06	3.543659583655767e-06	3.468960257178466e-06	3.39934797096042e-06	3.506327345451865e-06	3.3355427130752346e-06	3.462296900977102e-06	3.677209084938692e-06	3.436171357285467e-06
2:LOH:100kb-1Mb	3.3599915799129576e-06	3.225441006064145e-06	3.546279023023402e-06	3.466818916308512e-06	3.39717586093613e-06	3.5084824931406188e-06	3.3470100611872056e-06	3.4613104493876475e-06	3.6698781779844447e-06	3.43895893426982e-06
2:LOH:1Mb-10Mb	3.369033056173976e-06	3.2217492946049474e-06	3.5483440103902808e-06	3.465679340736827e-06	3.4030843187888847e-06	3.50629218729992e-06	3.3426845808275374e-06	3.4650494047168723e-06	3.6669615274663794e-06	3.4324218119419214e-06
2:LOH:10Mb-40Mb	3.3700498114228595e-06	3.226700732712473e-06	3.54264533280535e-06	3.4695140237852585e-06	3.404818338198723e-06	3.5054878567866155e-06	3.3413615675552677e-06	3.4608999233845805e-06	3.6708301462186048e-06	3.4340881593198924e-06
2:LOH:>40Mb	3.3689459093011465e-06	3.2240739429134635e-06	3.5462340746761358e-06	3.4601655356087947e-06	3.4042967792977664e-06	3.5040549107332453e-06	3.3410696284725817e-06	3.4684255815195866e-06	3.6747772147038735e-06	3.437313063854752e-06
3-4:LOH:0-100kb	3.3638682209300443e-06	3.2274251616222214e-06	3.5428679712579126e-06	3.4680039465637692e-06	3.402452223553176e-06	3.5045884448230423e-06	3.3437564863874057e-06	3.465703893354426e-06	3.6793256423922823e-06	3.432243237478927e-06
3-4:LOH:100kb-1Mb	3.3683035953515627e-06	3.229335053426041e-06	3.54316069375038e-06	3.4664116605647168e-06	3.402044049078512e-06	3.5046708864445717e-06	3.341718170854602e-06	3.4633516615240818e-06	3.6747177185567012e-06	3.4332759610347095e-06
3-4:LOH:1Mb-10Mb	3.372289030522779e-06	3.22727765223263e-06	3.549189875151626e-06	3.465058659577025e-06	3.400213039034483e-06	3.5102592845497326e-06	3.343408089218514e-06	3.461920089453008e-06	3.6668427141249017e-06	3.4294747706393736e-06
3-4:LOH:10Mb-40Mb	3.368633835009405e-06	3.2226258214596016e-06	3.5471434781513265e-06	3.4673366204582835e-06	3.398954511649066e-06	3.5047452326324446e-06	3.342405042007002e-06	3.4643333802196682e-06	3.6749745023211005e-06	3.43453523779802e-06
3-4:LOH:>40Mb	3.361883879904326e-06	3.231614778925973e-06	3.5427501030920184e-06	3.4708649771069133e-06	3.4019529215232326e-06	3.5116789360269962e-06	3.339632494236078e-06	3.457250856942852e-06	3.671896089995186e-06	3.433102294559731e-06
5-8:LOH:0-100kb	3.3685127016838125e-06	3.225674862264327e-06	3.5488079991772282e-06	3.4628832392122887e-06	3.4022310042578496e-06	3.507868311842799e-06	3.3410093966232956e-06	3.4616790792598717e-06	3.6721237308056654e-06	3.4312258620028404e-06
5-8:LOH:100kb-1Mb	3.3682436464061992e-06	3.2260584094441215e-06	3.5426281611457e-06	3.4598240271055402e-06	3.4031772591127664e-06	3.5044646254114297e-06	3.3445818688342398e-06	3.4617584724523573e-06	3.683253406690023e-06	3.43646809818976e-06
5-8:LOH:1Mb-10Mb	3.3725390766505825e-06	3.2218862388919688e-06	3.5477204447751376e-06	3.4611060392233382e-06	3.4016087749204614e-06	3.5089876282707878e-06	3.343439668448411e-06	3.4669000896774447e-06	3.675031280998185e-06	3.4316201159985126e-06
5-8:LOH:10Mb-40Mb	3.3658474089861556e-06	3.227202581314259e-06	3.543779495526422e-06	3.4731634876905557e-06	3.399296181941125e-06	3.5065537494425314e-06	3.3336230466396442e-06	3.46344737182315e-06	3.675457700815364e-06	3.435970540948574e-06
5-8:LOH:>40Mb	3.376774155469775e-06	3.22343039152706e-06	3.5471055646265627e-06	3.4623295500049167e-06	3.4022158658837396e-06	3.507576689845138e-06	3.3459032439653313e-06	3.4677693845230966e-06	3.6699325198576405e-06	3.431344825169713e-06
9+:LOH:0-100kb	3.373241241718006e-06	3.2248563147518895e-06	3.5471896745420394e-06	3.4632713571758344e-06	3.398318674963541e-06	3.5090244629358835e-06	3.339121442777149e-06	3.4645021038294982e-06	3.670413479322093e-06	3.4356743761601026e-06
9+:LOH:100kb-1Mb	3.369790533923833e-06	3.2214619852481972e-06	3.544522046553311e-06	3.464009062518869e-06	3.3988253133978575e-06	3.504308902165576e-06	3.341288243535523e-06	3.4693561834371543e-06	3.6797911593511033e-06	3.4357220046832284e-06
9+:LOH:1Mb-10Mb	3.3666970462320476e-06	3.2271608991596423e-06	3.543729652292882e-06	3.4697735115400974e-06	3.4037129721617987e-06	3.5085465498578827e-06	3.3381351340766586e-06	3.465707027343657e-06	3.671363995563004e-06	3.4331496088988444e-06
9+:LOH:10Mb-40Mb	3.371688335505496e-06	3.221771699069009e-06	3.547896139323825e-06	3.4681221677619336e-06	3.396009743369621e-06	3.5025180281174073e-06	3.3398209506652065e-06	3.4741845101431897e-06	3.673404673080999e-06	3.4354831668981235e-06
9+:LOH:>40Mb	3.370276615186185e-06	3.2239722421927295e-06	3.5490181714195047e-06	3.4634009952334567e-06	3.3977973789038883e-06	3.508651106486127e-06	3.341165185560158e-06	3.464531756532132e-06	3.672493271360891e-06	3.435713865322043e-06
2:het:0-100kb	0.0003263371285724511	0.0018856909554229675	0.014445074554238543	3.6549390752624124e-05	0.00652600953488997	0.0014062574537267102	0.0011970635424042178	0.00580006004200879	0.0012114713795702628	0.01241600242586014
2:het:100kb-1Mb	3.365625347683476e-06	3.2295886357029958e-06	3.541353466625097e-06	3.465758246438355e-06	3.403353209622484e-06	3.5086807251687445e-06	3.3417277620757525e-06	3.461715490010682e-06	3.6736487474473416e-06	3.4340338068563627e-06
2:het:1Mb-10Mb	0.012886851110064669	0.029541382571634356	0.026707543901514072	0.052181657301522875	0.004603288911533469	0.012396653129256783	0.25348283251090314	0.023743966809939614	0.03499231011472416	0.01981507838362085
2:het:10Mb-40Mb	0.025533040912062502	0.05447842710147759	0.06607504640772516	0.05292941716488997	0.03848096224542978	0.44635282880723093	0.08368586167123536	0.06983468132824285	0.13092682900784997	0.05955084748135188
2:het:>40Mb	0.04595251290373638	0.06603742961200683	0.0714271752020133	0.07047456889787196	0.13869861298836636	0.08368010166246038	0.0734522208339913	0.36845396445523776	0.08794861420479504	0.052407470419386745
3-4:het:0-100kb	0.03487086953078369	0.021282744346305962	0.026990929639063653	0.06622021966666011	0.012912273435403236	0.022488776671002287	0.025017556473883006	0.015350937745824467	0.018819837912520378	0.05405186440696856
3-4:het:100kb-1Mb	3.3657029717915067e-06	3.2292289133746267e-06	3.5433434704614796e-06	3.461865365261829e-06	3.400973904902571e-06	3.505747938119086e-06	3.336752597379977e-06	3.4671212089757918e-06	3.6830681659189083e-06	3.4354523393176352e-06
3-4:het:1Mb-10Mb	0.025856953091828904	0.026066722412881126	0.04536116389259034	0.028194210144865606	0.016568500563987208	0.12473124224405714	0.029958831493364747	0.0442669341316877	0.04732321481257727	0.055425622585108254
3-4:het:10Mb-40Mb	0.09304066912891053	0.07441231054784885	0.06918450152540356	0.4634272737243503	0.07676378065966104	0.05217427036823139	0.16470344597944453	0.10282082261636488	0.11781518603795067	0.06947447441421063
3-4:het:>40Mb	0.6124857170283794	0.12502382975241824	0.05496992080525324	0.1133060747832542	0.21361446638875792	0.06203856819169774	0.16362875895779774	0.1480466481585402	0.190828999246526	0.2590598048343345
5-8:het:0-100kb	3.3707227920842796e-06	3.222983618764275e-06	3.548563697695073e-06	3.4695179154011767e-06	3.4005126053502365e-06	3.5100638423912754e-06	3.3377081837580034e-06	3.4714752712304217e-06	3.6701469896858048e-06	3.429746320767535e-06
5-8:het:100kb-1Mb	3.363930090301892e-06	3.2255912276255573e-06	3.542493043742212e-06	3.4650479496685094e-06	3.3971766465006325e-06	3.5082333487626015e-06	3.3429062543275377e-06	3.461021388272201e-06	3.68064780206942e-06	3.4368574617973378e-06
5-8:het:1Mb-10Mb	3.366222823416365e-06	3.2251469255850653e-06	3.5459011907903458e-06	3.4641742244136963e-06	3.40664225761067e-06	3.5097267612282936e-06	3.343915602401104e-06	3.465773028812923e-06	3.6717880011464877e-06	3.4316367463940177e-06
5-8:het:10Mb-40Mb	3.3748931797674686e-06	3.2222506564441034e-06	3.546591085612505e-06	3.45986520099828e-06	3.4041739681738293e-06	3.5079597590748078e-06	3.349314382867341e-06	3.467503072211747e-06	3.6716565453490044e-06	3.429056562279875e-06
5-8:het:>40Mb	3.3680742474189174e-06	3.2266019560811543e-06	3.5451835619397796e-06	3.467034373818123e-06	3.4001907710941026e-06	3.506239708125136e-06	3.3421127837669486e-06	3.4606396626166853e-06	3.672841345634628e-06	3.4354588158302945e-06
9+:het:0-100kb	3.365833156337317e-06	3.226122838416501e-06	3.5472910682230463e-06	3.4664452733359495e-06	3.4057515592467168e-06	3.507903197103701e-06	3.3425318677632875e-06	3.4630119979105896e-06	3.6697083427666074e-06	3.4324127811302674e-06
9+:het:100kb-1Mb	3.3740498387260232e-06	3.228809069208083e-06	3.5454531339347283e-06	3.46450230754769e-06	3.406222810972359e-06	3.5078665230070525e-06	3.344985019656299e-06	3.4583914299093355e-06	3.6731919049718675e-06	3.4285162919687196e-06
9+:het:1Mb-10Mb	3.3690216387753936e-06	3.2210301513782014e-06	3.545638342643542e-06	3.4613141851025375e-06	3.4016161496204235e-06	3.5027412827819406e-06	3.343544981843749e-06	3.464511547508195e-06	3.6833680605818235e-06	3.435654230770524e-06
9+:het:10Mb-40Mb	3.3687199749579124e-06	3.2247187822438404e-06	3.5474640113974943e-06	3.4684563949252123e-06	3.4032718451637577e-06	3.5068006775826886e-06	3.3419420686202626e-06	3.4683219149405157e-06	3.6693516165409794e-06	3.4316298019723137e-06
9+:het:>40Mb	3.369984870744247e-06	3.22742449040625e-06	3.542857224189788e-06	3.4588767647818487e-06	3.399387567650791e-06	3.506045626437526e-06	3.346883270908485e-06	3.462018423380401e-06	3.675984469940427e-06	3.4359397906751354e-06
