NMF_Replicate	L1	L1 %	L2	L2 %	KL Divergence	Correlation	Convergence Iterations
1	4.573	15.739	1.975	16.286	0.036	0.98	6000.0
2	3.556	12.155	1.52	11.594	0.024	0.99	6000.0
3	3.681	12.533	1.583	13.059	0.022	0.989	6000.0
4	4.929	16.786	2.189	17.274	0.037	0.981	6000.0
5	3.815	13.123	1.642	13.853	0.024	0.986	6000.0
6	6.744	23.037	3.02	23.439	0.054	0.967	6000.0
7	4.031	13.776	1.788	14.131	0.032	0.988	6000.0
8	3.935	13.395	1.714	12.922	0.025	0.988	6000.0
9	4.623	15.75	2.037	16.043	0.03	0.983	8000.0
10	4.367	15.078	1.829	13.754	0.047	0.986	6000.0
11	4.536	15.426	2.033	16.208	0.026	0.982	6000.0
12	4.478	15.374	1.857	15.022	0.03	0.987	6000.0
13	3.286	11.236	1.458	11.418	0.021	0.991	6000.0
14	3.741	12.833	1.696	13.842	0.024	0.988	6000.0
15	4.544	15.572	1.99	15.694	0.028	0.984	6000.0
16	4.699	15.963	1.951	15.392	0.028	0.984	6000.0
17	4.143	14.102	1.666	13.279	0.026	0.989	6000.0
18	4.172	14.225	1.726	13.97	0.024	0.988	6000.0
19	5.056	17.332	2.058	16.621	0.048	0.979	7000.0
20	3.158	10.752	1.344	10.546	0.026	0.992	6000.0
21	4.117	14.103	1.591	13.077	0.037	0.989	6000.0
22	5.221	17.897	2.341	18.926	0.039	0.978	6000.0
23	4.4	15.131	1.764	14.244	0.039	0.986	6000.0
24	5.358	18.34	2.285	18.601	0.048	0.976	6000.0
25	4.529	15.589	1.95	16.439	0.031	0.98	6000.0
26	4.434	15.216	1.997	15.917	0.03	0.984	6000.0
27	5.154	17.576	2.276	17.869	0.032	0.981	6000.0
28	5.789	19.837	2.567	20.589	0.034	0.973	6000.0
29	3.946	13.486	1.692	13.241	0.023	0.989	6000.0
30	4.967	17.167	2.175	17.598	0.044	0.978	8000.0
31	3.73	12.78	1.552	12.597	0.023	0.99	6000.0
32	6.071	20.75	2.663	21.575	0.04	0.973	7000.0
33	4.828	16.52	2.09	16.212	0.036	0.984	6000.0
34	3.929	13.47	1.731	14.404	0.025	0.987	12000.0
35	4.615	15.788	1.976	16.12	0.036	0.981	6000.0
36	4.089	14.056	1.872	15.064	0.033	0.984	6000.0
37	4.108	14.104	1.892	15.577	0.046	0.976	6000.0
38	4.483	15.332	1.958	15.275	0.024	0.985	8000.0
39	3.345	11.501	1.456	12.405	0.025	0.99	6000.0
40	2.134	7.275	0.921	6.976	0.009	0.997	6000.0
41	4.641	15.968	2.066	16.706	0.034	0.98	6000.0
42	4.276	14.584	1.88	14.587	0.036	0.986	6000.0
43	4.577	15.812	1.892	15.079	0.047	0.984	7000.0
44	4.277	14.675	1.761	13.433	0.039	0.99	6000.0
45	3.638	12.554	1.599	12.484	0.025	0.991	6000.0
46	3.708	12.764	1.569	12.437	0.025	0.99	6000.0
47	5.424	18.636	2.355	19.407	0.046	0.977	6000.0
48	4.393	15.143	1.821	14.88	0.03	0.982	6000.0
49	3.612	12.325	1.538	11.724	0.024	0.991	6000.0
50	3.82	13.122	1.563	12.804	0.036	0.989	6000.0
51	4.134	14.19	1.676	13.953	0.028	0.987	6000.0
52	4.844	16.666	2.047	17.211	0.039	0.975	6000.0
53	4.17	14.272	1.78	14.433	0.033	0.985	6000.0
54	3.225	11.089	1.48	12.466	0.022	0.988	6000.0
55	3.363	11.544	1.505	12.32	0.022	0.992	6000.0
56	4.628	15.927	2.036	16.322	0.036	0.982	6000.0
57	4.416	15.163	2.078	15.369	0.034	0.984	6000.0
58	4.283	14.639	1.998	16.276	0.027	0.978	6000.0
59	4.883	16.605	2.093	16.291	0.04	0.98	6000.0
60	4.12	14.085	1.896	14.734	0.029	0.985	6000.0
61	4.42	15.172	1.945	15.17	0.038	0.985	7000.0
62	4.006	13.834	1.887	15.895	0.025	0.981	6000.0
63	5.129	17.459	2.16	17.318	0.036	0.981	6000.0
64	3.967	13.554	1.628	13.478	0.029	0.988	6000.0
65	6.203	21.282	2.699	21.409	0.053	0.97	6000.0
66	4.809	16.418	2.129	17.012	0.034	0.98	6000.0
67	4.192	14.423	1.751	14.619	0.038	0.984	6000.0
68	4.912	16.82	2.245	18.565	0.026	0.975	7000.0
69	3.478	11.894	1.601	12.733	0.021	0.99	6000.0
70	4.744	15.996	2.211	16.535	0.037	0.972	6000.0
71	2.828	9.696	1.168	9.574	0.015	0.993	6000.0
72	4.136	14.192	1.625	13.744	0.028	0.986	6000.0
73	4.208	14.552	1.817	14.505	0.041	0.982	6000.0
74	4.971	17.074	2.221	18.007	0.03	0.98	6000.0
75	4.311	14.792	1.861	14.944	0.041	0.984	6000.0
76	4.096	14.03	1.742	13.95	0.041	0.989	8000.0
77	4.216	14.387	1.797	14.023	0.025	0.988	6000.0
78	4.639	15.871	2.094	16.649	0.03	0.983	6000.0
79	3.387	11.635	1.38	11.682	0.029	0.99	6000.0
80	4.757	16.259	2.181	16.84	0.043	0.981	6000.0
81	5.389	18.328	2.273	18.132	0.036	0.978	6000.0
82	4.745	16.149	1.922	15.253	0.038	0.986	9000.0
83	3.076	10.523	1.384	11.399	0.021	0.991	6000.0
84	4.527	15.519	1.988	15.704	0.046	0.983	6000.0
85	3.483	11.882	1.532	12.116	0.017	0.991	6000.0
86	4.329	14.845	1.83	14.441	0.041	0.985	6000.0
87	3.947	13.531	1.6	13.332	0.029	0.988	6000.0
88	3.714	12.788	1.622	13.913	0.022	0.986	6000.0
89	4.584	15.762	1.951	16.047	0.032	0.985	6000.0
90	4.18	14.286	1.918	15.749	0.028	0.984	6000.0
91	4.758	16.179	2.105	16.323	0.046	0.979	6000.0
92	2.993	10.247	1.286	10.468	0.02	0.992	6000.0
93	4.026	13.806	1.735	14.414	0.029	0.987	6000.0
94	4.296	14.697	1.959	16.247	0.039	0.975	6000.0
95	4.617	15.787	2.108	16.098	0.034	0.982	6000.0
96	5.146	17.674	2.11	17.631	0.04	0.976	6000.0
97	3.952	13.511	1.593	13.003	0.027	0.988	7000.0
98	5.277	18.105	2.11	17.94	0.038	0.98	6000.0
99	4.528	15.559	1.905	15.563	0.031	0.986	6000.0
100	3.933	13.559	1.649	13.834	0.019	0.987	6000.0
101	4.571	15.697	1.834	15.555	0.026	0.984	6000.0
102	3.986	13.657	1.657	13.974	0.028	0.987	8000.0
103	5.626	19.25	2.395	18.748	0.044	0.98	6000.0
104	4.114	14.086	1.819	15.52	0.033	0.98	6000.0
105	4.333	14.81	1.705	14.459	0.025	0.987	6000.0
106	3.715	12.694	1.637	13.278	0.026	0.989	6000.0
107	6.284	21.461	2.826	23.001	0.053	0.969	6000.0
108	4.658	15.941	2.147	16.743	0.036	0.978	6000.0
109	5.097	17.577	2.211	17.821	0.042	0.979	6000.0
110	6.104	20.939	2.567	20.559	0.055	0.973	6000.0
111	3.937	13.405	1.664	14.026	0.034	0.983	6000.0
112	4.769	16.304	2.155	17.278	0.033	0.974	6000.0
113	4.53	15.502	1.952	15.685	0.038	0.984	6000.0
114	4.61	15.817	1.905	15.586	0.028	0.984	6000.0
115	6.432	21.766	3.04	22.025	0.048	0.964	6000.0
116	4.431	15.202	1.81	14.883	0.037	0.986	6000.0
117	4.173	14.28	1.876	14.369	0.04	0.988	6000.0
118	3.298	11.317	1.354	11.51	0.019	0.99	6000.0
119	5.448	18.623	2.35	18.53	0.048	0.978	7000.0
120	5.383	18.346	2.309	18.436	0.037	0.98	6000.0
121	3.5	12.066	1.521	12.788	0.032	0.989	6000.0
122	4.028	13.741	1.723	13.474	0.026	0.989	6000.0
123	3.926	13.433	1.744	14.625	0.022	0.986	10000.0
124	3.888	13.446	1.798	14.509	0.029	0.985	6000.0
125	4.112	14.191	1.765	14.875	0.037	0.982	6000.0
126	5.035	17.299	2.138	16.941	0.034	0.982	7000.0
127	3.577	12.213	1.64	12.821	0.022	0.99	6000.0
128	4.563	15.533	1.945	14.389	0.039	0.987	6000.0
129	3.584	12.28	1.476	11.692	0.027	0.992	6000.0
130	3.944	13.525	1.888	14.788	0.035	0.985	6000.0
131	4.38	14.959	1.888	14.667	0.029	0.986	6000.0
132	4.353	14.914	1.97	15.762	0.036	0.982	9000.0
133	5.174	17.715	2.319	18.612	0.033	0.98	6000.0
134	3.388	11.647	1.353	10.879	0.039	0.991	6000.0
135	3.896	13.359	1.629	13.845	0.026	0.986	6000.0
136	4.757	16.269	1.949	15.785	0.033	0.983	6000.0
137	3.916	13.42	1.654	13.283	0.029	0.987	7000.0
138	4.143	14.208	1.843	15.425	0.024	0.984	6000.0
139	4.08	14.038	1.711	14.079	0.026	0.986	6000.0
140	3.534	12.178	1.535	11.732	0.023	0.991	6000.0
141	3.488	11.972	1.503	11.604	0.026	0.991	6000.0
142	5.007	17.218	2.243	17.856	0.032	0.978	6000.0
143	3.402	11.672	1.407	11.355	0.029	0.991	6000.0
144	2.925	10.079	1.262	10.168	0.019	0.994	6000.0
145	4.497	15.452	1.784	14.682	0.037	0.987	6000.0
146	4.421	14.981	1.923	15.628	0.029	0.978	6000.0
147	4.787	16.49	2.213	17.233	0.04	0.979	6000.0
148	4.638	15.734	1.982	15.253	0.04	0.984	6000.0
149	4.236	14.41	1.865	14.908	0.033	0.985	6000.0
150	7.029	24.046	3.076	23.515	0.055	0.967	6000.0
151	4.572	15.647	1.898	15.801	0.028	0.984	6000.0
152	4.834	16.671	2.101	17.246	0.033	0.981	7000.0
153	4.254	14.65	1.836	15.82	0.031	0.983	6000.0
154	2.996	10.267	1.254	10.246	0.02	0.991	10000.0
155	2.845	9.833	1.213	9.916	0.02	0.992	6000.0
156	3.542	12.217	1.549	12.044	0.027	0.991	6000.0
157	3.863	13.263	1.66	13.183	0.023	0.989	6000.0
158	4.25	14.533	1.817	14.749	0.027	0.986	6000.0
159	4.727	16.207	2.114	16.892	0.031	0.979	6000.0
160	3.746	12.801	1.407	11.7	0.027	0.99	6000.0
161	4.135	14.201	1.801	14.505	0.034	0.987	6000.0
162	3.795	13.001	1.671	12.86	0.029	0.99	6000.0
163	5.657	19.376	2.485	19.759	0.045	0.977	7000.0
164	4.414	15.187	1.956	15.396	0.028	0.985	6000.0
165	4.742	16.301	1.938	15.679	0.038	0.984	6000.0
166	4.165	14.311	1.694	14.229	0.022	0.987	6000.0
167	3.253	11.112	1.371	10.464	0.026	0.993	6000.0
168	3.536	12.084	1.447	11.794	0.019	0.991	6000.0
169	4.437	15.185	1.965	15.505	0.041	0.986	6000.0
170	3.654	12.532	1.56	12.83	0.021	0.989	6000.0
171	4.135	14.156	1.936	15.4	0.037	0.983	6000.0
172	4.808	16.533	2.136	17.257	0.036	0.981	6000.0
173	2.913	9.943	1.246	9.996	0.016	0.994	6000.0
174	4.343	14.776	1.766	14.524	0.033	0.982	6000.0
175	4.007	13.687	1.805	15.234	0.02	0.983	6000.0
176	5.306	18.156	2.197	18.391	0.041	0.974	6000.0
177	3.477	11.932	1.541	12.57	0.028	0.989	6000.0
178	5.327	18.326	2.358	18.824	0.038	0.978	6000.0
179	5.205	17.77	2.3	18.457	0.039	0.977	6000.0
180	3.86	13.352	1.668	13.822	0.034	0.985	6000.0
181	5.726	19.549	2.592	20.406	0.045	0.974	6000.0
182	4.204	14.322	1.884	15.316	0.024	0.984	6000.0
183	4.627	15.847	2.037	16.122	0.032	0.982	6000.0
184	4.22	14.553	1.803	14.868	0.039	0.98	6000.0
185	4.576	15.726	2.01	16.408	0.033	0.98	7000.0
186	4.082	13.947	1.758	13.424	0.027	0.989	6000.0
187	3.392	11.68	1.521	11.348	0.028	0.992	6000.0
188	3.654	12.523	1.5	12.678	0.02	0.989	6000.0
189	4.681	16.059	2.194	18.097	0.038	0.977	9000.0
190	4.23	14.502	1.818	14.766	0.035	0.986	6000.0
191	4.309	14.755	1.838	14.136	0.027	0.988	6000.0
192	4.049	13.868	1.79	14.245	0.035	0.987	6000.0
193	5.175	17.805	2.17	17.959	0.038	0.978	6000.0
194	4.453	15.266	2.008	15.802	0.03	0.985	6000.0
195	6.745	23.05	2.959	23.26	0.049	0.968	6000.0
196	3.903	13.307	1.725	14.284	0.025	0.984	6000.0
197	4.884	16.654	2.207	17.25	0.044	0.978	6000.0
198	2.831	9.634	1.371	10.511	0.01	0.993	6000.0
199	3.319	11.268	1.358	10.742	0.029	0.99	6000.0
200	4.95	16.9	2.201	17.423	0.029	0.981	6000.0
201	4.755	16.22	2.197	17.239	0.039	0.976	6000.0
202	3.611	12.43	1.616	12.791	0.024	0.989	6000.0
203	4.836	16.488	2.14	16.538	0.028	0.982	6000.0
204	3.826	13.139	1.68	13.705	0.028	0.989	6000.0
205	4.188	14.372	1.725	13.96	0.026	0.987	9000.0
206	3.91	13.496	1.614	12.43	0.03	0.99	6000.0
207	3.976	13.612	1.789	14.152	0.028	0.987	6000.0
208	3.198	10.945	1.33	11.128	0.019	0.991	6000.0
209	3.186	10.912	1.478	11.718	0.014	0.991	6000.0
210	3.161	10.803	1.402	12.061	0.016	0.99	6000.0
211	4.281	14.685	1.922	15.637	0.028	0.984	6000.0
212	5.649	19.362	2.556	18.947	0.062	0.974	6000.0
213	4.435	15.11	1.812	13.975	0.032	0.988	6000.0
214	4.773	16.427	2.067	16.866	0.036	0.982	6000.0
215	4.28	14.678	1.885	14.952	0.029	0.984	6000.0
216	3.612	12.392	1.498	12.012	0.024	0.99	6000.0
217	4.036	13.711	1.726	13.508	0.034	0.987	15000.0
218	4.876	16.718	2.211	18.125	0.032	0.979	6000.0
219	4.286	14.737	1.902	14.997	0.04	0.987	6000.0
220	4.637	15.921	2.031	16.36	0.029	0.983	6000.0
221	4.258	14.542	1.789	13.651	0.036	0.989	6000.0
222	3.889	13.31	1.681	12.791	0.021	0.989	6000.0
223	5.703	19.434	2.635	20.438	0.042	0.971	6000.0
224	3.789	12.885	1.627	12.842	0.026	0.989	6000.0
225	4.63	15.912	1.952	15.633	0.034	0.986	6000.0
226	3.789	13.065	1.489	11.622	0.029	0.989	6000.0
227	3.95	13.575	1.737	14.388	0.031	0.986	6000.0
228	4.297	14.683	1.999	15.655	0.028	0.983	6000.0
229	3.395	11.583	1.436	11.743	0.024	0.991	6000.0
230	4.535	15.6	1.967	15.566	0.038	0.985	9000.0
231	4.051	13.853	1.721	13.267	0.037	0.988	6000.0
232	4.274	14.663	1.806	14.942	0.036	0.983	6000.0
233	3.621	12.425	1.513	11.781	0.028	0.991	6000.0
234	5.665	19.403	2.53	19.292	0.043	0.98	6000.0
235	4.338	14.772	1.879	14.574	0.033	0.986	6000.0
236	4.107	14.048	1.695	13.475	0.028	0.989	6000.0
237	5.837	19.954	2.503	19.622	0.045	0.975	8000.0
238	4.17	14.392	1.789	14.87	0.033	0.983	6000.0
239	3.009	10.318	1.225	9.945	0.026	0.994	6000.0
240	4.622	15.787	2.007	14.757	0.05	0.985	6000.0
241	4.885	16.805	2.086	17.068	0.03	0.981	6000.0
242	4.694	16.177	1.973	16.198	0.036	0.984	8000.0
243	4.608	15.776	1.894	15.802	0.04	0.983	6000.0
244	6.781	23.285	3.028	22.952	0.066	0.968	6000.0
245	4.594	15.684	2.019	16.117	0.034	0.981	6000.0
246	4.721	16.215	2.119	16.942	0.031	0.98	6000.0
247	4.266	14.594	1.785	14.991	0.028	0.983	6000.0
248	4.086	14.045	1.846	14.635	0.033	0.985	6000.0
249	4.18	14.292	1.74	14.155	0.032	0.988	6000.0
250	4.089	13.979	1.865	14.556	0.03	0.985	7000.0
251	4.712	16.116	2.034	16.099	0.031	0.983	6000.0
252	4.644	15.871	1.999	16.274	0.031	0.983	6000.0
253	5.098	17.318	2.249	16.464	0.043	0.979	6000.0
254	4.902	16.766	2.105	16.592	0.032	0.983	6000.0
255	4.694	16.153	1.973	16.074	0.034	0.983	6000.0
256	6.328	21.633	2.704	20.845	0.046	0.974	6000.0
257	4.732	16.232	2.151	16.785	0.039	0.983	6000.0
258	4.195	14.366	1.905	15.121	0.031	0.985	6000.0
259	4.6	15.715	1.88	15.715	0.036	0.984	6000.0
260	4.066	13.993	1.961	16.217	0.035	0.984	6000.0
261	5.294	18.28	2.263	18.535	0.046	0.975	6000.0
262	5.222	18.015	2.208	16.879	0.038	0.981	6000.0
263	4.934	17.024	2.151	17.78	0.043	0.976	6000.0
264	5.862	20.038	2.619	20.301	0.041	0.977	6000.0
265	4.397	15.071	1.903	15.184	0.04	0.983	6000.0
266	4.359	14.917	1.828	14.82	0.033	0.985	6000.0
267	4.696	16.07	2.02	16.635	0.037	0.983	6000.0
268	3.874	13.222	1.692	13.353	0.029	0.989	6000.0
269	4.389	15.038	2.06	16.178	0.032	0.983	6000.0
270	4.349	14.867	1.758	13.995	0.027	0.988	6000.0
271	5.577	19.146	2.425	19.498	0.041	0.978	6000.0
272	2.987	10.23	1.335	11.473	0.018	0.991	6000.0
273	4.421	15.121	1.926	14.825	0.037	0.986	6000.0
274	4.738	16.213	2.036	16.381	0.037	0.983	7000.0
275	4.284	14.707	1.742	14.693	0.023	0.985	6000.0
276	4.309	14.756	1.878	15.042	0.037	0.987	6000.0
277	4.028	13.687	1.728	13.913	0.026	0.987	6000.0
278	4.673	16.007	2.004	16.522	0.039	0.983	6000.0
279	3.78	12.862	1.618	13.1	0.023	0.989	6000.0
280	3.595	12.384	1.609	13.442	0.038	0.987	6000.0
281	5.145	17.623	2.339	19.164	0.041	0.973	6000.0
282	3.806	13.077	1.824	14.723	0.021	0.986	6000.0
283	4.302	14.633	1.796	14.376	0.024	0.987	6000.0
284	5.44	18.521	2.576	19.746	0.038	0.972	6000.0
285	5.478	18.871	2.56	20.07	0.045	0.974	6000.0
286	4.445	15.206	1.857	15.322	0.037	0.986	6000.0
287	5.069	17.415	2.104	16.336	0.043	0.983	6000.0
288	4.583	15.573	1.899	14.865	0.029	0.986	6000.0
289	4.052	13.837	1.929	15.182	0.026	0.984	6000.0
290	4.179	14.302	1.879	15.287	0.029	0.982	6000.0
291	4.995	17.027	2.197	17.166	0.039	0.98	6000.0
292	5.37	18.518	2.232	18.368	0.044	0.975	6000.0
293	4.156	14.317	1.89	15.86	0.024	0.982	7000.0
294	5.708	19.474	2.512	20.372	0.04	0.974	6000.0
295	4.615	15.821	1.994	16.492	0.037	0.982	6000.0
296	4.792	16.499	2.161	16.92	0.045	0.981	7000.0
297	3.937	13.332	1.69	13.235	0.031	0.988	6000.0
298	3.376	11.623	1.407	11.507	0.021	0.988	6000.0
299	5.262	18.006	2.24	18.057	0.036	0.98	7000.0
300	5.445	18.622	2.268	17.295	0.042	0.983	6000.0
301	4.332	14.786	1.866	14.239	0.034	0.986	6000.0
302	4.339	14.94	1.901	14.551	0.036	0.985	6000.0
303	5.039	17.178	2.181	16.859	0.045	0.981	7000.0
304	6.424	21.994	2.743	22.382	0.047	0.965	6000.0
305	4.025	13.835	1.727	13.827	0.025	0.989	6000.0
306	3.864	13.299	1.696	14.041	0.026	0.987	7000.0
307	6.403	21.972	2.724	21.523	0.065	0.968	6000.0
308	4.182	14.322	1.81	14.156	0.033	0.988	6000.0
309	5.709	19.5	2.596	20.267	0.036	0.976	6000.0
310	4.47	15.294	1.884	15.234	0.029	0.984	6000.0
311	4.651	15.821	2.194	17.764	0.03	0.979	6000.0
312	4.27	14.651	1.945	16.272	0.022	0.982	6000.0
313	4.409	15.092	2.08	16.185	0.034	0.984	6000.0
314	4.37	15.017	1.906	15.332	0.034	0.984	6000.0
315	5.709	19.558	2.33	18.89	0.056	0.979	6000.0
316	4.632	15.843	2.126	17.119	0.032	0.98	7000.0
317	4.267	14.688	1.822	14.59	0.038	0.981	6000.0
318	4.104	14.119	1.737	14.454	0.031	0.986	6000.0
319	5.083	17.422	2.339	18.605	0.041	0.979	6000.0
320	5.185	17.725	2.37	18.224	0.035	0.978	6000.0
321	5.268	18.012	2.173	18.313	0.033	0.979	6000.0
322	4.553	15.776	1.83	14.615	0.036	0.985	7000.0
323	3.671	12.739	1.491	12.16	0.03	0.987	6000.0
324	3.108	10.714	1.331	10.843	0.019	0.991	8000.0
325	5.251	17.98	2.194	18.336	0.038	0.976	6000.0
326	4.557	15.7	1.973	15.974	0.044	0.984	6000.0
327	3.7	12.731	1.609	12.195	0.038	0.991	6000.0
328	4.177	14.275	1.847	14.443	0.03	0.986	6000.0
329	3.373	11.424	1.572	11.513	0.029	0.988	6000.0
330	5.391	18.504	2.294	17.864	0.044	0.978	6000.0
331	4.924	16.89	2.099	16.723	0.039	0.98	6000.0
332	3.267	11.212	1.46	11.377	0.026	0.992	6000.0
333	4.702	16.027	2.066	16.542	0.037	0.983	6000.0
334	5.651	19.438	2.387	20.02	0.043	0.975	6000.0
335	2.791	9.545	1.198	9.672	0.013	0.993	6000.0
336	5.218	17.904	2.381	19.967	0.063	0.968	6000.0
337	4.249	14.7	1.743	13.803	0.032	0.984	6000.0
338	3.9	13.364	1.793	13.996	0.028	0.988	6000.0
339	5.227	17.976	2.19	17.261	0.042	0.983	6000.0
340	4.647	15.795	1.947	15.6	0.03	0.983	6000.0
341	4.617	15.804	2.017	15.529	0.031	0.986	6000.0
342	4.32	14.83	1.81	14.947	0.027	0.985	6000.0
343	3.934	13.519	1.796	14.812	0.021	0.985	6000.0
344	4.306	14.753	1.932	15.756	0.024	0.984	6000.0
345	5.587	19.261	2.247	18.714	0.054	0.976	6000.0
346	4.674	15.998	2.093	17.043	0.032	0.979	6000.0
347	4.688	15.953	2.191	16.254	0.033	0.98	6000.0
348	4.691	16.076	1.999	15.277	0.031	0.986	6000.0
349	5.279	18.06	2.347	19.432	0.041	0.976	6000.0
350	4.754	16.233	2.121	17.843	0.041	0.973	6000.0
351	4.28	14.664	1.841	15.109	0.029	0.984	6000.0
352	5.312	18.187	2.274	17.444	0.033	0.983	6000.0
353	3.894	13.381	1.795	14.936	0.03	0.985	6000.0
354	4.352	14.902	1.791	13.942	0.028	0.984	6000.0
355	4.743	16.298	2.076	16.586	0.034	0.98	6000.0
356	4.859	16.646	2.006	15.865	0.037	0.985	6000.0
357	4.11	13.969	1.765	14.355	0.025	0.986	6000.0
358	4.994	17.109	2.145	17.193	0.031	0.982	6000.0
359	4.339	14.948	1.896	14.879	0.027	0.985	6000.0
360	4.387	14.91	1.798	14.172	0.034	0.987	6000.0
361	5.38	18.421	2.303	18.967	0.038	0.978	6000.0
362	4.689	16.07	2.004	16.04	0.031	0.986	9000.0
363	4.942	16.953	2.114	16.423	0.039	0.986	6000.0
364	3.826	13.152	1.686	13.664	0.026	0.989	6000.0
365	3.295	11.174	1.378	11.147	0.016	0.991	6000.0
366	4.224	14.453	1.798	14.53	0.024	0.986	6000.0
367	5.163	17.537	2.409	18.867	0.04	0.974	6000.0
368	5.328	18.279	2.365	19.607	0.041	0.976	6000.0
369	4.908	16.872	2.003	16.426	0.038	0.979	6000.0
370	4.161	14.294	1.687	13.364	0.033	0.99	6000.0
371	4.216	14.534	1.796	14.751	0.028	0.986	6000.0
372	5.244	18.075	2.354	18.57	0.042	0.977	6000.0
373	4.233	14.387	1.929	14.201	0.028	0.987	6000.0
374	4.741	16.195	2.048	16.801	0.044	0.981	6000.0
375	3.008	10.294	1.416	10.931	0.014	0.992	6000.0
376	4.837	16.529	2.138	17.615	0.033	0.98	6000.0
377	4.785	16.446	2.03	15.798	0.043	0.984	6000.0
378	4.919	16.85	2.079	16.237	0.04	0.984	6000.0
379	4.155	14.207	1.737	13.567	0.032	0.987	6000.0
380	3.417	11.67	1.442	11.807	0.021	0.99	6000.0
381	4.696	16.106	2.033	16.173	0.04	0.984	6000.0
382	5.247	17.854	2.134	17.285	0.042	0.98	6000.0
383	5.467	18.8	2.266	18.614	0.033	0.979	6000.0
384	4.076	13.886	1.704	13.37	0.031	0.988	6000.0
385	4.718	16.171	1.932	15.54	0.032	0.986	6000.0
386	4.377	14.89	1.975	15.616	0.02	0.984	6000.0
387	3.796	13.031	1.668	13.761	0.026	0.989	6000.0
388	3.86	13.192	1.651	13.391	0.02	0.988	6000.0
389	4.82	16.444	2.053	16.841	0.039	0.978	6000.0
390	3.685	12.684	1.479	12.536	0.025	0.988	6000.0
391	3.258	11.103	1.411	11.386	0.021	0.992	6000.0
392	3.818	13.113	1.645	12.566	0.032	0.99	6000.0
393	4.751	16.285	2.049	16.629	0.028	0.983	6000.0
394	4.097	13.987	1.908	14.478	0.034	0.982	6000.0
395	3.808	13.118	1.667	13.033	0.023	0.99	6000.0
396	3.987	13.641	1.681	13.437	0.028	0.988	9000.0
397	5.159	17.693	2.218	17.962	0.042	0.98	6000.0
398	3.443	11.811	1.562	12.142	0.032	0.989	6000.0
399	4.596	15.624	2.074	16.078	0.049	0.98	10000.0
400	4.379	15.053	1.904	15.643	0.028	0.985	6000.0
401	5.279	18.0	2.344	18.956	0.036	0.978	6000.0
402	4.423	15.066	1.937	15.316	0.033	0.984	6000.0
403	4.413	15.1	1.973	15.817	0.046	0.981	6000.0
404	4.907	16.783	2.157	16.967	0.035	0.981	6000.0
405	6.326	21.566	3.003	22.855	0.056	0.965	6000.0
406	5.501	18.851	2.243	18.192	0.042	0.979	6000.0
407	4.247	14.657	1.787	14.416	0.029	0.985	6000.0
408	4.934	16.883	2.267	18.555	0.04	0.978	6000.0
409	4.225	14.488	1.927	14.714	0.035	0.987	6000.0
410	3.197	11.022	1.382	10.973	0.022	0.992	6000.0
411	4.564	15.72	1.932	15.358	0.031	0.984	6000.0
412	5.38	18.358	2.366	18.515	0.044	0.976	6000.0
413	3.728	12.768	1.55	12.893	0.024	0.988	6000.0
414	3.591	12.275	1.525	12.593	0.02	0.988	17000.0
415	4.299	14.647	1.849	14.623	0.023	0.985	7000.0
416	4.943	16.935	2.14	17.103	0.046	0.98	6000.0
417	4.358	14.914	1.811	14.143	0.036	0.988	6000.0
418	5.912	20.418	2.452	20.334	0.054	0.969	6000.0
419	3.565	12.171	1.58	12.608	0.026	0.988	6000.0
420	3.989	13.641	1.685	13.526	0.028	0.99	6000.0
421	4.433	15.278	1.83	15.054	0.04	0.981	6000.0
422	4.042	13.934	1.899	14.734	0.023	0.987	6000.0
423	3.378	11.602	1.393	11.861	0.03	0.99	6000.0
424	4.953	17.006	2.088	17.254	0.035	0.979	6000.0
425	4.246	14.537	1.885	14.24	0.032	0.986	6000.0
426	3.918	13.444	1.748	13.901	0.03	0.987	6000.0
427	3.714	12.824	1.723	12.817	0.027	0.99	10000.0
428	4.523	15.367	1.991	15.128	0.043	0.985	6000.0
429	2.799	9.629	1.225	10.345	0.026	0.993	6000.0
430	3.45	11.842	1.405	11.41	0.028	0.99	6000.0
431	4.465	15.427	1.838	15.008	0.037	0.985	6000.0
432	4.946	17.012	2.407	18.909	0.044	0.972	6000.0
433	3.85	13.229	1.665	13.869	0.027	0.983	6000.0
434	3.898	13.39	1.687	13.391	0.016	0.99	6000.0
435	5.221	17.84	2.388	19.03	0.043	0.976	7000.0
436	4.85	16.701	2.175	16.755	0.052	0.983	6000.0
437	2.913	9.958	1.332	10.726	0.018	0.992	6000.0
438	5.161	17.711	2.141	16.944	0.049	0.979	6000.0
439	3.376	11.474	1.511	11.453	0.024	0.988	6000.0
440	5.411	18.564	2.501	19.872	0.042	0.974	6000.0
441	5.302	18.227	2.439	18.76	0.037	0.977	6000.0
442	3.961	13.472	1.818	13.751	0.029	0.988	6000.0
443	5.013	17.103	2.201	17.616	0.041	0.977	9000.0
444	5.262	18.041	2.164	18.291	0.043	0.976	6000.0
445	4.308	14.877	2.032	15.306	0.032	0.985	6000.0
446	4.298	14.594	1.817	14.288	0.031	0.985	6000.0
447	4.677	15.993	1.857	14.288	0.037	0.985	6000.0
448	4.48	15.284	1.923	15.692	0.03	0.982	6000.0
449	3.905	13.418	1.694	13.938	0.025	0.986	6000.0
450	4.678	16.118	1.953	15.756	0.037	0.982	7000.0
451	5.337	18.302	2.306	18.788	0.045	0.972	6000.0
452	4.463	15.147	2.018	16.395	0.034	0.982	6000.0
453	4.483	15.273	1.88	14.379	0.03	0.986	6000.0
454	5.385	18.47	2.178	17.4	0.039	0.98	6000.0
455	3.531	12.021	1.441	11.2	0.025	0.992	6000.0
456	3.844	13.167	1.586	12.631	0.029	0.989	6000.0
457	4.424	15.11	1.819	13.845	0.031	0.988	6000.0
458	4.716	16.278	2.026	16.6	0.031	0.98	6000.0
459	5.462	18.78	2.222	18.292	0.037	0.977	6000.0
460	4.12	14.162	1.823	14.777	0.034	0.987	6000.0
461	4.259	14.471	1.842	14.741	0.034	0.983	6000.0
462	4.736	16.16	2.062	16.432	0.036	0.985	6000.0
463	6.288	21.434	2.821	22.228	0.048	0.969	6000.0
464	4.589	15.764	1.962	15.631	0.037	0.981	6000.0
465	3.392	11.54	1.543	12.46	0.018	0.99	6000.0
466	4.372	15.037	1.887	15.252	0.026	0.983	6000.0
467	4.88	16.759	2.07	16.999	0.032	0.983	6000.0
468	3.765	12.933	1.602	13.168	0.029	0.989	6000.0
469	3.966	13.661	1.787	14.274	0.023	0.988	8000.0
470	5.149	17.732	2.267	18.739	0.037	0.975	6000.0
471	3.917	13.408	1.831	14.732	0.022	0.984	6000.0
472	4.73	16.203	1.955	15.343	0.051	0.985	6000.0
473	4.037	13.818	1.86	14.596	0.022	0.987	6000.0
474	4.391	15.069	1.805	13.925	0.04	0.988	6000.0
475	4.898	16.802	2.259	18.1	0.044	0.977	6000.0
476	4.187	14.221	1.95	15.309	0.031	0.982	6000.0
477	2.95	10.119	1.3	10.09	0.02	0.992	6000.0
478	3.418	11.676	1.526	11.848	0.022	0.99	7000.0
479	5.101	17.545	2.368	19.102	0.055	0.975	6000.0
480	4.234	14.57	1.866	15.153	0.038	0.982	6000.0
481	4.662	16.014	2.037	16.963	0.031	0.982	6000.0
482	3.791	13.046	1.588	12.692	0.026	0.989	6000.0
483	5.475	18.716	2.371	18.989	0.039	0.978	6000.0
484	3.879	13.22	1.723	13.786	0.038	0.984	6000.0
485	4.099	13.994	1.777	14.766	0.027	0.983	6000.0
486	3.957	13.515	1.626	12.42	0.027	0.99	6000.0
487	3.631	12.393	1.501	12.309	0.019	0.989	6000.0
488	6.028	20.689	2.632	21.619	0.044	0.97	6000.0
489	4.005	13.586	1.628	12.875	0.026	0.99	6000.0
490	4.43	15.214	1.901	14.922	0.043	0.982	6000.0
491	3.889	13.288	1.675	13.84	0.02	0.986	6000.0
492	3.441	11.746	1.469	12.287	0.014	0.991	6000.0
493	5.139	17.513	2.176	17.474	0.035	0.98	6000.0
494	4.467	15.379	2.046	16.69	0.027	0.982	6000.0
495	6.133	21.059	2.601	20.719	0.055	0.972	6000.0
496	5.189	17.819	2.392	19.164	0.043	0.972	6000.0
497	4.079	13.967	1.68	13.401	0.035	0.988	6000.0
498	3.847	13.181	1.722	13.347	0.032	0.991	6000.0
499	5.838	20.134	2.591	21.13	0.049	0.962	6000.0
500	5.076	17.4	2.432	20.662	0.04	0.971	6000.0
501	4.389	15.084	1.917	15.124	0.04	0.984	6000.0
502	3.06	10.489	1.309	10.605	0.022	0.993	7000.0
503	3.49	11.884	1.613	13.011	0.012	0.988	6000.0
504	3.834	13.108	1.651	12.501	0.026	0.991	6000.0
505	4.926	16.878	2.171	18.298	0.029	0.98	6000.0
506	4.934	16.822	2.181	16.855	0.036	0.981	6000.0
507	4.255	14.619	1.914	15.866	0.028	0.984	6000.0
508	4.049	13.872	1.761	14.289	0.029	0.986	7000.0
509	4.909	16.83	2.201	17.974	0.058	0.978	8000.0
510	4.582	15.669	1.913	15.148	0.033	0.987	8000.0
511	5.353	18.354	2.273	17.363	0.049	0.983	6000.0
512	5.045	17.24	2.273	17.648	0.039	0.98	6000.0
513	4.245	14.473	1.652	13.517	0.028	0.986	6000.0
514	4.104	14.02	1.656	13.548	0.026	0.988	6000.0
515	3.32	11.344	1.49	11.453	0.021	0.993	6000.0
516	4.797	16.546	2.071	17.01	0.039	0.979	6000.0
517	3.758	12.94	1.555	12.554	0.026	0.99	6000.0
518	5.189	17.711	2.288	18.07	0.032	0.979	6000.0
519	5.224	17.904	2.114	16.454	0.044	0.983	6000.0
520	4.508	15.494	1.988	16.757	0.024	0.982	6000.0
521	2.939	10.073	1.296	10.17	0.022	0.993	6000.0
522	3.384	11.513	1.454	11.897	0.021	0.99	9000.0
523	4.375	14.862	1.84	14.131	0.03	0.985	7000.0
524	3.419	11.694	1.343	10.906	0.024	0.992	6000.0
525	4.934	16.97	1.915	15.042	0.046	0.985	7000.0
526	4.089	14.06	1.772	14.382	0.033	0.986	6000.0
527	4.441	15.131	1.856	14.448	0.031	0.988	14000.0
528	4.361	14.991	1.999	16.063	0.035	0.981	6000.0
529	3.916	13.423	1.656	13.418	0.033	0.988	6000.0
530	4.124	14.089	1.867	14.735	0.029	0.986	6000.0
531	4.483	15.271	1.918	15.09	0.033	0.986	6000.0
532	6.037	20.53	2.562	19.771	0.05	0.976	6000.0
533	6.309	21.606	2.747	21.867	0.048	0.969	6000.0
534	3.676	12.592	1.535	12.183	0.027	0.99	6000.0
535	3.624	12.428	1.626	12.906	0.024	0.988	6000.0
536	4.755	16.262	2.005	15.809	0.037	0.986	6000.0
537	4.737	16.228	2.235	16.878	0.04	0.985	6000.0
538	4.408	15.176	1.877	15.373	0.031	0.983	6000.0
539	5.937	20.303	2.644	20.675	0.047	0.974	6000.0
540	5.147	17.688	2.351	18.528	0.035	0.973	8000.0
541	3.852	13.201	1.695	13.819	0.023	0.988	6000.0
542	3.997	13.706	1.869	15.074	0.032	0.986	7000.0
543	6.303	21.491	2.856	21.997	0.049	0.969	6000.0
544	4.006	13.682	1.75	14.044	0.023	0.984	6000.0
545	4.842	16.661	2.209	18.001	0.041	0.978	6000.0
546	3.605	12.396	1.471	11.794	0.025	0.99	7000.0
547	3.557	12.17	1.592	11.588	0.027	0.989	6000.0
548	3.682	12.742	1.508	12.266	0.032	0.986	6000.0
549	5.724	19.51	2.476	19.115	0.041	0.977	6000.0
550	4.214	14.456	1.754	14.472	0.028	0.986	9000.0
551	3.622	12.404	1.509	12.281	0.027	0.99	12000.0
552	4.72	16.125	2.103	16.897	0.027	0.982	6000.0
553	4.353	14.915	1.876	14.843	0.045	0.986	7000.0
554	4.931	16.986	2.233	17.05	0.044	0.977	6000.0
555	3.761	12.806	1.668	13.912	0.021	0.986	6000.0
556	4.577	15.708	1.919	15.213	0.033	0.985	6000.0
557	6.103	20.814	2.663	21.931	0.038	0.965	6000.0
558	4.47	15.169	1.993	15.629	0.036	0.98	6000.0
559	3.815	13.088	1.616	13.693	0.025	0.986	6000.0
560	4.164	14.225	1.721	13.945	0.032	0.988	6000.0
561	5.18	17.765	2.133	17.595	0.049	0.975	6000.0
562	3.75	12.852	1.588	13.572	0.028	0.987	6000.0
563	3.496	11.922	1.537	12.494	0.019	0.99	6000.0
564	2.923	9.991	1.251	10.032	0.019	0.993	6000.0
565	4.325	14.86	1.959	15.814	0.03	0.984	6000.0
566	5.228	17.961	2.332	18.697	0.044	0.979	6000.0
567	4.162	14.279	1.874	14.708	0.031	0.987	6000.0
568	3.833	13.092	1.623	12.45	0.028	0.99	6000.0
569	4.878	16.758	2.114	16.109	0.037	0.985	6000.0
570	5.231	17.832	2.504	19.967	0.033	0.974	6000.0
571	3.562	12.248	1.633	13.194	0.021	0.988	6000.0
572	3.896	13.477	1.575	13.482	0.037	0.986	6000.0
573	3.674	12.532	1.588	13.078	0.018	0.987	6000.0
574	3.854	13.281	1.744	14.518	0.025	0.984	6000.0
575	4.514	15.501	1.896	15.902	0.027	0.982	6000.0
576	4.054	13.909	1.739	13.885	0.035	0.986	8000.0
577	4.207	14.412	1.715	14.291	0.032	0.986	6000.0
578	6.638	22.679	2.801	21.646	0.072	0.967	7000.0
579	2.543	8.723	1.067	8.54	0.013	0.996	6000.0
580	4.378	15.057	1.853	14.99	0.042	0.984	6000.0
581	4.153	14.271	1.915	15.724	0.028	0.98	6000.0
582	4.999	17.161	2.076	16.336	0.039	0.985	6000.0
583	2.697	9.267	1.141	9.42	0.022	0.993	6000.0
584	4.218	14.456	1.813	14.601	0.033	0.985	6000.0
585	4.49	15.426	1.98	16.093	0.026	0.984	6000.0
586	5.262	18.074	2.146	17.18	0.044	0.982	6000.0
587	4.484	15.324	1.828	14.684	0.042	0.985	6000.0
588	4.834	16.491	2.125	16.567	0.031	0.982	6000.0
589	3.449	11.889	1.601	13.252	0.019	0.989	6000.0
590	4.568	15.623	1.996	16.235	0.024	0.984	6000.0
591	5.483	18.766	2.36	18.261	0.044	0.98	6000.0
592	4.556	15.597	1.975	15.867	0.04	0.985	6000.0
593	4.578	15.598	1.866	14.749	0.037	0.986	6000.0
594	3.932	13.458	1.633	13.671	0.016	0.988	8000.0
595	5.658	19.355	2.577	19.754	0.038	0.975	6000.0
596	4.138	14.163	1.799	14.547	0.027	0.986	6000.0
597	5.439	18.685	2.288	17.616	0.049	0.982	6000.0
598	6.813	23.37	2.961	24.445	0.055	0.964	6000.0
599	4.302	14.765	1.857	15.091	0.029	0.987	9000.0
600	4.96	16.942	2.093	17.116	0.029	0.982	6000.0
601	4.958	17.01	2.177	16.846	0.034	0.981	7000.0
602	3.664	12.6	1.711	13.454	0.023	0.988	6000.0
603	5.553	18.968	2.51	19.605	0.043	0.976	6000.0
604	4.122	14.102	1.718	13.521	0.038	0.99	6000.0
605	4.535	15.464	1.891	15.495	0.031	0.983	6000.0
606	5.612	19.173	2.248	18.09	0.041	0.98	6000.0
607	2.931	10.08	1.22	9.633	0.028	0.994	6000.0
608	6.301	21.557	2.717	21.67	0.051	0.972	6000.0
609	4.262	14.531	1.934	15.612	0.031	0.985	10000.0
610	3.603	12.32	1.508	11.91	0.026	0.992	6000.0
611	3.886	13.347	1.626	13.93	0.027	0.986	6000.0
612	4.206	14.441	1.941	15.581	0.029	0.983	6000.0
613	4.693	15.999	1.998	16.259	0.033	0.982	6000.0
614	5.593	19.122	2.399	19.192	0.035	0.978	6000.0
615	5.637	19.225	2.443	19.44	0.048	0.976	6000.0
616	5.042	17.26	2.309	17.841	0.033	0.978	6000.0
617	3.47	11.904	1.647	13.167	0.033	0.99	6000.0
618	3.632	12.395	1.514	12.584	0.02	0.989	6000.0
619	4.065	13.932	1.688	13.479	0.032	0.986	6000.0
620	4.465	15.278	1.934	15.084	0.041	0.984	6000.0
621	3.812	13.123	1.577	12.352	0.027	0.991	6000.0
622	3.968	13.644	1.633	13.565	0.03	0.987	8000.0
623	5.589	19.26	2.441	19.623	0.046	0.975	6000.0
624	3.777	12.933	1.584	13.118	0.029	0.988	6000.0
625	5.158	17.673	2.184	17.843	0.037	0.979	6000.0
626	4.913	16.85	2.106	17.115	0.037	0.981	6000.0
627	2.919	10.039	1.255	10.235	0.03	0.993	6000.0
628	4.499	15.398	1.968	15.783	0.037	0.984	6000.0
629	4.456	15.207	2.101	15.767	0.026	0.985	6000.0
630	5.037	17.304	2.213	17.498	0.038	0.977	6000.0
631	5.562	19.214	2.435	19.557	0.038	0.971	6000.0
632	3.544	12.173	1.521	12.131	0.022	0.991	6000.0
633	5.076	17.409	2.223	17.96	0.038	0.982	6000.0
634	4.788	16.354	2.338	17.934	0.034	0.976	6000.0
635	3.565	12.174	1.497	12.312	0.018	0.99	6000.0
636	3.859	13.33	1.683	14.335	0.035	0.98	6000.0
637	3.281	11.167	1.556	11.943	0.025	0.992	6000.0
638	4.152	14.2	1.779	14.732	0.018	0.987	6000.0
639	3.993	13.652	1.915	15.27	0.027	0.983	9000.0
640	4.096	13.979	1.648	13.198	0.036	0.988	6000.0
641	4.435	15.081	2.069	15.611	0.022	0.984	6000.0
642	5.042	17.239	2.163	17.658	0.048	0.98	6000.0
643	3.38	11.489	1.512	11.878	0.014	0.99	6000.0
644	4.045	13.889	1.785	14.509	0.031	0.987	6000.0
645	4.531	15.493	1.976	14.952	0.025	0.987	6000.0
646	4.245	14.494	1.771	14.167	0.025	0.984	6000.0
647	5.082	17.433	2.141	17.3	0.047	0.981	6000.0
648	3.859	13.192	1.616	12.758	0.032	0.99	8000.0
649	4.227	14.645	1.89	15.159	0.027	0.983	6000.0
650	3.75	12.925	1.627	12.771	0.037	0.986	6000.0
651	4.109	14.071	1.808	13.79	0.032	0.988	6000.0
652	5.274	18.161	2.22	17.282	0.037	0.982	6000.0
653	4.542	15.548	2.075	16.963	0.027	0.982	6000.0
654	5.46	18.705	2.173	17.481	0.045	0.981	6000.0
655	3.789	13.039	1.684	14.107	0.024	0.987	6000.0
656	4.359	14.821	1.824	14.841	0.026	0.985	6000.0
657	5.043	17.301	2.192	18.398	0.03	0.978	6000.0
658	5.0	17.028	2.32	18.868	0.042	0.978	6000.0
659	4.446	15.249	1.802	13.474	0.035	0.99	6000.0
660	4.906	16.826	2.206	17.997	0.032	0.981	6000.0
661	4.845	16.56	2.049	17.086	0.035	0.981	6000.0
662	4.444	15.236	1.831	14.942	0.028	0.987	6000.0
663	5.664	19.386	2.447	19.905	0.041	0.975	6000.0
664	5.002	17.236	2.153	17.373	0.036	0.98	6000.0
665	4.994	17.046	2.041	17.012	0.04	0.984	6000.0
666	3.689	12.612	1.606	12.846	0.02	0.99	6000.0
667	4.12	14.137	1.727	14.064	0.023	0.985	6000.0
668	4.558	15.518	1.913	15.481	0.032	0.984	6000.0
669	5.398	18.528	2.274	18.601	0.038	0.978	6000.0
670	3.362	11.613	1.375	11.279	0.026	0.991	6000.0
671	4.07	13.89	1.769	13.541	0.031	0.988	6000.0
672	5.585	19.043	2.546	19.143	0.04	0.978	6000.0
673	6.083	20.871	2.549	20.594	0.042	0.972	7000.0
674	4.552	15.465	2.006	15.867	0.037	0.978	7000.0
675	4.498	15.257	1.909	15.304	0.036	0.983	6000.0
676	4.416	15.118	1.797	13.978	0.036	0.988	6000.0
677	4.858	16.725	2.02	16.332	0.041	0.982	6000.0
678	5.819	19.95	2.531	19.456	0.047	0.973	9000.0
679	3.937	13.458	1.599	12.246	0.028	0.99	6000.0
680	3.686	12.636	1.684	13.547	0.022	0.988	6000.0
681	4.394	14.961	1.96	15.456	0.039	0.985	6000.0
682	4.514	15.393	1.886	14.985	0.039	0.988	6000.0
683	3.405	11.621	1.477	11.799	0.028	0.991	6000.0
684	3.243	11.115	1.376	10.814	0.019	0.993	6000.0
685	4.416	15.126	1.966	16.076	0.035	0.98	6000.0
686	3.413	11.649	1.418	11.229	0.021	0.992	6000.0
687	3.545	12.154	1.432	11.338	0.03	0.989	6000.0
688	3.99	13.622	1.664	12.828	0.029	0.987	8000.0
689	5.144	17.689	2.074	17.191	0.046	0.979	6000.0
690	5.464	18.669	2.286	17.761	0.042	0.977	6000.0
691	5.188	17.832	2.123	17.859	0.029	0.98	7000.0
692	3.973	13.646	1.744	14.217	0.023	0.988	6000.0
693	4.276	14.672	1.851	14.035	0.033	0.989	6000.0
694	4.919	16.88	2.211	17.794	0.029	0.98	6000.0
695	3.127	10.749	1.319	10.85	0.028	0.99	6000.0
696	3.643	12.453	1.576	12.909	0.032	0.987	6000.0
697	5.298	18.019	2.261	18.19	0.03	0.978	6000.0
698	5.741	19.597	2.633	20.322	0.039	0.976	6000.0
699	3.729	12.813	1.641	12.991	0.026	0.99	6000.0
700	4.359	14.99	1.916	15.42	0.028	0.983	6000.0
701	5.127	17.632	2.247	18.713	0.041	0.977	6000.0
702	3.363	11.567	1.401	11.01	0.028	0.992	6000.0
703	5.012	17.105	2.301	17.599	0.052	0.978	7000.0
704	4.206	14.398	1.807	14.125	0.024	0.988	6000.0
705	4.575	15.613	2.027	15.071	0.035	0.984	6000.0
706	4.376	14.914	1.957	15.584	0.045	0.981	6000.0
707	4.727	16.188	2.034	16.842	0.03	0.98	6000.0
708	4.669	16.026	2.255	18.078	0.024	0.979	6000.0
709	3.138	10.719	1.282	10.453	0.031	0.993	6000.0
710	5.442	18.644	2.241	17.759	0.041	0.981	6000.0
711	3.803	13.022	1.741	14.212	0.029	0.984	8000.0
712	5.062	17.345	2.116	15.902	0.046	0.984	6000.0
713	4.149	14.255	1.762	13.903	0.027	0.986	6000.0
714	5.073	17.261	2.081	16.543	0.039	0.981	6000.0
715	3.502	12.061	1.538	12.796	0.027	0.988	6000.0
716	4.522	15.529	2.019	15.755	0.036	0.986	6000.0
717	3.992	13.746	1.726	14.092	0.021	0.986	6000.0
718	3.817	13.022	1.631	12.964	0.024	0.989	6000.0
719	4.625	15.885	2.089	17.083	0.034	0.98	6000.0
720	3.258	11.113	1.475	12.221	0.017	0.989	6000.0
721	3.057	10.49	1.297	11.032	0.011	0.991	6000.0
722	3.81	13.076	1.566	12.603	0.025	0.99	6000.0
723	5.103	17.315	2.373	18.731	0.034	0.976	8000.0
724	4.785	16.381	2.224	17.351	0.031	0.982	6000.0
725	3.651	12.558	1.624	13.487	0.029	0.987	8000.0
726	3.747	12.748	1.613	12.518	0.029	0.99	6000.0
727	4.271	14.645	1.716	13.98	0.032	0.988	6000.0
728	4.557	15.618	1.942	15.602	0.04	0.986	6000.0
729	4.526	15.427	1.928	15.769	0.033	0.987	6000.0
730	4.411	15.199	1.915	15.193	0.038	0.978	6000.0
731	5.174	17.778	2.293	18.004	0.033	0.979	6000.0
732	5.155	17.552	2.289	18.139	0.043	0.98	6000.0
733	4.239	14.504	1.961	15.524	0.034	0.983	6000.0
734	4.537	15.501	2.017	16.034	0.034	0.981	6000.0
735	4.127	14.054	1.728	13.225	0.033	0.988	6000.0
736	3.329	11.382	1.455	12.142	0.019	0.99	6000.0
737	5.036	17.383	2.18	17.451	0.037	0.98	7000.0
738	3.898	13.355	1.607	13.277	0.025	0.989	6000.0
739	5.661	19.494	2.402	19.512	0.046	0.973	6000.0
740	4.534	15.563	2.178	17.366	0.036	0.982	6000.0
741	3.967	13.671	1.686	13.774	0.033	0.988	6000.0
742	5.185	17.708	2.198	17.327	0.04	0.98	7000.0
743	4.036	13.805	1.732	14.04	0.032	0.986	6000.0
744	3.868	13.212	1.653	12.944	0.028	0.99	6000.0
745	5.197	17.829	2.36	17.938	0.045	0.979	6000.0
746	3.963	13.549	1.716	12.827	0.03	0.991	6000.0
747	5.372	18.334	2.387	18.062	0.037	0.98	6000.0
748	4.104	14.084	1.682	13.31	0.029	0.989	6000.0
749	3.989	13.702	1.773	14.322	0.02	0.985	6000.0
750	5.12	17.495	2.167	16.883	0.042	0.978	6000.0
751	3.949	13.577	1.769	14.814	0.029	0.984	13000.0
752	2.664	9.045	1.148	8.659	0.022	0.993	6000.0
753	4.293	14.743	1.835	13.916	0.027	0.987	7000.0
754	4.569	15.649	2.117	17.564	0.032	0.977	6000.0
755	5.577	19.173	2.389	19.422	0.041	0.976	6000.0
756	5.156	17.527	2.191	18.035	0.044	0.978	6000.0
757	5.284	18.045	2.311	19.456	0.034	0.972	8000.0
758	5.162	17.636	2.261	17.628	0.033	0.982	6000.0
759	3.168	10.755	1.389	11.191	0.02	0.992	6000.0
760	3.903	13.375	1.734	13.82	0.032	0.989	6000.0
761	3.377	11.594	1.593	12.494	0.027	0.989	6000.0
762	4.863	16.605	2.031	16.314	0.036	0.984	6000.0
763	5.148	17.555	2.188	17.745	0.034	0.977	6000.0
764	4.537	15.491	1.974	15.533	0.036	0.984	6000.0
765	4.977	16.997	2.009	15.441	0.042	0.985	6000.0
766	5.084	17.402	2.15	17.932	0.037	0.98	8000.0
767	4.715	16.085	1.929	16.111	0.028	0.985	6000.0
768	3.294	11.358	1.324	10.047	0.029	0.992	6000.0
769	4.354	14.898	2.004	16.376	0.037	0.982	6000.0
770	4.573	15.571	1.891	14.554	0.041	0.987	6000.0
771	6.037	20.694	2.814	20.808	0.05	0.97	6000.0
772	4.359	15.002	1.816	15.345	0.035	0.984	6000.0
773	4.664	15.911	2.06	16.923	0.021	0.982	6000.0
774	5.251	18.0	2.332	18.892	0.03	0.979	8000.0
775	4.711	15.971	2.036	16.923	0.029	0.979	6000.0
776	3.183	10.903	1.434	11.65	0.017	0.99	6000.0
777	4.456	15.175	1.894	14.379	0.038	0.986	6000.0
778	4.285	14.626	1.748	14.521	0.025	0.986	6000.0
779	5.272	18.072	2.287	18.154	0.035	0.98	6000.0
780	5.302	18.086	2.518	19.055	0.028	0.979	6000.0
781	4.04	13.913	1.728	13.711	0.03	0.987	6000.0
782	3.95	13.499	1.625	13.675	0.025	0.987	6000.0
783	4.125	14.132	1.717	13.895	0.029	0.987	6000.0
784	3.658	12.511	1.664	13.313	0.023	0.987	7000.0
785	3.307	11.309	1.434	11.837	0.022	0.99	6000.0
786	4.682	16.027	2.038	16.269	0.038	0.984	6000.0
787	5.737	19.807	2.657	21.226	0.041	0.967	6000.0
788	4.159	14.123	1.926	15.366	0.027	0.982	6000.0
789	4.8	16.406	1.999	16.481	0.029	0.982	6000.0
790	3.555	12.225	1.542	12.816	0.028	0.99	9000.0
791	4.347	14.932	1.842	14.698	0.036	0.983	6000.0
792	4.034	13.815	1.776	13.898	0.027	0.989	6000.0
793	4.154	14.226	1.645	13.307	0.029	0.989	6000.0
794	3.021	10.331	1.227	10.028	0.018	0.993	6000.0
795	5.207	17.928	2.245	18.065	0.041	0.979	6000.0
796	4.403	15.192	1.928	15.587	0.027	0.984	6000.0
797	4.606	15.95	2.091	16.162	0.036	0.978	6000.0
798	5.281	18.133	2.228	18.051	0.039	0.981	6000.0
799	4.437	15.126	2.195	16.697	0.028	0.982	6000.0
800	3.553	12.068	1.5	11.712	0.03	0.99	6000.0
801	4.264	14.536	2.062	15.821	0.034	0.98	6000.0
802	3.104	10.605	1.377	11.692	0.011	0.991	8000.0
803	4.415	14.962	1.889	14.9	0.029	0.984	6000.0
804	5.266	18.028	2.33	19.134	0.042	0.978	6000.0
805	3.976	13.629	1.749	13.982	0.022	0.989	6000.0
806	3.751	12.922	1.445	12.051	0.031	0.989	6000.0
807	3.827	13.075	1.629	12.721	0.024	0.991	6000.0
808	3.374	11.543	1.41	11.149	0.021	0.992	6000.0
809	3.99	13.676	1.695	13.831	0.026	0.989	6000.0
810	4.742	16.249	2.151	17.348	0.039	0.978	6000.0
811	4.501	15.408	2.011	16.389	0.03	0.978	6000.0
812	3.479	11.883	1.585	12.515	0.021	0.989	6000.0
813	3.184	10.89	1.408	11.522	0.026	0.99	6000.0
814	4.956	16.993	2.183	16.927	0.034	0.981	6000.0
815	3.927	13.481	1.679	13.434	0.025	0.987	6000.0
816	4.106	14.036	1.81	14.512	0.023	0.986	6000.0
817	4.548	15.487	1.847	14.394	0.033	0.988	6000.0
818	4.282	14.564	1.876	14.952	0.035	0.986	6000.0
819	3.641	12.409	1.586	12.721	0.021	0.99	9000.0
820	4.344	14.775	1.901	15.587	0.028	0.982	7000.0
821	3.596	12.388	1.497	12.256	0.032	0.983	6000.0
822	5.13	17.536	2.227	18.018	0.036	0.979	6000.0
823	3.73	12.752	1.615	12.913	0.016	0.99	6000.0
824	2.877	9.853	1.264	9.796	0.025	0.994	6000.0
825	3.87	13.334	1.776	13.87	0.028	0.985	6000.0
826	4.15	14.286	1.835	14.668	0.03	0.986	6000.0
827	3.881	13.286	1.704	13.996	0.022	0.988	6000.0
828	4.9	16.879	2.123	17.571	0.033	0.976	6000.0
829	3.867	13.2	1.72	14.621	0.024	0.983	6000.0
830	5.151	17.672	2.215	17.97	0.05	0.982	7000.0
831	4.901	16.689	2.15	17.271	0.045	0.977	6000.0
832	5.258	18.079	2.207	17.479	0.044	0.982	6000.0
833	4.953	16.984	2.187	18.134	0.035	0.98	6000.0
834	4.531	15.514	1.866	15.322	0.037	0.983	6000.0
835	4.809	16.369	2.159	17.022	0.038	0.977	6000.0
836	5.381	18.32	2.259	18.246	0.034	0.978	6000.0
837	4.987	16.999	2.128	16.978	0.038	0.979	6000.0
838	4.078	13.952	1.673	13.333	0.028	0.987	6000.0
839	3.179	10.848	1.395	10.642	0.016	0.992	6000.0
840	4.682	16.123	2.034	17.466	0.03	0.977	6000.0
841	4.822	16.575	1.998	15.662	0.038	0.979	6000.0
842	5.556	19.112	2.352	19.125	0.041	0.977	6000.0
843	4.734	16.166	2.058	17.105	0.028	0.981	6000.0
844	4.924	16.813	2.234	18.043	0.042	0.977	6000.0
845	3.779	12.916	1.5	12.196	0.026	0.991	6000.0
846	4.27	14.636	1.783	14.579	0.032	0.986	6000.0
847	4.757	16.21	2.12	16.783	0.034	0.983	6000.0
848	4.779	16.437	1.874	15.861	0.034	0.983	6000.0
849	5.143	17.642	2.239	18.506	0.036	0.981	6000.0
850	5.934	20.353	2.458	19.424	0.048	0.971	6000.0
851	4.715	16.13	2.059	16.546	0.028	0.984	7000.0
852	3.86	13.161	1.608	13.498	0.026	0.987	6000.0
853	5.481	18.795	2.462	20.252	0.036	0.973	6000.0
854	5.403	18.5	2.248	17.747	0.049	0.982	6000.0
855	4.706	16.038	2.024	16.292	0.035	0.981	6000.0
856	3.241	11.173	1.273	10.626	0.026	0.992	8000.0
857	4.394	14.957	1.809	14.806	0.026	0.987	6000.0
858	4.676	16.098	1.994	15.155	0.042	0.984	6000.0
859	5.559	19.008	2.38	19.305	0.042	0.98	6000.0
860	4.548	15.523	1.971	14.849	0.043	0.987	6000.0
861	3.789	12.985	1.683	13.916	0.03	0.986	6000.0
862	4.314	14.872	1.803	14.912	0.025	0.985	6000.0
863	5.46	18.684	2.198	17.828	0.046	0.98	6000.0
864	3.284	11.229	1.425	11.363	0.022	0.991	6000.0
865	4.67	15.96	2.082	16.355	0.033	0.984	6000.0
866	3.774	12.983	1.533	12.647	0.03	0.99	6000.0
867	3.894	13.314	1.658	13.449	0.025	0.988	6000.0
868	4.825	16.527	2.096	16.793	0.042	0.978	6000.0
869	4.835	16.592	2.245	18.455	0.028	0.976	6000.0
870	4.615	15.831	1.928	15.097	0.041	0.987	6000.0
871	4.363	14.889	1.906	14.763	0.038	0.985	6000.0
872	5.381	18.445	2.533	19.892	0.042	0.974	6000.0
873	4.502	15.549	1.977	16.438	0.048	0.98	6000.0
874	4.639	15.847	2.12	16.77	0.037	0.98	6000.0
875	4.851	16.594	2.149	16.403	0.039	0.983	6000.0
876	4.387	15.037	1.861	14.674	0.025	0.986	6000.0
877	5.048	17.27	2.15	16.371	0.045	0.985	6000.0
878	5.145	17.642	2.273	18.466	0.037	0.974	6000.0
879	4.644	15.895	2.006	15.39	0.028	0.987	6000.0
880	4.697	15.992	2.099	15.891	0.037	0.979	6000.0
881	4.484	15.329	2.029	15.622	0.026	0.983	6000.0
882	4.574	15.685	2.11	15.932	0.035	0.982	9000.0
883	4.337	14.825	1.906	14.901	0.031	0.986	8000.0
884	4.324	14.71	1.889	14.722	0.022	0.987	6000.0
885	3.523	12.044	1.501	12.234	0.022	0.991	6000.0
886	4.712	16.111	2.039	15.575	0.031	0.985	6000.0
887	4.473	15.327	1.788	14.736	0.034	0.985	7000.0
888	3.913	13.479	1.549	12.399	0.027	0.991	6000.0
889	3.406	11.695	1.461	11.915	0.017	0.99	6000.0
890	5.509	18.775	2.408	19.15	0.057	0.976	6000.0
891	5.453	18.642	2.441	19.45	0.034	0.974	6000.0
892	5.357	18.29	2.304	18.033	0.053	0.978	6000.0
893	5.008	17.181	2.164	18.233	0.038	0.975	6000.0
894	3.995	13.648	1.677	12.883	0.037	0.987	6000.0
895	3.765	12.856	1.499	11.881	0.03	0.992	8000.0
896	4.402	15.113	2.038	15.767	0.034	0.985	8000.0
897	4.364	14.885	1.958	15.651	0.032	0.984	6000.0
898	4.734	16.13	2.072	16.846	0.04	0.979	6000.0
899	4.661	15.981	2.049	16.811	0.034	0.984	6000.0
900	6.235	21.286	2.625	21.541	0.059	0.974	10000.0
901	4.061	13.958	1.844	14.484	0.031	0.987	6000.0
902	3.305	11.355	1.461	12.08	0.02	0.99	6000.0
903	4.203	14.442	1.821	15.693	0.041	0.978	6000.0
904	4.419	15.088	1.822	14.858	0.031	0.985	6000.0
905	3.622	12.422	1.542	12.54	0.023	0.99	6000.0
906	3.471	11.783	1.529	11.893	0.02	0.988	6000.0
907	4.825	16.537	2.081	16.164	0.042	0.984	6000.0
908	4.23	14.39	1.77	13.863	0.032	0.988	6000.0
909	3.617	12.367	1.489	11.421	0.023	0.992	6000.0
910	4.138	14.155	1.929	15.625	0.037	0.984	6000.0
911	4.747	16.239	1.947	15.6	0.035	0.983	6000.0
912	4.747	16.19	2.06	15.485	0.043	0.982	6000.0
913	3.576	12.248	1.549	12.759	0.034	0.986	6000.0
914	5.35	18.284	2.326	17.64	0.04	0.983	6000.0
915	4.269	14.706	1.93	15.447	0.035	0.983	6000.0
916	3.771	12.922	1.699	13.108	0.024	0.988	6000.0
917	4.155	14.177	1.752	13.719	0.032	0.988	6000.0
918	4.752	16.277	1.973	16.66	0.033	0.982	6000.0
919	4.211	14.463	1.855	14.745	0.037	0.986	6000.0
920	4.021	13.876	1.682	12.974	0.032	0.989	6000.0
921	4.557	15.615	1.942	15.103	0.033	0.986	6000.0
922	4.785	16.422	2.123	17.343	0.037	0.979	6000.0
923	3.834	13.094	1.739	14.182	0.021	0.985	6000.0
924	5.355	18.182	2.296	18.231	0.034	0.978	6000.0
925	3.462	11.863	1.39	11.196	0.023	0.99	6000.0
926	3.12	10.74	1.358	11.341	0.02	0.991	7000.0
927	4.135	14.276	1.814	15.104	0.03	0.983	6000.0
928	4.093	13.966	1.856	14.748	0.024	0.987	6000.0
929	4.077	14.054	1.891	14.733	0.027	0.984	6000.0
930	4.679	16.028	2.028	15.776	0.042	0.984	6000.0
931	3.835	13.169	1.574	13.079	0.027	0.989	7000.0
932	3.611	12.341	1.501	12.154	0.027	0.989	6000.0
933	3.957	13.618	1.665	13.512	0.038	0.987	6000.0
934	4.032	13.65	1.775	13.911	0.025	0.985	6000.0
935	3.861	13.24	1.621	13.845	0.026	0.982	6000.0
936	3.878	13.302	1.585	13.165	0.021	0.989	6000.0
937	5.108	17.533	2.252	18.126	0.038	0.979	6000.0
938	4.663	15.994	2.091	17.519	0.039	0.98	6000.0
939	3.635	12.522	1.576	12.814	0.036	0.989	6000.0
940	3.611	12.349	1.509	12.022	0.031	0.989	7000.0
941	6.277	21.42	2.85	21.688	0.047	0.97	6000.0
942	5.873	20.166	2.461	19.594	0.044	0.977	6000.0
943	5.049	17.24	2.14	17.576	0.042	0.98	6000.0
944	4.368	14.9	1.789	14.022	0.041	0.987	6000.0
945	2.415	8.254	1.02	8.064	0.016	0.996	6000.0
946	4.837	16.572	2.241	18.083	0.036	0.975	6000.0
947	3.959	13.523	1.669	12.689	0.025	0.99	6000.0
948	4.11	13.991	1.842	15.052	0.022	0.986	6000.0
949	4.579	15.743	1.956	15.649	0.043	0.985	6000.0
950	4.872	16.601	2.207	17.823	0.03	0.978	6000.0
951	3.447	11.856	1.721	13.798	0.033	0.986	6000.0
952	3.28	11.237	1.319	10.679	0.028	0.992	6000.0
953	4.522	15.469	1.887	15.423	0.041	0.981	6000.0
954	3.693	12.628	1.585	12.775	0.025	0.99	6000.0
955	3.399	11.712	1.459	11.844	0.026	0.99	6000.0
956	3.725	12.724	1.732	14.437	0.021	0.987	6000.0
957	4.677	15.997	2.205	16.381	0.039	0.984	6000.0
958	5.436	18.606	2.298	18.568	0.046	0.977	8000.0
959	3.947	13.518	1.752	13.824	0.024	0.985	6000.0
960	4.83	16.596	2.109	17.299	0.035	0.978	6000.0
961	3.788	13.049	1.586	12.628	0.024	0.99	6000.0
962	4.334	14.836	1.714	13.812	0.031	0.988	6000.0
963	4.929	16.893	2.203	17.401	0.035	0.978	6000.0
964	4.244	14.542	1.8	14.776	0.025	0.986	7000.0
965	5.382	18.449	2.242	18.111	0.046	0.98	6000.0
966	4.782	16.435	2.266	17.478	0.031	0.979	6000.0
967	4.39	15.02	1.87	14.978	0.033	0.987	6000.0
968	4.096	14.047	1.806	14.883	0.029	0.986	6000.0
969	4.825	16.611	1.982	16.186	0.029	0.983	6000.0
970	5.197	17.775	2.233	17.84	0.036	0.98	12000.0
971	4.365	14.967	1.983	15.859	0.039	0.982	6000.0
972	2.773	9.54	1.196	10.206	0.021	0.992	6000.0
973	3.406	11.55	1.382	10.827	0.03	0.991	6000.0
974	5.478	18.768	2.321	18.438	0.044	0.978	6000.0
975	3.55	12.142	1.492	11.786	0.027	0.991	6000.0
976	3.918	13.462	1.607	13.084	0.026	0.989	6000.0
977	2.469	8.546	1.089	8.159	0.027	0.996	7000.0
978	5.186	17.76	2.206	18.289	0.043	0.979	7000.0
979	3.923	13.507	1.648	14.065	0.026	0.987	6000.0
980	4.74	16.208	2.087	16.693	0.035	0.983	6000.0
981	4.961	16.986	2.18	17.614	0.029	0.98	6000.0
982	4.381	14.918	1.779	15.29	0.025	0.981	6000.0
983	2.927	10.057	1.351	11.408	0.014	0.991	7000.0
984	4.779	16.341	2.146	16.268	0.034	0.983	6000.0
985	3.346	11.505	1.531	11.871	0.029	0.991	6000.0
986	4.912	16.774	2.264	17.314	0.039	0.983	6000.0
987	3.138	10.734	1.274	10.386	0.027	0.993	6000.0
988	5.338	18.25	2.161	18.09	0.042	0.978	6000.0
989	4.733	16.218	1.981	15.695	0.031	0.985	6000.0
990	4.802	16.418	2.016	15.26	0.048	0.983	6000.0
991	4.897	16.802	2.087	17.377	0.042	0.982	6000.0
992	4.431	15.136	1.941	16.103	0.033	0.981	6000.0
993	3.584	12.242	1.548	12.872	0.028	0.987	6000.0
994	5.601	19.075	2.437	20.096	0.031	0.974	7000.0
995	3.161	10.817	1.461	11.743	0.015	0.991	6000.0
996	3.529	11.995	1.457	11.346	0.03	0.991	6000.0
997	3.524	12.074	1.62	13.269	0.033	0.988	6000.0
998	4.371	15.026	1.769	14.317	0.031	0.987	6000.0
999	4.659	15.89	1.955	15.847	0.04	0.984	6000.0
1000	4.982	17.142	2.161	16.221	0.039	0.984	6000.0
