NMF_Replicate	L1	L1 %	L2	L2 %	KL Divergence	Correlation	Convergence Iterations
1	9.727	33.459	3.912	31.186	0.127	0.938	6000.0
2	10.324	35.55	4.457	33.933	0.132	0.93	6000.0
3	8.96	30.665	3.933	33.132	0.109	0.927	6000.0
4	11.881	40.832	4.771	38.036	0.159	0.913	6000.0
5	9.608	32.904	4.153	33.12	0.11	0.932	6000.0
6	11.359	39.071	4.721	37.47	0.167	0.908	6000.0
7	9.769	33.617	4.121	32.317	0.109	0.943	6000.0
8	9.654	33.159	4.017	30.691	0.109	0.941	6000.0
9	10.168	34.796	4.491	35.433	0.104	0.928	6000.0
10	8.967	30.696	3.564	26.704	0.111	0.959	6000.0
11	8.638	29.681	3.598	29.738	0.112	0.943	6000.0
12	9.691	33.075	4.126	32.752	0.112	0.935	6000.0
13	9.561	32.858	3.879	30.514	0.114	0.945	6000.0
14	8.776	30.025	3.676	29.522	0.087	0.947	6000.0
15	9.767	33.4	4.248	32.689	0.107	0.936	6000.0
16	10.041	34.393	4.238	33.999	0.122	0.921	6000.0
17	10.311	35.321	4.258	34.423	0.138	0.918	6000.0
18	9.274	31.771	3.574	28.87	0.105	0.948	6000.0
19	10.647	36.356	4.682	36.12	0.136	0.924	6000.0
20	9.246	31.682	3.778	29.799	0.115	0.95	6000.0
21	10.054	34.563	3.992	32.588	0.127	0.933	6000.0
22	9.347	32.009	3.788	30.528	0.123	0.946	6000.0
23	9.532	32.722	3.893	31.171	0.109	0.944	6000.0
24	9.697	33.411	3.947	32.619	0.115	0.932	6000.0
25	10.763	36.97	4.422	36.418	0.134	0.921	6000.0
26	10.349	35.398	4.481	35.373	0.12	0.924	6000.0
27	9.015	30.965	3.701	29.912	0.111	0.95	6000.0
28	9.484	32.49	4.108	33.077	0.129	0.934	6000.0
29	8.634	29.619	3.629	29.713	0.107	0.939	6000.0
30	10.866	37.144	4.623	36.426	0.14	0.924	6000.0
31	8.715	29.809	3.663	28.975	0.082	0.947	6000.0
32	9.572	32.708	4.069	33.17	0.099	0.932	6000.0
33	8.688	29.675	3.488	27.25	0.116	0.957	6000.0
34	7.984	27.342	3.259	27.106	0.093	0.955	6000.0
35	8.987	30.952	3.801	32.089	0.126	0.935	6000.0
36	8.577	29.424	3.584	28.096	0.093	0.951	6000.0
37	11.241	38.511	4.831	38.29	0.145	0.908	6000.0
38	9.804	33.656	4.013	32.078	0.107	0.934	6000.0
39	10.388	35.292	4.087	32.923	0.154	0.916	6000.0
40	8.952	30.74	3.719	29.819	0.092	0.94	6000.0
41	9.872	33.866	4.056	32.609	0.119	0.935	6000.0
42	10.754	36.78	4.617	36.283	0.124	0.925	6000.0
43	9.649	33.082	3.815	30.462	0.127	0.941	6000.0
44	9.994	34.217	4.159	31.934	0.128	0.934	6000.0
45	10.378	35.733	4.603	35.39	0.121	0.918	6000.0
46	9.446	32.304	4.149	32.553	0.1	0.934	6000.0
47	11.108	37.935	4.502	35.571	0.127	0.92	6000.0
48	10.051	34.631	4.101	33.075	0.143	0.924	6000.0
49	9.303	31.893	3.831	29.55	0.115	0.942	6000.0
50	8.726	29.843	3.521	27.694	0.103	0.954	6000.0
51	7.987	27.354	3.272	26.712	0.093	0.953	6000.0
52	10.691	36.589	4.76	38.15	0.137	0.914	6000.0
53	9.623	33.034	3.81	31.69	0.118	0.931	6000.0
54	8.76	30.118	3.691	30.467	0.093	0.943	6000.0
55	8.6	29.577	3.545	29.334	0.08	0.947	6000.0
56	10.103	34.636	4.155	32.861	0.117	0.935	6000.0
57	9.538	32.832	4.137	31.994	0.124	0.936	6000.0
58	9.351	32.028	3.953	31.66	0.121	0.934	6000.0
59	9.933	34.038	3.73	31.223	0.122	0.935	6000.0
60	9.067	31.065	3.993	31.197	0.102	0.947	6000.0
61	10.518	36.014	4.181	32.906	0.14	0.932	6000.0
62	8.54	29.402	3.423	28.248	0.101	0.946	6000.0
63	8.886	30.435	3.461	28.956	0.113	0.944	6000.0
64	10.38	35.672	4.086	33.108	0.128	0.932	6000.0
65	11.935	40.881	4.948	38.841	0.165	0.905	6000.0
66	10.044	34.441	3.966	31.911	0.126	0.936	6000.0
67	8.828	30.313	3.501	28.324	0.114	0.95	8000.0
68	11.191	38.208	4.459	36.396	0.143	0.909	6000.0
69	10.071	34.406	4.465	35.852	0.111	0.92	6000.0
70	10.1	34.549	4.378	33.386	0.115	0.927	6000.0
71	9.241	31.659	3.934	31.922	0.112	0.936	6000.0
72	9.193	31.569	3.623	29.61	0.114	0.947	6000.0
73	8.987	30.95	3.756	29.673	0.115	0.936	6000.0
74	10.547	36.3	4.282	34.872	0.144	0.922	6000.0
75	10.031	34.332	4.147	32.469	0.131	0.939	6000.0
76	10.372	35.632	4.095	33.042	0.142	0.931	6000.0
77	8.928	30.499	3.743	29.132	0.098	0.945	6000.0
78	10.176	34.942	4.36	34.873	0.145	0.925	6000.0
79	8.746	29.976	3.341	28.202	0.105	0.949	6000.0
80	9.768	33.432	4.117	32.781	0.132	0.932	6000.0
81	9.993	34.231	4.008	32.713	0.102	0.938	6000.0
82	9.874	33.907	3.883	31.378	0.137	0.939	6000.0
83	7.954	27.24	3.082	25.577	0.085	0.958	6000.0
84	10.54	36.106	4.544	35.993	0.15	0.92	6000.0
85	7.815	26.868	3.23	26.08	0.104	0.955	6000.0
86	9.206	31.685	3.91	30.606	0.128	0.938	6000.0
87	8.807	30.27	3.791	30.575	0.103	0.945	6000.0
88	7.931	27.098	3.309	27.462	0.092	0.948	6000.0
89	9.685	33.184	4.016	31.495	0.103	0.941	6000.0
90	10.048	34.333	4.107	33.42	0.11	0.931	6000.0
91	9.98	34.138	4.283	33.848	0.133	0.93	6000.0
92	8.341	28.531	3.517	28.418	0.091	0.956	6000.0
93	9.684	33.097	4.03	33.046	0.104	0.935	6000.0
94	9.157	31.47	3.818	31.353	0.104	0.938	6000.0
95	10.568	36.316	4.488	35.76	0.138	0.909	6000.0
96	8.627	29.559	3.45	27.767	0.111	0.954	6000.0
97	9.277	31.851	3.877	31.023	0.123	0.94	6000.0
98	9.048	31.021	3.685	30.0	0.103	0.943	6000.0
99	8.442	28.975	3.39	27.847	0.1	0.948	6000.0
100	8.226	28.23	3.329	27.331	0.083	0.954	6000.0
101	9.27	31.571	3.802	30.645	0.115	0.938	6000.0
102	10.271	35.323	4.135	34.905	0.133	0.918	6000.0
103	10.92	37.444	4.656	36.276	0.143	0.914	6000.0
104	8.947	30.85	3.595	29.952	0.107	0.942	6000.0
105	8.73	29.878	3.432	28.98	0.088	0.947	6000.0
106	8.481	29.159	3.453	28.464	0.091	0.954	6000.0
107	10.527	36.046	4.292	35.5	0.14	0.921	6000.0
108	8.78	30.213	3.646	28.585	0.104	0.954	6000.0
109	10.499	35.889	4.345	34.241	0.14	0.925	6000.0
110	8.522	29.27	3.329	26.566	0.107	0.959	6000.0
111	10.659	36.629	4.36	36.39	0.125	0.919	6000.0
112	9.712	33.329	4.263	34.473	0.134	0.924	6000.0
113	12.215	41.939	4.905	38.019	0.17	0.906	6000.0
114	10.491	35.868	4.342	34.266	0.132	0.925	6000.0
115	11.065	37.911	5.068	39.165	0.147	0.908	6000.0
116	8.67	29.62	3.702	30.273	0.107	0.937	6000.0
117	10.161	34.754	4.343	33.004	0.124	0.932	6000.0
118	8.148	28.011	3.335	27.822	0.086	0.952	6000.0
119	8.913	30.5	3.57	28.375	0.115	0.951	6000.0
120	9.258	31.658	3.97	31.958	0.101	0.941	6000.0
121	8.996	30.748	3.744	31.096	0.104	0.942	6000.0
122	8.283	28.289	3.48	27.473	0.098	0.952	6000.0
123	9.219	31.686	4.062	33.508	0.098	0.933	6000.0
124	10.143	34.614	4.558	34.865	0.117	0.928	6000.0
125	9.849	33.699	4.068	32.012	0.121	0.94	6000.0
126	10.869	37.269	4.65	35.793	0.132	0.92	6000.0
127	9.076	31.073	3.784	29.772	0.113	0.948	6000.0
128	10.613	36.334	4.495	33.684	0.124	0.935	6000.0
129	8.432	28.762	3.345	26.829	0.1	0.95	6000.0
130	8.682	29.798	3.868	30.045	0.094	0.946	6000.0
131	9.113	31.192	3.957	31.254	0.102	0.943	6000.0
132	9.726	33.183	4.14	32.378	0.11	0.937	6000.0
133	10.341	35.432	4.39	35.515	0.123	0.926	6000.0
134	10.457	35.856	4.688	34.987	0.129	0.927	6000.0
135	7.619	26.035	3.376	28.384	0.074	0.944	6000.0
136	9.76	33.561	4.129	33.639	0.119	0.927	6000.0
137	8.165	28.039	3.418	26.939	0.097	0.956	6000.0
138	9.335	31.907	3.885	31.662	0.097	0.94	6000.0
139	9.564	32.783	4.099	32.413	0.117	0.938	6000.0
140	7.727	26.44	2.978	23.0	0.093	0.967	6000.0
141	8.562	29.311	3.745	28.472	0.094	0.95	6000.0
142	9.504	32.603	4.047	31.688	0.125	0.937	6000.0
143	9.237	31.855	3.668	29.93	0.112	0.937	6000.0
144	9.07	31.003	3.943	30.237	0.099	0.938	7000.0
145	8.727	29.864	3.642	29.746	0.11	0.948	6000.0
146	9.612	32.868	4.044	32.361	0.136	0.931	6000.0
147	10.528	36.053	4.458	34.666	0.139	0.93	6000.0
148	9.918	33.848	4.218	33.505	0.113	0.932	6000.0
149	10.04	34.424	3.953	31.992	0.127	0.932	6000.0
150	11.637	39.917	4.928	38.217	0.141	0.912	6000.0
151	10.059	34.451	4.074	33.088	0.126	0.932	6000.0
152	9.961	34.098	4.125	32.38	0.118	0.937	6000.0
153	9.192	31.527	3.865	31.306	0.107	0.942	6000.0
154	9.677	33.179	3.943	31.612	0.1	0.938	6000.0
155	8.145	27.851	3.235	25.725	0.104	0.959	6000.0
156	9.195	31.41	4.008	30.828	0.107	0.944	6000.0
157	8.998	30.702	3.833	29.505	0.097	0.944	6000.0
158	9.285	31.96	3.801	31.251	0.106	0.939	6000.0
159	9.941	33.934	4.144	32.629	0.111	0.935	6000.0
160	8.617	29.58	3.385	28.476	0.094	0.951	6000.0
161	9.999	34.455	4.171	33.919	0.116	0.917	6000.0
162	9.464	32.588	4.185	31.941	0.127	0.924	6000.0
163	9.948	34.025	4.283	33.817	0.135	0.932	6000.0
164	9.027	30.888	3.745	30.186	0.1	0.938	6000.0
165	9.849	33.649	3.966	32.22	0.118	0.94	6000.0
166	7.612	26.083	3.032	24.929	0.082	0.964	6000.0
167	8.627	29.559	3.457	26.397	0.103	0.957	6000.0
168	8.689	29.769	3.54	28.387	0.096	0.952	6000.0
169	9.896	33.942	4.046	32.392	0.132	0.933	6000.0
170	9.326	31.975	3.935	31.235	0.109	0.94	6000.0
171	9.776	33.353	4.088	33.093	0.128	0.928	6000.0
172	9.685	33.29	3.698	30.282	0.125	0.942	6000.0
173	7.115	24.284	2.696	21.838	0.068	0.972	6000.0
174	10.7	36.461	4.449	34.102	0.134	0.933	6000.0
175	8.631	29.576	3.43	29.123	0.105	0.945	6000.0
176	10.475	35.816	4.241	34.593	0.109	0.923	6000.0
177	8.542	29.282	3.505	28.454	0.096	0.946	6000.0
178	8.709	29.78	3.568	28.369	0.092	0.948	6000.0
179	8.744	29.974	3.782	30.665	0.094	0.942	6000.0
180	9.307	31.726	3.804	30.036	0.116	0.943	6000.0
181	10.551	36.332	4.344	34.74	0.14	0.925	6000.0
182	9.341	32.04	4.05	33.383	0.104	0.93	6000.0
183	9.491	32.566	3.794	30.872	0.122	0.94	6000.0
184	9.915	34.077	4.118	33.058	0.12	0.924	6000.0
185	9.713	33.312	4.057	33.072	0.115	0.931	6000.0
186	10.153	34.673	4.345	33.137	0.122	0.931	6000.0
187	7.905	27.102	3.417	26.01	0.093	0.955	6000.0
188	8.957	30.782	3.501	28.704	0.118	0.952	6000.0
189	9.812	33.475	4.286	34.592	0.125	0.922	6000.0
190	9.746	33.495	3.908	31.539	0.117	0.942	6000.0
191	8.09	27.781	3.273	25.632	0.086	0.96	6000.0
192	9.314	31.944	3.824	31.057	0.101	0.937	6000.0
193	10.287	35.241	4.315	35.128	0.133	0.922	6000.0
194	8.186	28.06	3.475	27.155	0.095	0.957	6000.0
195	11.25	38.684	4.747	38.131	0.144	0.912	6000.0
196	8.964	30.644	4.051	31.954	0.099	0.933	6000.0
197	9.064	30.978	3.643	28.296	0.128	0.955	6000.0
198	9.502	32.496	3.986	30.545	0.107	0.938	6000.0
199	11.053	37.844	4.919	36.939	0.143	0.91	6000.0
200	8.873	30.25	3.787	30.184	0.103	0.946	6000.0
201	10.918	37.299	4.718	36.724	0.124	0.916	6000.0
202	9.632	32.956	4.167	32.303	0.111	0.933	6000.0
203	9.413	32.201	3.868	30.89	0.114	0.939	6000.0
204	9.127	31.3	3.762	30.636	0.111	0.936	6000.0
205	8.258	28.284	3.236	26.269	0.111	0.957	6000.0
206	9.258	31.533	3.703	28.89	0.115	0.945	6000.0
207	9.409	32.121	3.942	30.254	0.121	0.944	6000.0
208	8.908	30.701	3.736	29.633	0.1	0.946	6000.0
209	9.729	33.225	4.108	32.401	0.118	0.936	6000.0
210	8.039	27.449	3.246	27.472	0.095	0.947	6000.0
211	10.489	35.973	4.273	34.584	0.131	0.929	6000.0
212	9.929	33.926	4.359	31.599	0.136	0.939	6000.0
213	10.375	35.312	4.401	34.14	0.134	0.924	6000.0
214	9.714	33.358	4.051	33.258	0.112	0.929	6000.0
215	8.695	29.776	3.787	29.12	0.107	0.947	6000.0
216	8.026	27.488	3.331	26.282	0.091	0.959	6000.0
217	10.845	37.194	4.695	36.799	0.124	0.917	6000.0
218	10.603	36.189	4.386	35.509	0.132	0.917	6000.0
219	10.211	34.889	4.17	31.863	0.14	0.943	7000.0
220	9.477	32.297	3.901	30.802	0.1	0.94	6000.0
221	9.552	32.793	3.964	30.535	0.107	0.942	6000.0
222	9.96	34.188	4.275	33.236	0.118	0.93	6000.0
223	10.446	35.791	4.373	34.71	0.126	0.926	6000.0
224	9.355	32.055	3.939	31.11	0.132	0.932	6000.0
225	9.755	33.412	4.224	33.581	0.119	0.929	6000.0
226	8.228	28.185	3.341	26.009	0.1	0.958	6000.0
227	8.58	29.454	3.695	30.018	0.099	0.948	6000.0
228	9.396	32.216	3.896	31.272	0.104	0.939	6000.0
229	8.482	29.167	3.425	28.247	0.093	0.952	6000.0
230	9.267	31.726	3.913	31.084	0.114	0.944	8000.0
231	8.241	28.24	3.362	25.891	0.108	0.959	6000.0
232	10.508	35.913	4.487	35.441	0.118	0.922	6000.0
233	8.06	27.707	3.209	24.852	0.106	0.961	6000.0
234	11.287	38.698	4.641	36.035	0.165	0.922	6000.0
235	11.14	38.242	4.888	37.444	0.136	0.916	6000.0
236	8.989	30.826	3.571	29.53	0.119	0.942	6000.0
237	11.788	40.216	4.691	36.938	0.153	0.912	6000.0
238	10.743	36.663	4.566	35.65	0.125	0.92	6000.0
239	9.789	33.55	4.315	34.655	0.106	0.92	6000.0
240	11.685	40.175	5.263	39.231	0.168	0.895	6000.0
241	9.767	33.437	4.162	33.696	0.117	0.931	6000.0
242	10.348	35.569	4.108	33.939	0.129	0.925	6000.0
243	9.276	31.782	3.959	32.183	0.115	0.937	6000.0
244	10.431	35.739	4.576	35.373	0.159	0.917	6000.0
245	8.53	29.251	3.64	29.306	0.098	0.95	6000.0
246	10.399	35.645	4.38	34.627	0.134	0.924	6000.0
247	11.249	38.543	4.695	38.11	0.143	0.915	6000.0
248	10.854	37.259	4.375	33.843	0.133	0.926	6000.0
249	9.441	32.335	3.904	31.909	0.105	0.94	6000.0
250	10.114	34.553	4.732	36.135	0.138	0.914	6000.0
251	9.943	33.955	4.493	34.97	0.111	0.921	6000.0
252	9.394	32.192	4.014	33.013	0.099	0.935	6000.0
253	10.069	34.541	4.013	30.734	0.132	0.941	6000.0
254	9.574	32.727	4.006	32.012	0.125	0.938	6000.0
255	9.505	32.667	3.783	31.236	0.11	0.938	6000.0
256	10.573	36.296	4.111	32.182	0.141	0.94	6000.0
257	8.109	27.824	3.387	26.478	0.105	0.959	11000.0
258	9.196	31.414	3.706	29.591	0.112	0.945	6000.0
259	10.283	35.149	4.078	32.983	0.132	0.936	6000.0
260	8.426	28.838	3.412	28.132	0.1	0.952	6000.0
261	11.313	38.682	4.615	36.473	0.148	0.921	6000.0
262	9.501	32.565	4.03	30.038	0.11	0.952	6000.0
263	11.409	38.991	4.681	36.738	0.139	0.918	6000.0
264	10.138	34.818	4.083	31.933	0.128	0.934	6000.0
265	9.066	31.092	3.718	29.051	0.12	0.948	6000.0
266	8.631	29.691	3.296	27.343	0.119	0.944	6000.0
267	9.244	31.695	3.731	30.224	0.107	0.947	6000.0
268	9.245	31.621	3.689	29.449	0.114	0.946	6000.0
269	10.387	35.534	4.376	33.677	0.141	0.936	6000.0
270	8.989	30.865	3.812	30.559	0.099	0.944	6000.0
271	9.951	34.0	4.073	32.456	0.117	0.933	6000.0
272	8.461	29.048	3.087	26.831	0.095	0.953	6000.0
273	11.077	37.761	4.945	35.604	0.139	0.927	6000.0
274	8.976	30.766	3.602	28.47	0.105	0.951	6000.0
275	9.058	31.025	3.654	30.199	0.098	0.939	6000.0
276	8.549	29.363	3.458	27.92	0.116	0.953	6000.0
277	8.461	28.972	3.416	28.009	0.085	0.95	6000.0
278	8.882	30.398	3.906	31.24	0.105	0.941	6000.0
279	9.456	32.449	3.723	30.839	0.129	0.934	6000.0
280	7.97	27.281	3.247	26.496	0.094	0.957	6000.0
281	11.059	37.903	4.668	37.268	0.133	0.912	6000.0
282	8.719	29.833	3.505	28.824	0.096	0.939	6000.0
283	10.642	36.464	4.4	35.085	0.139	0.927	6000.0
284	9.471	32.458	4.073	31.938	0.125	0.929	6000.0
285	9.694	33.24	4.102	31.853	0.124	0.943	6000.0
286	9.576	32.909	3.974	32.885	0.125	0.936	6000.0
287	8.208	28.196	3.288	26.779	0.099	0.956	6000.0
288	9.463	32.63	3.848	31.892	0.113	0.934	6000.0
289	8.907	30.564	3.829	30.967	0.092	0.942	6000.0
290	8.398	28.917	3.4	27.779	0.096	0.948	6000.0
291	11.253	38.354	5.056	38.75	0.144	0.906	6000.0
292	10.309	35.484	4.075	33.246	0.144	0.93	6000.0
293	8.521	29.199	3.562	29.806	0.089	0.943	6000.0
294	10.4	35.589	4.077	33.349	0.13	0.931	6000.0
295	11.152	38.093	4.608	37.739	0.13	0.917	6000.0
296	11.427	39.117	4.736	35.878	0.155	0.925	6000.0
297	8.681	29.694	3.397	27.308	0.116	0.953	6000.0
298	8.726	29.882	3.523	26.03	0.115	0.954	6000.0
299	9.684	33.167	3.904	31.838	0.107	0.935	6000.0
300	9.51	32.733	3.919	30.872	0.142	0.929	6000.0
301	11.045	37.759	4.696	35.253	0.149	0.924	6000.0
302	9.564	32.819	4.094	31.279	0.136	0.944	6000.0
303	9.841	33.589	4.299	33.248	0.115	0.934	6000.0
304	10.151	34.733	4.172	34.005	0.125	0.93	6000.0
305	10.215	34.962	4.291	34.32	0.111	0.933	6000.0
306	8.73	29.945	3.559	29.566	0.098	0.944	6000.0
307	12.016	41.02	4.998	39.855	0.162	0.902	6000.0
308	9.023	30.96	3.741	29.805	0.107	0.944	6000.0
309	10.029	34.295	4.295	33.426	0.136	0.925	6000.0
310	8.539	29.263	3.445	28.119	0.09	0.956	6000.0
311	9.688	33.151	3.919	31.741	0.113	0.937	6000.0
312	9.77	33.566	4.215	34.482	0.104	0.921	6000.0
313	10.669	36.663	4.501	35.429	0.139	0.923	6000.0
314	9.115	31.196	3.712	29.19	0.108	0.947	6000.0
315	11.748	40.287	4.716	38.092	0.155	0.911	6000.0
316	10.49	35.911	4.148	33.68	0.131	0.931	6000.0
317	9.087	31.232	3.676	29.51	0.109	0.946	6000.0
318	9.503	32.556	3.864	30.91	0.099	0.943	6000.0
319	9.438	32.344	3.96	32.04	0.141	0.936	6000.0
320	9.369	32.19	4.097	32.46	0.12	0.926	6000.0
321	9.308	31.815	3.74	31.525	0.111	0.935	6000.0
322	9.315	31.844	4.183	31.437	0.115	0.944	6000.0
323	7.544	25.906	3.137	24.525	0.094	0.965	6000.0
324	8.47	29.106	3.63	28.882	0.088	0.939	6000.0
325	9.917	33.968	3.873	32.306	0.121	0.935	6000.0
326	9.758	33.45	3.924	31.032	0.118	0.943	6000.0
327	8.836	30.33	3.826	28.93	0.108	0.954	6000.0
328	10.107	34.627	4.249	32.746	0.128	0.931	6000.0
329	8.727	29.959	3.52	27.485	0.132	0.948	6000.0
330	8.441	29.045	3.554	28.664	0.107	0.948	6000.0
331	9.585	32.741	3.909	30.11	0.125	0.947	6000.0
332	9.759	33.366	4.003	30.962	0.123	0.936	6000.0
333	8.516	29.092	3.475	27.995	0.103	0.955	6000.0
334	10.133	34.668	3.968	33.176	0.121	0.933	6000.0
335	8.847	30.193	3.73	29.123	0.098	0.948	6000.0
336	9.964	34.215	3.882	31.84	0.138	0.933	6000.0
337	7.908	27.229	3.071	23.743	0.094	0.966	6000.0
338	9.677	33.035	4.204	32.254	0.108	0.936	6000.0
339	11.183	38.367	4.656	36.179	0.157	0.921	6000.0
340	9.419	32.27	3.852	31.055	0.109	0.942	6000.0
341	11.408	39.038	4.883	37.104	0.138	0.913	6000.0
342	9.956	34.034	3.907	31.929	0.108	0.944	6000.0
343	9.11	31.279	3.705	30.319	0.112	0.938	6000.0
344	9.69	33.139	4.154	34.082	0.089	0.932	6000.0
345	11.488	39.393	4.776	37.32	0.162	0.911	6000.0
346	9.508	32.512	4.098	32.796	0.11	0.932	6000.0
347	10.281	35.365	4.616	34.726	0.126	0.926	6000.0
348	9.212	31.493	4.075	31.71	0.1	0.938	6000.0
349	10.147	34.636	4.364	35.263	0.119	0.924	6000.0
350	9.057	31.097	3.609	29.903	0.126	0.943	6000.0
351	10.097	34.464	4.09	33.297	0.113	0.933	6000.0
352	11.587	39.827	4.791	37.237	0.148	0.914	6000.0
353	8.491	29.112	3.68	29.923	0.098	0.945	6000.0
354	8.7	29.827	3.329	26.611	0.098	0.959	6000.0
355	9.902	33.947	4.11	31.878	0.126	0.934	6000.0
356	9.144	31.374	3.513	27.872	0.115	0.951	6000.0
357	9.383	32.092	4.014	33.306	0.1	0.933	6000.0
358	8.184	28.088	3.515	28.247	0.094	0.952	6000.0
359	10.206	34.745	4.6	33.776	0.122	0.917	6000.0
360	9.237	31.67	3.726	29.938	0.111	0.946	6000.0
361	11.365	38.872	4.602	37.63	0.141	0.909	6000.0
362	9.828	33.599	3.931	31.282	0.106	0.943	6000.0
363	9.733	33.256	4.158	31.905	0.106	0.942	6000.0
364	9.242	31.527	3.778	30.864	0.109	0.938	6000.0
365	8.886	30.431	3.608	29.223	0.11	0.948	6000.0
366	9.095	31.165	3.798	30.754	0.093	0.942	6000.0
367	9.871	33.818	4.121	33.025	0.116	0.937	6000.0
368	8.943	30.711	3.411	28.199	0.112	0.953	6000.0
369	9.747	33.349	4.108	32.774	0.107	0.935	6000.0
370	9.866	33.824	4.114	32.967	0.114	0.936	6000.0
371	9.563	32.725	3.835	30.809	0.109	0.944	6000.0
372	10.465	35.835	4.188	33.048	0.139	0.93	6000.0
373	9.242	31.621	3.78	28.842	0.111	0.949	6000.0
374	9.759	33.421	4.191	33.433	0.112	0.933	6000.0
375	8.36	28.638	3.523	27.815	0.082	0.945	6000.0
376	9.077	31.242	3.774	31.738	0.121	0.93	6000.0
377	9.616	32.985	4.016	31.183	0.129	0.943	6000.0
378	9.272	31.731	3.852	29.855	0.109	0.948	6000.0
379	8.88	30.391	3.619	28.132	0.103	0.953	6000.0
380	9.621	32.992	4.006	32.874	0.101	0.931	6000.0
381	9.957	34.019	3.976	31.741	0.129	0.937	6000.0
382	9.469	32.489	3.799	31.491	0.109	0.937	6000.0
383	9.249	31.755	3.604	29.99	0.108	0.94	6000.0
384	8.374	28.817	3.382	27.109	0.109	0.954	6000.0
385	8.801	30.258	3.601	29.102	0.109	0.947	6000.0
386	9.148	31.288	3.976	31.865	0.106	0.939	6000.0
387	9.002	30.848	3.743	30.272	0.111	0.947	6000.0
388	7.749	26.638	3.309	27.106	0.086	0.952	6000.0
389	10.138	34.752	4.259	35.357	0.127	0.916	6000.0
390	9.48	32.533	3.962	32.443	0.103	0.929	6000.0
391	9.805	33.72	3.869	31.795	0.131	0.928	6000.0
392	9.563	32.794	4.177	32.065	0.102	0.939	6000.0
393	10.115	34.588	4.09	32.921	0.122	0.936	6000.0
394	9.753	33.483	4.463	34.376	0.126	0.922	6000.0
395	8.913	30.532	3.709	29.094	0.101	0.949	6000.0
396	8.579	29.443	3.645	27.797	0.099	0.953	6000.0
397	9.816	33.537	4.003	31.689	0.11	0.939	6000.0
398	10.253	35.108	4.583	34.644	0.118	0.924	6000.0
399	9.969	34.13	4.124	32.28	0.134	0.927	6000.0
400	10.86	37.185	4.454	36.319	0.124	0.92	6000.0
401	10.366	35.388	4.324	34.555	0.119	0.928	6000.0
402	9.063	30.991	3.778	30.577	0.127	0.938	6000.0
403	8.42	29.008	3.519	28.584	0.125	0.948	6000.0
404	9.187	31.367	3.865	30.613	0.123	0.943	6000.0
405	10.855	37.009	4.673	36.676	0.135	0.92	6000.0
406	10.295	35.158	4.159	33.203	0.137	0.935	6000.0
407	8.468	29.008	3.512	28.561	0.104	0.951	6000.0
408	10.362	35.645	4.095	34.427	0.12	0.928	6000.0
409	8.89	30.429	3.645	28.05	0.11	0.954	6000.0
410	9.302	31.905	3.802	29.514	0.107	0.948	6000.0
411	10.41	35.833	4.325	34.611	0.139	0.918	6000.0
412	11.286	38.655	4.441	35.115	0.145	0.927	6000.0
413	7.921	27.172	3.292	26.95	0.101	0.954	6000.0
414	9.455	32.267	4.151	33.501	0.101	0.932	6000.0
415	7.717	26.393	3.248	26.07	0.075	0.959	6000.0
416	9.706	33.251	3.848	31.431	0.124	0.934	6000.0
417	9.998	34.119	4.122	32.317	0.124	0.936	6000.0
418	10.474	35.94	4.299	34.864	0.129	0.922	6000.0
419	8.603	29.559	3.867	30.636	0.111	0.938	6000.0
420	10.614	36.222	4.379	34.916	0.131	0.924	6000.0
421	8.377	28.836	3.581	29.126	0.109	0.947	6000.0
422	9.312	32.011	3.843	29.93	0.116	0.939	6000.0
423	8.987	30.656	3.428	28.18	0.098	0.948	6000.0
424	8.785	30.072	3.524	29.06	0.103	0.943	6000.0
425	10.224	35.02	4.481	33.546	0.124	0.93	6000.0
426	9.341	32.02	3.775	29.976	0.115	0.937	6000.0
427	10.028	34.247	4.261	30.543	0.128	0.938	6000.0
428	9.729	33.128	4.313	33.34	0.132	0.933	6000.0
429	8.931	30.565	3.592	29.702	0.114	0.94	6000.0
430	9.327	31.86	4.0	32.219	0.102	0.932	6000.0
431	9.11	31.324	3.791	31.225	0.1	0.938	6000.0
432	11.899	40.862	5.089	39.566	0.155	0.901	6000.0
433	7.434	25.483	3.087	24.907	0.086	0.962	6000.0
434	9.145	31.545	3.749	30.995	0.109	0.937	6000.0
435	9.081	31.155	3.96	30.94	0.118	0.942	6000.0
436	10.862	37.358	4.345	33.079	0.154	0.932	6000.0
437	8.607	29.526	3.84	30.713	0.094	0.938	6000.0
438	10.837	37.155	4.393	34.84	0.143	0.927	6000.0
439	10.973	37.572	4.585	36.12	0.125	0.916	6000.0
440	9.22	31.577	3.831	30.444	0.126	0.945	6000.0
441	12.339	42.268	5.331	41.676	0.161	0.883	6000.0
442	10.294	35.306	4.395	34.479	0.139	0.919	6000.0
443	9.667	33.301	3.72	30.148	0.127	0.936	6000.0
444	10.247	35.123	4.029	33.445	0.131	0.93	6000.0
445	8.858	30.421	3.861	29.685	0.097	0.94	6000.0
446	9.635	33.069	4.007	32.678	0.13	0.927	6000.0
447	10.281	35.108	4.073	31.606	0.13	0.941	6000.0
448	10.474	35.904	4.46	35.664	0.131	0.924	6000.0
449	8.347	28.621	3.561	29.223	0.087	0.945	6000.0
450	9.759	33.453	4.162	32.563	0.119	0.936	6000.0
451	12.169	41.628	5.085	38.938	0.158	0.904	6000.0
452	9.609	32.854	4.053	33.091	0.107	0.932	6000.0
453	11.042	37.841	4.575	34.46	0.129	0.928	6000.0
454	9.764	33.448	4.258	33.537	0.12	0.935	6000.0
455	8.355	28.64	3.265	26.299	0.094	0.956	6000.0
456	9.635	33.171	3.8	31.015	0.11	0.937	6000.0
457	11.068	37.828	4.89	36.719	0.136	0.925	6000.0
458	9.641	33.013	3.796	30.304	0.094	0.946	6000.0
459	11.286	38.731	4.359	35.1	0.124	0.918	6000.0
460	9.575	32.723	3.958	31.374	0.111	0.94	6000.0
461	9.68	33.172	4.094	32.62	0.13	0.932	6000.0
462	11.005	37.737	4.456	36.315	0.14	0.914	6000.0
463	10.576	36.287	4.464	35.393	0.125	0.923	6000.0
464	10.88	37.341	4.447	34.644	0.138	0.926	6000.0
465	9.298	31.82	4.049	32.887	0.103	0.929	6000.0
466	8.758	29.939	3.706	29.448	0.103	0.945	6000.0
467	8.71	29.972	3.52	29.037	0.108	0.944	6000.0
468	8.914	30.358	4.028	31.128	0.103	0.944	6000.0
469	8.897	30.522	3.698	29.284	0.105	0.946	6000.0
470	10.813	37.06	4.669	38.09	0.139	0.905	6000.0
471	9.202	31.404	3.816	30.252	0.104	0.942	6000.0
472	11.024	37.796	4.782	37.731	0.138	0.917	6000.0
473	9.276	31.699	3.846	30.635	0.108	0.94	6000.0
474	8.044	27.569	3.185	25.005	0.103	0.958	6000.0
475	10.852	37.021	4.65	35.322	0.159	0.922	6000.0
476	8.903	30.398	3.51	28.318	0.109	0.947	6000.0
477	9.388	32.172	3.845	30.872	0.105	0.947	6000.0
478	9.275	31.925	3.948	31.152	0.12	0.938	6000.0
479	10.155	34.786	4.299	33.913	0.134	0.93	6000.0
480	10.026	34.126	4.366	33.514	0.121	0.93	6000.0
481	9.178	31.522	3.857	32.228	0.11	0.932	6000.0
482	8.607	29.418	3.474	27.148	0.095	0.957	6000.0
483	9.579	32.898	3.891	31.282	0.123	0.94	6000.0
484	9.096	31.064	3.736	29.61	0.107	0.942	6000.0
485	9.33	31.857	3.678	30.864	0.114	0.941	6000.0
486	9.215	31.444	3.791	30.13	0.09	0.941	6000.0
487	8.455	28.91	3.498	28.577	0.085	0.954	6000.0
488	10.523	36.1	4.533	36.792	0.143	0.917	6000.0
489	9.313	31.944	4.109	32.309	0.101	0.935	6000.0
490	9.85	33.903	3.726	30.326	0.129	0.938	6000.0
491	9.235	31.644	3.808	31.096	0.106	0.933	6000.0
492	7.264	24.92	3.037	25.818	0.072	0.956	6000.0
493	10.292	35.381	4.061	33.576	0.129	0.925	6000.0
494	9.964	34.093	4.168	33.414	0.108	0.925	6000.0
495	11.248	38.491	5.099	38.927	0.155	0.9	6000.0
496	9.185	31.587	3.882	30.57	0.115	0.939	7000.0
497	10.715	36.779	4.49	35.587	0.144	0.917	6000.0
498	8.069	27.625	3.38	26.966	0.103	0.955	6000.0
499	10.225	35.086	4.288	34.128	0.116	0.932	6000.0
500	9.313	31.866	3.734	31.504	0.118	0.943	6000.0
501	10.476	35.842	4.653	35.471	0.143	0.927	6000.0
502	8.301	28.589	3.374	27.024	0.088	0.949	6000.0
503	7.367	25.432	3.307	26.989	0.066	0.954	6000.0
504	9.476	32.547	3.735	29.675	0.12	0.935	6000.0
505	8.848	30.181	3.459	29.011	0.084	0.945	6000.0
506	9.387	32.336	4.009	31.984	0.108	0.938	6000.0
507	9.455	32.36	3.767	30.893	0.109	0.942	6000.0
508	8.752	29.949	3.486	28.658	0.112	0.942	6000.0
509	9.564	32.711	4.068	32.813	0.125	0.933	6000.0
510	9.32	31.965	3.908	31.226	0.102	0.947	6000.0
511	9.483	32.35	3.768	28.66	0.116	0.953	6000.0
512	9.237	31.719	3.815	30.581	0.118	0.943	6000.0
513	8.46	28.939	3.448	27.824	0.098	0.955	6000.0
514	10.138	34.641	4.157	34.207	0.112	0.925	6000.0
515	9.698	33.349	3.978	31.078	0.119	0.938	6000.0
516	9.315	31.852	3.844	30.378	0.113	0.942	6000.0
517	8.196	28.253	3.391	27.001	0.116	0.952	6000.0
518	10.312	35.308	4.255	33.956	0.123	0.927	6000.0
519	10.136	34.725	4.144	32.596	0.119	0.936	6000.0
520	8.363	28.696	3.311	27.547	0.088	0.953	6000.0
521	8.535	29.311	3.607	28.233	0.108	0.954	6000.0
522	8.779	30.263	3.503	28.798	0.094	0.945	6000.0
523	7.5	25.743	3.086	24.009	0.105	0.962	6000.0
524	8.997	30.742	3.667	30.251	0.097	0.938	6000.0
525	9.686	33.232	4.047	31.512	0.129	0.938	6000.0
526	9.156	31.355	3.852	30.733	0.114	0.939	6000.0
527	9.811	33.615	4.136	32.71	0.121	0.933	6000.0
528	8.808	30.067	3.606	29.057	0.109	0.941	6000.0
529	9.426	32.322	3.938	31.326	0.116	0.944	6000.0
530	9.571	32.78	3.79	30.271	0.109	0.94	6000.0
531	9.272	31.746	3.826	29.965	0.103	0.947	6000.0
532	10.695	36.583	4.412	34.9	0.136	0.932	6000.0
533	10.921	37.45	4.444	35.046	0.156	0.919	6000.0
534	9.972	34.171	4.016	31.993	0.107	0.939	6000.0
535	9.519	32.842	4.039	31.325	0.12	0.934	6000.0
536	8.389	28.716	3.438	27.183	0.099	0.957	6000.0
537	9.886	33.798	4.098	31.016	0.145	0.94	6000.0
538	9.52	32.641	3.821	31.01	0.119	0.939	9000.0
539	10.973	37.469	4.895	36.77	0.137	0.92	6000.0
540	10.02	34.421	4.168	33.095	0.121	0.927	6000.0
541	10.886	37.261	4.449	36.316	0.139	0.922	6000.0
542	8.623	29.502	3.67	28.935	0.109	0.948	6000.0
543	10.735	36.732	4.585	36.557	0.136	0.919	6000.0
544	9.454	32.31	4.024	32.322	0.096	0.936	6000.0
545	11.603	39.656	4.938	39.225	0.156	0.904	6000.0
546	7.998	27.466	3.272	25.618	0.092	0.959	6000.0
547	8.318	28.532	3.464	26.285	0.092	0.959	6000.0
548	9.415	32.331	3.741	30.125	0.126	0.944	7000.0
549	10.223	35.131	4.178	32.875	0.132	0.929	7000.0
550	8.552	29.261	3.425	27.943	0.106	0.951	6000.0
551	9.092	31.209	3.599	29.332	0.104	0.947	6000.0
552	9.468	32.499	3.728	31.179	0.109	0.937	6000.0
553	8.478	29.032	3.759	29.423	0.126	0.941	6000.0
554	10.139	34.727	4.189	33.714	0.122	0.929	6000.0
555	7.737	26.478	3.109	26.268	0.088	0.954	6000.0
556	8.829	30.285	3.862	30.624	0.106	0.943	6000.0
557	8.274	28.257	3.186	26.735	0.086	0.952	6000.0
558	9.715	33.23	4.087	31.764	0.108	0.933	6000.0
559	9.086	31.01	3.7	30.594	0.093	0.941	6000.0
560	9.286	31.79	3.774	31.078	0.114	0.933	6000.0
561	9.134	31.291	3.678	29.712	0.116	0.947	6000.0
562	7.907	27.225	3.27	27.401	0.093	0.949	6000.0
563	8.889	30.52	3.834	31.57	0.088	0.936	6000.0
564	8.426	28.774	3.466	27.519	0.095	0.954	6000.0
565	9.264	31.812	3.947	31.529	0.113	0.934	6000.0
566	9.594	32.781	3.814	29.683	0.124	0.951	6000.0
567	8.665	29.678	3.368	26.665	0.114	0.963	6000.0
568	10.416	35.905	4.461	33.21	0.156	0.932	6000.0
569	10.88	37.172	4.657	35.461	0.129	0.928	6000.0
570	9.961	33.932	4.227	33.435	0.122	0.93	6000.0
571	8.737	29.846	3.49	27.915	0.101	0.94	6000.0
572	9.161	31.452	3.817	30.726	0.106	0.944	6000.0
573	8.068	27.685	3.426	28.373	0.09	0.95	6000.0
574	8.132	28.015	3.247	27.017	0.102	0.944	6000.0
575	9.295	31.841	3.617	30.447	0.104	0.94	6000.0
576	9.983	34.139	4.325	32.604	0.112	0.932	6000.0
577	9.607	32.926	3.857	32.379	0.115	0.934	6000.0
578	11.128	38.133	4.511	36.242	0.158	0.916	6000.0
579	7.955	27.233	3.199	26.678	0.09	0.953	6000.0
580	10.125	34.7	4.175	33.39	0.128	0.933	6000.0
581	9.88	33.843	4.289	33.03	0.114	0.934	6000.0
582	10.464	35.935	4.372	34.808	0.14	0.919	6000.0
583	7.586	25.997	3.145	24.621	0.083	0.964	6000.0
584	9.023	30.88	3.699	29.588	0.102	0.945	6000.0
585	9.602	32.909	3.955	32.509	0.114	0.935	6000.0
586	9.437	32.343	3.728	30.627	0.117	0.949	6000.0
587	10.637	36.479	4.2	33.251	0.136	0.932	6000.0
588	9.559	32.755	3.821	30.536	0.121	0.94	6000.0
589	8.451	29.05	3.434	28.411	0.079	0.951	6000.0
590	9.39	32.168	3.662	29.502	0.112	0.946	6000.0
591	10.003	34.266	4.012	31.661	0.125	0.944	6000.0
592	9.792	33.442	4.156	33.196	0.126	0.93	6000.0
593	10.781	36.84	4.822	37.603	0.128	0.915	6000.0
594	9.163	31.223	3.646	29.574	0.111	0.944	6000.0
595	11.021	37.703	5.01	38.03	0.133	0.915	6000.0
596	10.335	35.362	4.284	33.956	0.111	0.928	6000.0
597	11.576	39.604	4.925	38.028	0.156	0.913	6000.0
598	11.295	38.588	4.575	37.121	0.136	0.914	6000.0
599	9.63	32.909	4.089	32.842	0.1	0.932	6000.0
600	9.55	32.726	3.843	31.852	0.108	0.939	6000.0
601	11.872	40.686	4.817	37.664	0.155	0.912	6000.0
602	9.882	33.828	4.03	31.524	0.117	0.938	6000.0
603	11.535	39.529	4.682	36.907	0.141	0.913	6000.0
604	9.352	31.982	3.795	29.508	0.12	0.948	6000.0
605	11.242	38.606	4.629	37.492	0.144	0.919	6000.0
606	10.108	34.74	4.019	32.822	0.121	0.935	6000.0
607	8.986	30.682	3.482	26.544	0.119	0.958	6000.0
608	10.046	34.504	4.06	32.141	0.138	0.938	6000.0
609	10.069	34.511	4.037	32.872	0.124	0.936	6000.0
610	6.899	23.614	2.636	21.054	0.089	0.973	6000.0
611	9.499	32.536	4.075	33.604	0.132	0.922	6000.0
612	9.461	32.227	3.893	29.823	0.115	0.947	6000.0
613	9.125	31.363	3.715	31.242	0.111	0.932	6000.0
614	10.754	36.67	4.231	34.106	0.141	0.923	6000.0
615	11.494	39.343	4.869	38.234	0.162	0.914	6000.0
616	10.757	36.851	4.731	36.015	0.162	0.91	6000.0
617	8.103	27.813	3.305	26.586	0.108	0.956	6000.0
618	9.591	32.923	3.814	31.5	0.117	0.934	6000.0
619	9.618	33.054	3.854	31.257	0.128	0.939	6000.0
620	9.328	32.082	3.914	30.655	0.115	0.943	6000.0
621	9.863	33.697	4.388	32.326	0.138	0.933	6000.0
622	8.592	29.49	3.393	27.937	0.101	0.953	6000.0
623	10.853	37.18	4.184	33.533	0.153	0.927	6000.0
624	8.178	28.013	3.492	29.106	0.1	0.944	6000.0
625	10.898	37.218	4.284	34.542	0.143	0.929	6000.0
626	9.244	31.667	3.66	29.957	0.102	0.946	6000.0
627	9.281	31.922	3.779	30.548	0.108	0.937	6000.0
628	9.723	33.439	4.129	33.541	0.118	0.927	6000.0
629	9.269	31.785	4.106	31.846	0.114	0.945	6000.0
630	9.267	31.767	3.889	30.531	0.116	0.944	6000.0
631	8.27	28.499	3.559	28.659	0.088	0.947	6000.0
632	9.886	34.04	4.391	35.178	0.141	0.915	6000.0
633	10.071	34.507	4.25	33.866	0.122	0.931	6000.0
634	10.257	35.051	4.466	34.805	0.125	0.925	6000.0
635	9.876	33.902	4.15	34.372	0.106	0.923	6000.0
636	7.928	27.224	3.284	26.837	0.097	0.956	6000.0
637	9.42	32.214	4.217	31.168	0.12	0.946	6000.0
638	9.619	33.029	3.627	30.277	0.111	0.938	6000.0
639	9.58	32.795	3.905	31.356	0.122	0.935	6000.0
640	10.786	36.995	4.494	35.113	0.134	0.926	6000.0
641	8.576	29.345	3.559	27.957	0.101	0.951	6000.0
642	9.78	33.509	4.131	34.111	0.116	0.928	6000.0
643	8.247	28.164	3.252	26.595	0.09	0.951	6000.0
644	10.346	35.518	4.285	34.199	0.121	0.926	6000.0
645	7.989	27.358	3.309	24.936	0.091	0.964	6000.0
646	8.643	29.552	3.528	28.124	0.1	0.952	6000.0
647	9.845	33.647	4.091	32.214	0.122	0.939	6000.0
648	10.019	34.403	4.338	34.82	0.117	0.921	6000.0
649	9.58	32.817	3.952	31.633	0.111	0.94	6000.0
650	9.404	32.436	4.093	31.285	0.122	0.937	6000.0
651	11.089	37.992	4.601	35.454	0.149	0.926	6000.0
652	11.198	38.317	4.754	36.242	0.141	0.925	6000.0
653	8.82	30.2	3.707	29.735	0.106	0.944	6000.0
654	10.576	36.18	4.196	34.004	0.138	0.931	6000.0
655	8.681	29.948	3.389	27.749	0.106	0.948	7000.0
656	9.773	33.58	4.106	34.142	0.117	0.921	6000.0
657	9.348	32.026	3.924	33.467	0.109	0.93	6000.0
658	8.926	30.596	3.73	30.775	0.127	0.942	6000.0
659	8.929	30.603	3.621	26.667	0.117	0.952	6000.0
660	9.151	31.491	3.656	30.667	0.101	0.943	6000.0
661	9.397	32.208	3.701	30.886	0.117	0.94	6000.0
662	8.548	29.283	3.59	29.469	0.096	0.947	6000.0
663	9.928	34.026	4.17	33.965	0.134	0.93	6000.0
664	8.985	30.879	3.58	29.288	0.119	0.944	6000.0
665	10.681	36.536	4.309	35.59	0.125	0.922	6000.0
666	9.46	32.577	3.872	31.4	0.117	0.93	6000.0
667	9.156	31.506	3.717	29.74	0.114	0.944	6000.0
668	8.76	30.025	3.623	29.478	0.092	0.949	6000.0
669	10.283	35.074	4.231	33.478	0.125	0.933	6000.0
670	8.417	28.849	3.343	25.362	0.1	0.962	6000.0
671	9.418	32.21	3.775	29.523	0.127	0.943	6000.0
672	10.375	35.607	4.571	34.857	0.14	0.929	6000.0
673	10.393	35.768	4.488	35.951	0.133	0.911	6000.0
674	10.994	37.714	4.841	37.338	0.142	0.917	6000.0
675	9.463	32.445	4.01	31.604	0.113	0.939	6000.0
676	9.536	32.716	3.848	30.145	0.115	0.942	6000.0
677	8.575	29.474	3.517	28.626	0.105	0.943	6000.0
678	10.344	35.469	4.377	33.663	0.121	0.932	6000.0
679	8.946	30.767	3.719	28.849	0.124	0.942	6000.0
680	8.114	27.658	3.305	26.184	0.088	0.954	6000.0
681	10.382	35.627	4.434	35.253	0.13	0.922	6000.0
682	11.214	38.556	4.927	39.727	0.142	0.899	6000.0
683	9.382	32.168	4.085	32.35	0.104	0.939	6000.0
684	8.091	27.547	3.381	27.059	0.09	0.949	6000.0
685	10.175	34.923	4.105	32.686	0.13	0.931	6000.0
686	8.667	29.587	3.487	27.432	0.099	0.953	6000.0
687	9.804	33.777	4.117	32.761	0.113	0.941	6000.0
688	9.35	31.9	4.045	31.479	0.118	0.935	6000.0
689	11.175	38.211	4.372	35.138	0.155	0.927	6000.0
690	10.939	37.483	4.469	34.775	0.152	0.919	6000.0
691	8.359	28.713	3.426	28.787	0.093	0.95	6000.0
692	8.297	28.454	3.341	26.818	0.101	0.956	6000.0
693	11.212	38.35	4.62	35.816	0.139	0.916	6000.0
694	9.138	31.304	3.795	30.447	0.117	0.943	6000.0
695	9.468	32.445	3.989	31.059	0.107	0.941	6000.0
696	8.879	30.433	3.696	29.53	0.112	0.947	6000.0
697	10.459	35.922	4.461	35.136	0.115	0.92	6000.0
698	10.561	36.124	4.417	34.901	0.131	0.924	6000.0
699	7.967	27.236	3.36	26.156	0.087	0.958	6000.0
700	11.321	38.72	4.826	37.949	0.147	0.914	6000.0
701	8.252	28.318	3.444	28.225	0.102	0.952	6000.0
702	7.119	24.396	2.754	21.537	0.083	0.97	6000.0
703	10.365	35.586	4.573	34.126	0.14	0.924	6000.0
704	8.584	29.35	3.781	29.808	0.107	0.939	6000.0
705	9.902	33.862	4.379	32.316	0.112	0.937	6000.0
706	10.528	36.099	4.476	36.0	0.142	0.912	6000.0
707	9.356	32.001	3.971	32.551	0.107	0.941	6000.0
708	8.559	29.311	3.792	30.685	0.097	0.942	6000.0
709	10.115	34.665	3.999	31.105	0.118	0.944	6000.0
710	11.148	38.254	4.572	36.658	0.146	0.92	6000.0
711	9.672	33.142	3.955	31.179	0.113	0.941	6000.0
712	10.479	35.98	4.613	34.986	0.145	0.923	6000.0
713	9.087	31.322	3.694	30.121	0.108	0.94	6000.0
714	9.826	33.698	3.97	31.136	0.121	0.941	6000.0
715	9.741	33.528	4.304	34.613	0.119	0.928	6000.0
716	11.421	39.128	5.021	38.927	0.134	0.912	6000.0
717	7.922	27.122	3.486	28.416	0.079	0.952	6000.0
718	9.138	31.464	3.635	29.565	0.12	0.939	6000.0
719	8.717	29.723	3.551	28.434	0.105	0.953	6000.0
720	9.977	34.125	4.26	34.222	0.101	0.927	6000.0
721	7.554	25.966	3.321	28.472	0.08	0.949	6000.0
722	9.942	34.257	4.299	33.647	0.12	0.928	6000.0
723	9.726	33.354	4.074	33.141	0.11	0.934	6000.0
724	10.121	34.721	4.39	33.84	0.122	0.931	6000.0
725	7.976	27.389	3.324	26.95	0.093	0.951	6000.0
726	10.267	35.082	4.303	35.332	0.136	0.923	6000.0
727	8.498	29.206	3.417	27.217	0.108	0.961	6000.0
728	9.16	31.417	3.589	27.873	0.106	0.956	6000.0
729	10.426	35.557	4.023	33.428	0.131	0.93	6000.0
730	10.236	35.424	4.504	34.383	0.14	0.922	6000.0
731	10.807	36.862	4.689	35.421	0.128	0.925	6000.0
732	10.088	34.702	4.189	34.383	0.125	0.929	6000.0
733	9.729	33.331	4.091	31.977	0.112	0.938	6000.0
734	9.579	32.874	4.017	32.422	0.125	0.935	6000.0
735	9.196	31.404	3.854	29.906	0.115	0.945	6000.0
736	9.939	34.006	4.247	34.175	0.1	0.929	6000.0
737	10.118	34.68	4.306	34.038	0.132	0.925	6000.0
738	10.3	35.249	4.274	34.71	0.118	0.928	6000.0
739	10.997	37.661	4.625	36.221	0.14	0.922	6000.0
740	9.364	32.161	3.755	30.19	0.116	0.943	6000.0
741	9.066	31.065	3.604	28.54	0.107	0.949	6000.0
742	10.287	35.12	4.262	33.639	0.124	0.928	6000.0
743	8.967	30.546	3.744	30.603	0.091	0.939	6000.0
744	10.628	36.324	4.406	34.208	0.107	0.932	6000.0
745	10.665	36.371	4.442	34.097	0.143	0.93	6000.0
746	8.562	29.352	3.862	29.613	0.104	0.945	6000.0
747	9.846	33.691	4.083	30.897	0.118	0.935	6000.0
748	9.569	32.868	3.972	31.777	0.102	0.943	6000.0
749	9.483	32.398	4.24	33.024	0.101	0.935	6000.0
750	10.738	36.778	4.601	35.441	0.139	0.922	6000.0
751	8.364	28.68	3.456	28.045	0.089	0.952	6000.0
752	8.679	29.788	3.621	28.995	0.113	0.944	6000.0
753	10.099	34.7	4.225	31.098	0.116	0.94	6000.0
754	9.554	32.715	3.975	31.818	0.102	0.935	6000.0
755	11.048	37.738	4.46	36.421	0.137	0.917	6000.0
756	9.229	31.428	3.864	31.639	0.118	0.938	6000.0
757	10.051	34.509	4.199	34.594	0.113	0.93	6000.0
758	9.056	30.767	3.831	30.259	0.1	0.942	6000.0
759	7.801	26.768	3.236	26.273	0.078	0.957	6000.0
760	10.086	34.683	4.097	32.793	0.122	0.929	6000.0
761	9.122	31.164	4.075	31.27	0.092	0.94	6000.0
762	9.38	32.176	3.728	30.443	0.114	0.944	6000.0
763	9.137	31.36	3.784	31.654	0.112	0.933	6000.0
764	9.998	34.379	3.98	31.46	0.127	0.941	7000.0
765	10.553	36.266	4.757	37.273	0.149	0.917	6000.0
766	10.157	34.713	4.007	32.81	0.127	0.935	6000.0
767	9.739	33.265	3.889	32.093	0.116	0.936	6000.0
768	9.949	34.221	4.226	32.299	0.132	0.933	6000.0
769	9.896	33.909	4.125	33.53	0.122	0.927	6000.0
770	8.878	30.372	3.511	27.146	0.118	0.957	6000.0
771	10.585	36.321	4.812	35.777	0.145	0.926	6000.0
772	8.193	28.161	3.368	29.12	0.099	0.939	6000.0
773	8.618	29.58	3.473	29.524	0.095	0.942	6000.0
774	9.231	31.638	3.908	31.607	0.101	0.938	6000.0
775	8.326	28.586	3.43	28.416	0.101	0.949	6000.0
776	8.144	27.784	3.286	25.241	0.111	0.959	6000.0
777	9.387	32.151	3.823	30.104	0.112	0.945	6000.0
778	8.815	30.288	3.452	29.204	0.107	0.946	6000.0
779	9.293	31.914	3.788	30.239	0.103	0.94	6000.0
780	9.136	31.461	3.92	30.341	0.108	0.939	6000.0
781	8.46	28.939	3.567	27.776	0.106	0.942	6000.0
782	8.896	30.511	3.53	29.419	0.118	0.943	6000.0
783	9.562	32.772	3.869	30.953	0.112	0.939	6000.0
784	8.694	29.906	3.622	28.647	0.113	0.948	6000.0
785	8.163	27.985	3.319	27.421	0.093	0.954	6000.0
786	7.388	25.398	3.09	24.922	0.081	0.965	6000.0
787	10.66	36.627	4.397	34.614	0.143	0.927	6000.0
788	9.461	32.509	3.944	32.402	0.11	0.938	6000.0
789	9.432	32.314	4.089	34.509	0.114	0.925	6000.0
790	10.092	34.512	4.308	34.107	0.119	0.929	6000.0
791	10.052	34.503	4.129	32.245	0.142	0.931	6000.0
792	8.295	28.496	3.356	27.808	0.104	0.947	6000.0
793	9.991	34.282	4.061	32.891	0.123	0.926	6000.0
794	9.231	31.536	3.889	31.346	0.104	0.938	6000.0
795	11.018	37.752	4.547	36.698	0.144	0.92	6000.0
796	8.312	28.527	3.581	28.248	0.089	0.957	6000.0
797	9.792	33.588	4.333	32.95	0.118	0.932	6000.0
798	10.305	35.242	4.204	33.437	0.126	0.932	6000.0
799	8.989	30.684	3.523	27.234	0.113	0.954	6000.0
800	8.694	29.814	3.355	26.556	0.11	0.955	6000.0
801	10.463	35.86	4.418	34.697	0.13	0.925	6000.0
802	7.236	24.756	2.873	24.763	0.065	0.961	6000.0
803	9.699	33.154	4.095	32.59	0.121	0.933	6000.0
804	10.915	37.375	4.373	35.52	0.149	0.924	6000.0
805	7.969	27.406	3.316	26.854	0.097	0.956	6000.0
806	8.14	27.943	3.37	27.656	0.116	0.954	6000.0
807	9.446	32.37	3.867	30.133	0.12	0.938	6000.0
808	8.235	28.295	3.399	26.776	0.108	0.955	6000.0
809	9.121	31.251	3.737	30.544	0.118	0.941	6000.0
810	8.199	28.031	3.502	27.719	0.104	0.954	6000.0
811	10.328	35.447	4.144	33.162	0.138	0.922	6000.0
812	8.8	30.067	3.822	29.652	0.101	0.938	6000.0
813	9.092	31.151	3.769	31.175	0.106	0.945	6000.0
814	11.274	38.728	4.822	37.491	0.144	0.919	6000.0
815	8.34	28.626	3.339	26.786	0.091	0.955	6000.0
816	9.058	31.049	3.796	30.661	0.095	0.942	6000.0
817	10.929	37.441	4.605	36.654	0.129	0.915	6000.0
818	9.349	32.053	3.755	30.008	0.118	0.944	6000.0
819	7.302	24.92	3.025	24.286	0.088	0.967	6000.0
820	8.604	29.507	3.487	28.19	0.095	0.949	6000.0
821	8.736	29.75	3.585	27.011	0.128	0.953	6000.0
822	10.212	35.049	4.204	34.239	0.119	0.927	6000.0
823	7.83	26.896	3.362	27.392	0.087	0.954	6000.0
824	7.069	24.167	2.79	21.902	0.078	0.968	6000.0
825	9.611	33.037	4.017	32.362	0.125	0.922	6000.0
826	9.143	31.471	3.729	29.825	0.105	0.944	6000.0
827	10.568	36.039	4.64	37.478	0.134	0.916	6000.0
828	9.816	33.769	4.206	34.563	0.11	0.924	6000.0
829	8.662	29.615	3.526	29.296	0.096	0.951	6000.0
830	9.316	31.893	3.762	31.121	0.121	0.944	6000.0
831	9.315	31.726	3.596	29.214	0.109	0.943	6000.0
832	10.588	36.162	4.273	33.418	0.137	0.931	6000.0
833	10.176	34.924	4.089	34.274	0.116	0.928	6000.0
834	9.478	32.499	4.011	32.263	0.107	0.938	6000.0
835	8.373	28.763	3.423	27.895	0.113	0.951	6000.0
836	9.769	33.415	4.101	33.244	0.102	0.934	6000.0
837	10.1	34.601	4.225	33.483	0.113	0.935	6000.0
838	8.87	30.265	3.622	29.411	0.098	0.946	6000.0
839	8.179	27.879	3.361	25.54	0.093	0.959	6000.0
840	8.884	30.57	3.521	29.742	0.103	0.943	6000.0
841	10.441	35.872	4.362	33.365	0.126	0.93	6000.0
842	9.939	33.978	4.217	34.261	0.126	0.928	6000.0
843	9.615	32.921	4.138	34.371	0.118	0.931	6000.0
844	11.762	40.165	5.117	40.212	0.154	0.9	6000.0
845	8.746	29.936	3.414	28.146	0.097	0.949	6000.0
846	10.12	34.69	3.99	32.945	0.119	0.933	6000.0
847	10.002	34.191	4.1	32.461	0.134	0.928	6000.0
848	8.942	30.567	3.633	30.222	0.103	0.947	6000.0
849	10.108	34.522	4.114	33.426	0.118	0.932	6000.0
850	9.778	33.587	3.875	30.573	0.115	0.937	6000.0
851	10.143	34.615	4.043	33.232	0.113	0.93	6000.0
852	9.352	32.023	3.887	32.85	0.101	0.934	6000.0
853	9.46	32.502	3.903	32.459	0.108	0.93	6000.0
854	10.312	35.432	4.161	33.631	0.131	0.925	6000.0
855	9.256	31.846	3.773	30.99	0.112	0.941	6000.0
856	7.87	26.927	3.313	26.818	0.084	0.955	6000.0
857	9.332	31.919	3.853	31.353	0.112	0.943	6000.0
858	10.324	35.493	4.433	34.714	0.133	0.926	6000.0
859	11.144	38.197	4.419	36.23	0.154	0.922	6000.0
860	11.249	38.348	4.773	34.621	0.166	0.923	6000.0
861	8.962	30.706	3.8	31.549	0.101	0.941	6000.0
862	8.846	30.357	3.681	30.468	0.096	0.937	6000.0
863	9.087	31.299	3.52	28.405	0.123	0.956	6000.0
864	9.98	34.357	4.184	33.545	0.13	0.923	6000.0
865	10.078	34.46	4.407	33.027	0.123	0.938	6000.0
866	8.044	27.621	3.107	25.074	0.086	0.963	6000.0
867	9.587	32.821	3.862	32.191	0.133	0.928	6000.0
868	8.957	30.626	4.077	31.727	0.105	0.94	6000.0
869	8.738	29.916	3.716	30.249	0.088	0.945	6000.0
870	10.239	35.122	4.251	32.771	0.133	0.938	6000.0
871	8.73	29.884	3.651	28.14	0.122	0.943	6000.0
872	10.195	34.907	4.267	34.237	0.124	0.931	6000.0
873	10.988	37.747	4.412	35.768	0.144	0.919	6000.0
874	11.262	38.56	4.716	36.734	0.14	0.917	6000.0
875	9.921	33.936	4.038	31.76	0.14	0.932	6000.0
876	9.214	31.658	3.691	28.825	0.11	0.946	6000.0
877	11.042	37.851	4.603	35.34	0.136	0.923	6000.0
878	10.284	35.228	4.091	33.328	0.119	0.934	6000.0
879	8.585	29.382	3.549	27.852	0.104	0.952	6000.0
880	9.694	33.388	4.044	31.231	0.121	0.94	6000.0
881	9.232	31.611	3.884	29.832	0.105	0.944	6000.0
882	10.803	37.116	4.726	34.914	0.136	0.923	6000.0
883	10.211	35.079	4.046	31.9	0.124	0.94	6000.0
884	10.043	34.389	4.184	33.37	0.112	0.931	6000.0
885	8.544	29.282	3.537	29.224	0.089	0.945	6000.0
886	10.162	34.892	4.319	33.647	0.12	0.928	6000.0
887	9.643	33.081	4.069	32.01	0.131	0.932	6000.0
888	8.32	28.465	3.406	26.844	0.091	0.958	6000.0
889	8.552	29.435	3.562	28.458	0.089	0.952	6000.0
890	11.574	39.614	4.682	37.177	0.157	0.92	6000.0
891	11.554	39.659	4.747	37.847	0.146	0.912	6000.0
892	9.722	33.425	4.177	33.838	0.129	0.928	6000.0
893	11.074	37.96	4.622	39.044	0.146	0.912	6000.0
894	10.221	35.143	4.092	33.492	0.127	0.922	6000.0
895	8.292	28.326	3.34	26.493	0.102	0.951	6000.0
896	9.573	32.769	4.211	32.645	0.108	0.938	6000.0
897	10.265	35.181	4.058	31.948	0.131	0.941	6000.0
898	10.307	35.315	4.383	35.105	0.115	0.927	6000.0
899	9.318	31.921	3.734	30.626	0.111	0.94	6000.0
900	12.534	43.044	4.915	40.623	0.168	0.89	6000.0
901	9.022	31.091	3.913	30.822	0.106	0.943	6000.0
902	7.552	25.794	3.033	23.813	0.084	0.968	6000.0
903	9.021	30.866	3.51	29.942	0.113	0.937	6000.0
904	9.734	33.354	3.954	31.91	0.114	0.939	6000.0
905	8.97	30.64	3.858	29.624	0.098	0.949	6000.0
906	9.119	31.213	3.985	31.823	0.101	0.941	6000.0
907	8.918	30.685	3.654	28.949	0.115	0.946	6000.0
908	9.317	31.917	4.112	32.222	0.117	0.938	6000.0
909	10.284	35.393	4.394	33.8	0.132	0.927	6000.0
910	10.13	34.682	4.281	34.691	0.125	0.924	6000.0
911	10.217	34.952	4.227	32.894	0.137	0.935	6000.0
912	9.989	34.264	4.225	32.962	0.144	0.932	6000.0
913	9.591	32.906	3.772	30.282	0.106	0.941	6000.0
914	10.044	34.375	4.278	32.67	0.123	0.931	6000.0
915	9.919	33.999	4.135	32.879	0.118	0.928	6000.0
916	8.047	27.54	3.559	27.696	0.084	0.954	6000.0
917	10.737	36.717	4.077	32.139	0.134	0.939	6000.0
918	9.932	34.072	4.067	34.279	0.135	0.922	6000.0
919	10.476	35.85	4.376	34.525	0.141	0.921	6000.0
920	9.193	31.546	3.794	29.512	0.108	0.945	6000.0
921	8.697	29.654	3.65	27.552	0.108	0.957	6000.0
922	10.04	34.262	4.217	33.206	0.116	0.931	6000.0
923	7.904	27.06	3.263	26.422	0.102	0.947	6000.0
924	10.486	35.93	4.229	34.781	0.145	0.922	6000.0
925	9.055	30.962	3.826	30.277	0.094	0.941	6000.0
926	9.436	32.184	3.919	31.39	0.095	0.939	8000.0
927	9.841	33.622	4.28	32.875	0.109	0.932	6000.0
928	9.396	32.394	3.829	31.814	0.106	0.934	6000.0
929	8.35	28.543	3.655	28.389	0.086	0.952	6000.0
930	11.737	40.205	5.237	39.098	0.158	0.906	6000.0
931	8.969	30.577	3.756	30.375	0.096	0.945	6000.0
932	8.93	30.647	3.615	29.376	0.116	0.936	6000.0
933	8.675	29.652	3.454	27.871	0.124	0.948	7000.0
934	10.887	37.232	4.732	36.713	0.129	0.911	6000.0
935	9.685	33.134	4.278	33.014	0.109	0.935	6000.0
936	9.045	30.961	3.704	30.079	0.107	0.946	6000.0
937	9.575	32.867	3.886	31.745	0.118	0.94	6000.0
938	9.512	32.651	4.01	32.576	0.137	0.935	6000.0
939	10.14	34.77	4.024	31.86	0.135	0.938	6000.0
940	10.148	34.831	4.098	32.581	0.123	0.931	6000.0
941	10.633	36.48	4.451	34.878	0.134	0.924	6000.0
942	10.295	35.315	4.171	33.62	0.138	0.925	6000.0
943	10.408	35.557	4.129	33.824	0.134	0.93	6000.0
944	10.984	37.498	4.841	36.892	0.143	0.914	6000.0
945	8.838	30.489	3.5	27.172	0.105	0.956	6000.0
946	11.406	39.095	4.808	38.636	0.142	0.914	6000.0
947	8.424	28.94	3.508	27.766	0.091	0.952	6000.0
948	10.167	34.922	4.232	34.936	0.117	0.929	6000.0
949	9.444	32.375	4.02	31.988	0.127	0.937	6000.0
950	10.378	35.704	4.376	35.595	0.127	0.919	6000.0
951	11.762	40.363	5.267	40.337	0.148	0.902	6000.0
952	9.262	31.644	3.705	29.965	0.112	0.945	6000.0
953	9.821	33.504	4.072	32.602	0.114	0.94	6000.0
954	9.118	31.08	3.706	29.678	0.102	0.943	6000.0
955	7.635	26.101	3.341	27.181	0.091	0.952	6000.0
956	8.001	27.375	3.413	28.328	0.085	0.952	6000.0
957	12.264	42.129	5.325	39.076	0.168	0.908	6000.0
958	9.147	31.383	3.771	31.247	0.127	0.933	6000.0
959	10.313	35.198	4.22	32.249	0.13	0.936	6000.0
960	10.192	34.946	4.024	33.106	0.111	0.929	6000.0
961	9.868	33.82	3.99	31.377	0.12	0.937	6000.0
962	9.732	33.29	4.017	31.394	0.116	0.944	6000.0
963	9.799	33.62	4.193	33.225	0.119	0.936	6000.0
964	9.96	34.205	4.136	33.714	0.123	0.932	6000.0
965	10.12	34.566	4.104	32.656	0.124	0.933	6000.0
966	10.592	36.081	4.704	35.438	0.131	0.923	6000.0
967	9.72	33.289	4.222	33.95	0.121	0.926	6000.0
968	9.193	31.462	3.855	30.967	0.098	0.945	6000.0
969	8.943	30.519	3.709	30.289	0.117	0.944	6000.0
970	9.841	33.773	4.108	32.768	0.121	0.935	6000.0
971	9.942	34.035	4.34	34.185	0.134	0.928	6000.0
972	10.028	34.277	4.302	33.86	0.114	0.931	6000.0
973	8.992	30.815	3.792	29.22	0.101	0.945	6000.0
974	10.92	37.317	4.348	35.549	0.141	0.92	6000.0
975	9.855	33.78	4.523	34.012	0.116	0.937	6000.0
976	9.308	31.729	3.808	30.645	0.107	0.938	6000.0
977	9.395	32.202	4.463	31.117	0.108	0.941	6000.0
978	11.09	37.931	4.648	38.278	0.155	0.912	6000.0
979	9.305	31.902	3.835	32.581	0.111	0.931	6000.0
980	10.385	35.577	4.138	32.434	0.132	0.938	6000.0
981	8.978	30.882	3.568	28.782	0.102	0.947	6000.0
982	9.91	33.992	4.04	34.568	0.116	0.916	6000.0
983	6.848	23.387	2.984	24.312	0.067	0.962	6000.0
984	8.796	30.246	3.739	29.474	0.112	0.943	6000.0
985	9.869	33.906	4.06	31.497	0.113	0.936	6000.0
986	8.476	29.252	3.522	27.757	0.116	0.952	6000.0
987	8.707	29.838	3.756	30.307	0.109	0.946	6000.0
988	9.907	34.129	4.095	34.706	0.136	0.914	6000.0
989	10.048	34.529	4.178	33.489	0.12	0.93	6000.0
990	11.613	39.921	5.116	38.17	0.153	0.913	6000.0
991	10.247	35.089	3.994	32.896	0.13	0.933	6000.0
992	10.077	34.484	4.399	35.88	0.118	0.921	6000.0
993	8.92	30.52	3.826	31.127	0.12	0.941	6000.0
994	10.488	35.945	4.357	36.094	0.125	0.913	6000.0
995	7.606	26.072	3.255	26.307	0.077	0.954	6000.0
996	9.18	31.468	3.673	29.316	0.112	0.944	6000.0
997	9.231	31.661	3.772	30.27	0.122	0.942	6000.0
998	10.099	34.659	4.074	33.384	0.139	0.924	6000.0
999	10.044	34.436	3.97	32.085	0.122	0.937	6000.0
1000	11.222	38.475	4.798	35.276	0.162	0.931	6000.0
