NMF_Replicate	L1	L1 %	L2	L2 %	KL Divergence	Correlation	Convergence Iterations
1	11.698	40.152	4.718	37.247	0.165	0.912	6000.0
2	13.085	45.033	5.443	41.247	0.192	0.898	6000.0
3	12.317	42.074	5.066	42.127	0.161	0.889	6000.0
4	14.364	49.159	6.008	47.444	0.239	0.857	6000.0
5	11.79	40.344	4.716	38.207	0.161	0.905	6000.0
6	12.979	44.529	5.534	43.303	0.209	0.885	6000.0
7	11.747	40.322	5.126	40.066	0.162	0.905	6000.0
8	12.09	41.447	5.088	39.18	0.148	0.904	6000.0
9	11.91	40.758	5.057	40.296	0.154	0.903	6000.0
10	11.23	38.412	4.465	33.449	0.165	0.925	6000.0
11	11.595	39.849	4.558	37.965	0.167	0.907	6000.0
12	12.042	41.231	5.118	40.787	0.169	0.904	6000.0
13	9.664	33.232	3.874	30.88	0.151	0.937	6000.0
14	9.647	33.053	4.023	32.334	0.13	0.929	6000.0
15	11.734	40.176	4.958	38.15	0.171	0.917	6000.0
16	12.907	44.121	5.082	40.397	0.166	0.901	6000.0
17	12.779	43.847	4.928	39.971	0.172	0.896	6000.0
18	12.057	41.397	4.715	39.234	0.173	0.896	6000.0
19	11.741	40.146	4.825	37.908	0.187	0.908	6000.0
20	11.665	39.972	4.612	36.425	0.162	0.918	6000.0
21	11.155	38.249	4.585	37.163	0.16	0.916	6000.0
22	11.783	40.394	4.608	36.976	0.173	0.919	6000.0
23	11.794	40.259	4.594	36.354	0.165	0.924	6000.0
24	12.069	41.327	4.877	39.871	0.161	0.903	6000.0
25	12.555	42.958	5.105	41.95	0.172	0.896	6000.0
26	11.277	38.548	4.79	37.369	0.156	0.916	6000.0
27	10.012	34.337	4.128	33.024	0.132	0.942	6000.0
28	12.193	41.835	4.973	40.321	0.182	0.903	6000.0
29	12.225	41.847	5.145	40.225	0.157	0.902	6000.0
30	13.228	45.317	5.27	42.223	0.201	0.889	6000.0
31	10.514	35.983	4.276	33.812	0.118	0.932	6000.0
32	11.357	39.004	4.708	38.428	0.142	0.911	6000.0
33	11.641	39.749	4.889	37.897	0.158	0.917	6000.0
34	10.567	36.224	4.268	35.096	0.143	0.922	6000.0
35	11.31	38.848	4.41	37.073	0.176	0.909	6000.0
36	12.183	41.717	5.015	38.824	0.15	0.906	6000.0
37	12.92	44.276	5.379	42.92	0.198	0.884	6000.0
38	12.294	42.212	4.831	38.682	0.17	0.903	6000.0
39	11.513	39.481	4.393	35.902	0.171	0.918	6000.0
40	11.3	38.787	4.797	38.585	0.142	0.91	6000.0
41	11.319	38.704	4.678	37.27	0.151	0.918	6000.0
42	13.436	46.012	5.724	44.848	0.185	0.877	6000.0
43	12.924	44.37	5.441	43.168	0.186	0.888	6000.0
44	12.804	43.91	5.697	42.601	0.182	0.886	6000.0
45	12.573	43.303	5.269	40.779	0.187	0.892	6000.0
46	12.207	41.829	5.495	41.46	0.162	0.893	6000.0
47	13.582	46.526	5.439	43.209	0.182	0.885	6000.0
48	13.185	45.114	5.507	41.962	0.183	0.888	6000.0
49	11.391	38.975	4.745	36.605	0.169	0.909	6000.0
50	10.723	36.766	4.175	33.388	0.167	0.931	6000.0
51	10.838	36.913	4.673	36.752	0.149	0.918	6000.0
52	12.524	43.1	5.023	41.106	0.2	0.89	6000.0
53	11.773	40.36	4.642	38.286	0.156	0.912	6000.0
54	11.271	38.704	4.568	37.896	0.146	0.913	6000.0
55	10.606	36.381	4.252	34.96	0.124	0.928	6000.0
56	11.985	40.994	4.861	38.154	0.172	0.908	6000.0
57	12.325	42.266	5.208	40.088	0.19	0.899	6000.0
58	12.362	42.399	5.099	40.882	0.166	0.898	6000.0
59	12.259	42.102	4.744	39.224	0.167	0.903	6000.0
60	11.862	40.672	4.901	38.409	0.156	0.911	6000.0
61	13.667	46.686	5.561	41.942	0.212	0.882	6000.0
62	10.033	34.479	4.054	33.093	0.131	0.928	6000.0
63	11.012	37.775	4.211	34.717	0.154	0.923	6000.0
64	12.337	42.322	4.878	39.227	0.174	0.904	6000.0
65	13.787	47.215	5.508	42.906	0.209	0.9	6000.0
66	11.465	39.342	4.458	35.967	0.189	0.91	6000.0
67	11.458	39.24	4.63	36.796	0.149	0.917	6000.0
68	13.373	45.894	5.508	45.088	0.201	0.866	6000.0
69	11.879	40.592	4.723	37.94	0.167	0.914	6000.0
70	12.854	44.149	5.573	42.995	0.179	0.879	6000.0
71	12.925	44.375	5.131	41.727	0.204	0.887	6000.0
72	11.459	39.403	4.564	37.122	0.153	0.914	6000.0
73	12.316	42.294	5.189	40.514	0.164	0.901	6000.0
74	13.712	47.062	5.907	47.669	0.2	0.855	6000.0
75	12.082	41.197	4.914	38.597	0.179	0.907	6000.0
76	12.832	43.802	5.035	40.22	0.198	0.9	6000.0
77	12.097	41.579	5.049	39.162	0.166	0.905	6000.0
78	15.238	51.976	6.113	47.108	0.245	0.863	6000.0
79	10.42	35.718	3.95	33.245	0.147	0.927	6000.0
80	13.042	44.797	5.217	41.148	0.204	0.891	6000.0
81	11.673	39.985	4.709	38.167	0.146	0.911	6000.0
82	11.653	39.871	4.456	35.943	0.182	0.923	6000.0
83	9.495	32.607	3.882	32.195	0.135	0.929	6000.0
84	12.139	41.554	5.112	39.925	0.187	0.905	6000.0
85	11.896	40.894	4.839	39.067	0.174	0.904	6000.0
86	12.776	43.958	5.21	40.816	0.198	0.895	6000.0
87	10.906	37.47	4.33	35.091	0.15	0.928	6000.0
88	10.657	36.526	4.308	36.007	0.15	0.916	6000.0
89	11.581	39.636	4.79	37.581	0.157	0.912	6000.0
90	12.307	42.266	5.128	42.35	0.161	0.886	6000.0
91	10.938	37.374	4.969	38.416	0.164	0.909	6000.0
92	9.952	34.096	4.112	33.901	0.136	0.926	6000.0
93	11.524	39.498	4.506	37.359	0.148	0.919	6000.0
94	11.125	38.133	4.309	35.2	0.144	0.926	6000.0
95	13.373	45.757	5.685	44.573	0.209	0.873	6000.0
96	11.997	40.94	4.771	37.207	0.165	0.917	6000.0
97	12.222	41.855	4.955	39.877	0.161	0.899	6000.0
98	10.9	37.343	4.276	34.75	0.144	0.925	6000.0
99	11.893	40.711	5.058	39.5	0.165	0.904	6000.0
100	10.769	36.961	4.36	35.296	0.14	0.921	6000.0
101	12.908	44.178	5.028	41.695	0.185	0.895	6000.0
102	11.634	39.904	4.765	39.35	0.156	0.904	6000.0
103	13.583	46.552	5.641	43.52	0.193	0.879	7000.0
104	11.589	39.724	4.638	37.86	0.165	0.917	6000.0
105	10.779	36.974	4.092	34.046	0.135	0.927	6000.0
106	11.073	37.812	4.447	36.05	0.142	0.926	6000.0
107	13.002	44.658	5.434	44.657	0.201	0.875	6000.0
108	11.239	38.564	4.694	36.922	0.151	0.918	6000.0
109	13.258	45.544	5.576	44.499	0.196	0.875	6000.0
110	10.768	36.941	4.104	32.734	0.147	0.937	6000.0
111	12.825	43.889	5.31	43.473	0.181	0.888	6000.0
112	12.782	43.763	5.436	43.761	0.166	0.889	6000.0
113	15.39	52.544	6.154	48.038	0.232	0.854	6000.0
114	11.677	39.886	4.773	38.093	0.195	0.902	6000.0
115	13.423	46.056	5.72	44.875	0.203	0.873	6000.0
116	11.437	39.146	4.616	37.917	0.177	0.906	6000.0
117	12.926	44.159	5.365	40.805	0.186	0.899	6000.0
118	10.013	34.419	3.968	32.918	0.128	0.935	6000.0
119	10.199	34.849	4.047	31.974	0.145	0.94	6000.0
120	11.07	37.859	4.443	35.824	0.15	0.924	6000.0
121	11.283	38.757	4.758	39.456	0.152	0.903	6000.0
122	11.708	40.043	5.111	40.285	0.155	0.9	6000.0
123	10.322	35.36	4.261	35.276	0.13	0.922	6000.0
124	12.107	41.427	5.229	40.656	0.168	0.898	6000.0
125	10.616	36.355	4.285	33.832	0.145	0.934	6000.0
126	13.736	46.995	6.022	46.401	0.188	0.872	6000.0
127	10.872	37.247	4.287	33.983	0.152	0.934	6000.0
128	11.795	40.365	5.001	37.299	0.175	0.91	6000.0
129	10.326	35.392	4.025	32.346	0.133	0.934	6000.0
130	11.665	39.969	5.111	38.634	0.136	0.91	6000.0
131	10.539	36.104	4.692	36.989	0.137	0.918	6000.0
132	12.271	41.972	5.305	41.772	0.157	0.896	6000.0
133	12.378	42.457	5.121	41.431	0.186	0.897	6000.0
134	12.85	43.984	5.34	40.059	0.175	0.902	6000.0
135	10.364	35.691	4.239	35.607	0.13	0.918	6000.0
136	11.607	39.846	4.533	36.995	0.156	0.913	6000.0
137	10.905	37.3	4.489	34.98	0.145	0.931	6000.0
138	10.456	35.713	4.352	35.331	0.141	0.927	6000.0
139	11.328	38.744	4.82	37.252	0.174	0.92	6000.0
140	10.773	36.95	4.145	31.547	0.145	0.937	6000.0
141	11.742	40.091	4.919	37.236	0.157	0.915	6000.0
142	11.795	40.47	4.928	38.71	0.166	0.909	6000.0
143	12.465	42.739	5.271	41.212	0.161	0.896	6000.0
144	11.243	38.521	4.676	36.338	0.145	0.91	6000.0
145	12.131	41.591	4.806	39.386	0.173	0.909	6000.0
146	11.729	40.247	4.881	38.868	0.177	0.905	6000.0
147	12.093	41.426	5.226	39.858	0.174	0.906	6000.0
148	11.09	37.921	4.597	36.53	0.155	0.918	6000.0
149	12.09	41.34	4.779	38.725	0.171	0.907	6000.0
150	14.043	47.926	5.636	43.812	0.205	0.887	6000.0
151	12.808	44.008	4.952	40.221	0.191	0.9	6000.0
152	13.811	47.166	5.699	44.068	0.2	0.873	6000.0
153	10.499	35.922	4.365	36.187	0.139	0.916	6000.0
154	11.626	39.866	4.614	37.347	0.153	0.907	6000.0
155	11.472	39.434	4.64	37.653	0.17	0.903	6000.0
156	10.596	36.283	4.267	33.296	0.134	0.93	6000.0
157	11.342	38.751	4.632	36.158	0.148	0.918	6000.0
158	11.426	39.34	4.66	37.663	0.156	0.91	6000.0
159	12.141	41.567	4.813	38.086	0.157	0.908	6000.0
160	11.275	38.533	4.59	38.138	0.147	0.908	6000.0
161	12.912	44.143	5.361	42.457	0.177	0.886	6000.0
162	12.264	42.266	4.936	38.069	0.184	0.9	6000.0
163	12.949	44.316	5.193	40.579	0.18	0.903	7000.0
164	11.823	40.521	5.022	40.041	0.156	0.906	6000.0
165	12.845	43.928	5.182	41.955	0.175	0.89	6000.0
166	10.238	35.22	3.982	32.849	0.132	0.934	6000.0
167	10.526	36.028	4.42	33.609	0.155	0.924	6000.0
168	11.992	40.839	4.854	39.002	0.166	0.906	6000.0
169	12.534	42.928	5.074	39.966	0.2	0.9	6000.0
170	11.672	40.109	4.772	37.379	0.177	0.917	6000.0
171	11.946	40.892	4.801	38.931	0.187	0.902	6000.0
172	12.131	41.609	4.866	39.469	0.171	0.904	6000.0
173	8.727	29.949	3.492	28.825	0.126	0.941	6000.0
174	11.74	40.201	4.732	37.402	0.19	0.914	6000.0
175	10.929	37.512	4.378	36.972	0.154	0.916	6000.0
176	12.575	43.065	5.039	41.707	0.164	0.895	6000.0
177	10.752	36.916	4.533	37.245	0.146	0.913	6000.0
178	12.253	42.06	5.055	40.329	0.175	0.893	6000.0
179	10.29	35.272	4.254	34.539	0.134	0.926	6000.0
180	11.027	37.812	4.395	36.039	0.169	0.918	6000.0
181	12.762	43.841	5.06	39.971	0.202	0.908	6000.0
182	11.283	38.445	4.592	37.095	0.156	0.911	6000.0
183	13.869	47.53	5.624	44.534	0.2	0.872	6000.0
184	12.942	44.391	5.331	41.921	0.189	0.893	6000.0
185	11.743	40.18	4.892	39.032	0.182	0.909	6000.0
186	12.928	44.184	5.432	41.581	0.177	0.899	6000.0
187	10.551	36.206	4.294	33.247	0.145	0.933	6000.0
188	11.116	38.158	4.18	34.147	0.165	0.928	6000.0
189	11.416	39.049	4.687	38.262	0.168	0.908	6000.0
190	11.828	40.561	4.616	37.103	0.172	0.92	6000.0
191	10.489	36.044	4.372	34.134	0.139	0.927	6000.0
192	11.7	40.258	4.824	39.055	0.154	0.903	6000.0
193	12.777	43.791	5.22	41.794	0.182	0.893	6000.0
194	10.442	35.8	4.297	33.743	0.152	0.924	6000.0
195	13.027	44.712	5.329	42.368	0.192	0.892	6000.0
196	9.474	32.464	3.854	31.973	0.124	0.929	6000.0
197	11.991	41.041	4.874	37.584	0.188	0.91	6000.0
198	11.83	40.63	4.979	38.875	0.152	0.907	6000.0
199	13.428	46.073	5.615	43.11	0.193	0.876	6000.0
200	10.605	36.198	4.277	33.732	0.146	0.936	6000.0
201	13.213	45.262	5.447	42.773	0.181	0.887	6000.0
202	12.283	42.203	5.042	39.258	0.196	0.892	6000.0
203	12.131	41.589	4.949	38.312	0.171	0.904	6000.0
204	10.838	37.234	4.521	36.538	0.146	0.912	6000.0
205	10.2	35.175	4.013	32.878	0.167	0.929	6000.0
206	11.053	37.827	4.257	33.306	0.162	0.929	6000.0
207	11.276	38.739	4.657	36.317	0.166	0.918	6000.0
208	10.848	37.286	4.554	36.479	0.153	0.922	6000.0
209	12.083	41.472	4.958	38.902	0.163	0.902	6000.0
210	10.556	36.078	4.178	35.265	0.14	0.914	6000.0
211	11.851	40.648	4.895	39.614	0.173	0.901	6000.0
212	11.81	40.656	5.023	37.713	0.199	0.899	6000.0
213	12.824	43.946	5.128	40.831	0.185	0.905	6000.0
214	12.381	42.433	4.969	40.188	0.17	0.903	6000.0
215	11.538	39.561	4.643	36.195	0.168	0.911	6000.0
216	10.567	36.121	4.363	34.634	0.136	0.928	6000.0
217	12.081	41.308	5.173	40.707	0.172	0.893	6000.0
218	12.233	41.816	4.949	40.141	0.177	0.894	6000.0
219	12.53	42.885	5.014	38.662	0.193	0.91	6000.0
220	11.175	38.339	4.484	35.831	0.14	0.925	6000.0
221	11.662	40.01	4.852	37.137	0.156	0.913	6000.0
222	11.663	39.982	4.983	38.505	0.164	0.909	6000.0
223	13.049	44.768	5.497	44.13	0.185	0.886	6000.0
224	11.47	39.323	4.482	36.134	0.165	0.913	6000.0
225	11.733	40.128	4.847	39.151	0.164	0.902	6000.0
226	11.198	38.422	4.56	35.394	0.145	0.918	6000.0
227	10.004	34.352	4.099	33.028	0.138	0.931	6000.0
228	12.687	43.451	5.199	41.375	0.178	0.894	6000.0
229	10.772	36.942	4.324	35.301	0.131	0.924	6000.0
230	12.363	42.29	5.02	39.525	0.164	0.904	6000.0
231	10.308	35.336	4.241	32.14	0.15	0.938	10000.0
232	12.756	43.588	5.512	43.51	0.189	0.884	6000.0
233	10.924	37.497	4.259	32.828	0.16	0.925	6000.0
234	14.231	48.871	5.963	45.757	0.218	0.872	6000.0
235	13.613	46.668	5.678	43.182	0.191	0.881	6000.0
236	12.627	43.186	5.026	39.545	0.166	0.904	6000.0
237	13.576	46.459	5.35	42.381	0.204	0.886	6000.0
238	12.023	41.071	4.889	38.29	0.177	0.905	6000.0
239	12.091	41.389	5.029	39.922	0.151	0.893	6000.0
240	14.094	48.512	5.9	44.441	0.233	0.865	6000.0
241	11.884	40.712	4.921	39.702	0.159	0.904	6000.0
242	13.059	44.704	5.454	43.902	0.192	0.884	6000.0
243	11.165	38.308	4.357	35.672	0.141	0.923	6000.0
244	14.216	48.521	5.952	44.827	0.243	0.87	6000.0
245	11.638	39.892	4.839	39.053	0.161	0.904	6000.0
246	13.183	45.214	5.352	41.848	0.177	0.896	6000.0
247	13.679	46.982	5.509	44.981	0.213	0.873	6000.0
248	11.95	40.977	4.965	38.929	0.171	0.908	6000.0
249	10.879	37.208	4.607	37.255	0.153	0.916	6000.0
250	12.458	42.727	5.365	42.249	0.182	0.89	6000.0
251	12.096	41.398	5.247	40.968	0.155	0.894	6000.0
252	11.431	39.046	4.678	38.034	0.147	0.917	6000.0
253	12.337	42.303	4.811	37.263	0.183	0.915	6000.0
254	11.679	39.949	4.745	37.598	0.162	0.91	6000.0
255	11.421	39.191	4.655	37.964	0.15	0.913	6000.0
256	12.131	41.654	4.941	38.623	0.177	0.919	6000.0
257	10.672	36.741	4.18	32.68	0.155	0.93	9000.0
258	11.888	40.796	4.736	37.637	0.167	0.917	6000.0
259	12.069	41.253	4.755	38.711	0.185	0.913	6000.0
260	11.1	38.009	4.715	38.256	0.15	0.908	6000.0
261	13.785	47.162	5.788	45.63	0.197	0.879	6000.0
262	11.91	40.708	5.178	38.773	0.165	0.916	6000.0
263	13.318	45.506	5.378	42.236	0.203	0.884	6000.0
264	12.437	42.631	5.001	39.196	0.178	0.894	6000.0
265	12.585	43.132	5.192	39.814	0.186	0.89	6000.0
266	10.752	36.846	4.147	33.669	0.149	0.923	6000.0
267	12.211	41.863	5.002	39.779	0.154	0.91	6000.0
268	12.117	41.585	4.953	39.007	0.171	0.901	6000.0
269	14.191	48.532	5.875	45.13	0.213	0.875	6000.0
270	11.668	39.962	4.762	37.476	0.134	0.916	6000.0
271	13.438	46.07	5.517	43.917	0.19	0.878	6000.0
272	10.917	37.249	4.363	36.72	0.134	0.92	6000.0
273	13.891	47.344	6.033	42.806	0.208	0.889	6000.0
274	11.174	38.306	4.383	34.713	0.155	0.922	6000.0
275	11.721	40.102	4.627	37.661	0.156	0.912	6000.0
276	10.722	36.569	4.295	34.08	0.151	0.926	6000.0
277	11.156	38.295	4.399	36.548	0.145	0.917	6000.0
278	10.844	37.221	4.514	36.912	0.147	0.919	6000.0
279	12.15	41.581	4.918	40.053	0.175	0.896	6000.0
280	10.876	37.162	4.281	34.764	0.145	0.928	6000.0
281	12.198	41.686	5.014	39.845	0.181	0.901	6000.0
282	10.807	37.014	4.393	35.568	0.144	0.921	6000.0
283	11.849	40.739	4.53	36.647	0.174	0.92	6000.0
284	12.961	44.513	5.712	44.0	0.2	0.878	6000.0
285	12.275	42.188	5.053	39.846	0.179	0.9	6000.0
286	12.856	44.172	5.151	42.313	0.179	0.893	6000.0
287	10.468	35.843	4.271	33.765	0.133	0.933	6000.0
288	11.752	40.316	4.64	38.266	0.161	0.903	6000.0
289	9.505	32.574	4.06	33.224	0.123	0.934	6000.0
290	11.139	38.202	4.403	35.131	0.137	0.921	6000.0
291	12.965	44.358	5.312	41.081	0.182	0.903	6000.0
292	11.966	41.11	4.704	38.772	0.172	0.904	6000.0
293	9.745	33.468	3.988	33.43	0.143	0.928	6000.0
294	12.772	43.647	5.073	40.683	0.177	0.899	6000.0
295	12.915	44.137	5.19	42.63	0.175	0.888	6000.0
296	14.664	50.141	6.327	46.865	0.234	0.872	6000.0
297	12.367	42.246	4.932	39.413	0.171	0.899	6000.0
298	11.508	39.423	4.591	34.6	0.157	0.925	6000.0
299	11.976	40.937	4.894	39.593	0.146	0.906	6000.0
300	14.34	49.091	5.913	45.007	0.213	0.865	6000.0
301	13.606	46.546	5.674	42.973	0.205	0.89	6000.0
302	12.172	41.82	5.031	38.147	0.195	0.909	6000.0
303	12.313	42.167	5.223	40.65	0.172	0.898	6000.0
304	13.018	44.618	5.075	41.698	0.19	0.891	6000.0
305	11.455	39.203	4.887	39.424	0.161	0.904	6000.0
306	11.155	38.22	4.196	33.965	0.136	0.93	6000.0
307	13.135	45.017	5.464	43.358	0.213	0.882	6000.0
308	11.759	40.338	4.742	37.659	0.161	0.91	6000.0
309	13.004	44.515	5.537	43.127	0.223	0.882	6000.0
310	11.299	38.776	4.495	36.791	0.153	0.917	6000.0
311	11.878	40.883	4.797	38.65	0.157	0.909	6000.0
312	11.247	38.714	4.621	38.009	0.148	0.906	6000.0
313	13.529	46.433	5.629	43.569	0.19	0.884	6000.0
314	11.55	39.472	4.617	35.857	0.155	0.921	6000.0
315	13.704	46.783	5.347	43.356	0.214	0.879	6000.0
316	11.598	39.69	4.516	36.885	0.163	0.917	6000.0
317	10.96	37.454	4.499	36.362	0.158	0.913	6000.0
318	10.974	37.633	4.375	35.712	0.139	0.921	6000.0
319	12.178	41.648	4.79	38.51	0.193	0.902	6000.0
320	11.962	41.168	4.901	38.365	0.172	0.904	6000.0
321	11.594	39.475	4.532	37.651	0.164	0.903	6000.0
322	11.684	40.255	4.521	34.873	0.163	0.924	6000.0
323	10.983	37.563	4.619	34.962	0.135	0.925	6000.0
324	10.662	36.549	4.412	34.06	0.13	0.925	6000.0
325	12.076	41.298	4.475	37.521	0.18	0.913	6000.0
326	11.487	39.366	4.737	37.284	0.163	0.915	6000.0
327	11.405	39.072	4.907	37.154	0.16	0.918	6000.0
328	13.469	46.023	5.815	44.568	0.209	0.88	6000.0
329	13.401	45.815	5.585	42.006	0.22	0.882	6000.0
330	11.896	40.808	4.861	38.184	0.165	0.908	6000.0
331	11.76	40.16	4.873	36.987	0.18	0.912	6000.0
332	12.901	44.244	5.313	41.068	0.183	0.887	6000.0
333	11.301	38.915	4.49	36.329	0.173	0.921	6000.0
334	12.313	42.043	4.87	40.07	0.179	0.905	6000.0
335	11.375	39.206	4.398	36.156	0.178	0.917	6000.0
336	13.318	45.638	5.261	42.211	0.202	0.891	6000.0
337	11.581	39.954	4.516	35.327	0.169	0.916	6000.0
338	12.662	43.35	5.337	41.28	0.168	0.892	6000.0
339	12.462	42.636	5.247	40.537	0.191	0.896	6000.0
340	11.403	39.059	4.802	38.252	0.158	0.912	6000.0
341	13.929	47.776	5.762	45.568	0.207	0.871	6000.0
342	11.916	40.837	4.371	36.075	0.156	0.923	7000.0
343	11.648	39.917	4.936	40.337	0.159	0.901	6000.0
344	11.191	38.325	4.505	37.278	0.126	0.915	6000.0
345	13.381	45.851	5.525	43.448	0.213	0.885	6000.0
346	12.503	42.881	5.182	41.598	0.169	0.892	6000.0
347	12.56	43.314	5.202	40.078	0.196	0.889	6000.0
348	11.717	40.199	4.741	36.729	0.164	0.919	6000.0
349	13.159	45.104	5.247	42.846	0.186	0.887	6000.0
350	11.587	39.841	4.505	37.78	0.171	0.908	6000.0
351	11.749	40.247	4.879	39.07	0.16	0.913	6000.0
352	12.847	44.092	5.092	39.591	0.181	0.906	6000.0
353	11.071	37.986	4.659	38.419	0.148	0.903	6000.0
354	10.818	37.04	4.112	33.191	0.136	0.939	6000.0
355	13.596	46.616	5.537	42.705	0.204	0.88	6000.0
356	11.222	38.49	4.464	35.352	0.158	0.914	6000.0
357	11.921	40.891	4.855	40.434	0.162	0.896	6000.0
358	10.635	36.542	4.272	34.39	0.14	0.925	6000.0
359	13.256	45.437	5.579	42.382	0.187	0.879	6000.0
360	11.9	40.799	4.593	36.251	0.153	0.929	6000.0
361	13.473	46.292	5.213	42.056	0.205	0.897	6000.0
362	12.355	42.397	4.884	39.64	0.168	0.902	6000.0
363	12.026	41.139	5.087	38.827	0.171	0.913	6000.0
364	12.005	40.917	4.921	38.631	0.165	0.907	6000.0
365	10.008	34.332	4.043	32.71	0.132	0.935	6000.0
366	11.427	39.186	4.571	37.133	0.147	0.913	6000.0
367	12.699	43.454	5.278	42.356	0.169	0.889	6000.0
368	11.866	40.539	4.601	37.026	0.175	0.911	6000.0
369	12.477	42.87	5.072	40.669	0.171	0.898	6000.0
370	11.22	38.563	4.575	36.99	0.159	0.915	6000.0
371	12.329	42.239	5.112	41.254	0.158	0.904	6000.0
372	11.699	40.1	4.613	35.86	0.172	0.927	6000.0
373	11.928	40.867	4.692	36.309	0.168	0.919	6000.0
374	11.879	40.806	5.048	40.683	0.154	0.897	6000.0
375	11.338	38.898	4.844	37.267	0.149	0.906	6000.0
376	10.981	37.69	4.278	35.513	0.152	0.922	6000.0
377	11.81	40.378	4.686	36.051	0.177	0.918	6000.0
378	11.778	40.39	5.004	39.049	0.172	0.9	6000.0
379	12.814	43.992	5.235	40.547	0.181	0.899	6000.0
380	11.67	40.058	4.893	40.278	0.148	0.905	6000.0
381	12.063	41.229	4.908	39.043	0.178	0.906	6000.0
382	11.698	40.171	4.481	37.374	0.164	0.907	6000.0
383	11.096	38.049	4.523	37.197	0.153	0.915	6000.0
384	11.758	40.248	4.877	37.987	0.175	0.906	6000.0
385	12.023	41.357	4.942	39.464	0.168	0.902	6000.0
386	12.183	41.862	5.175	41.552	0.174	0.895	6000.0
387	12.073	41.265	4.736	37.596	0.17	0.915	6000.0
388	11.021	37.8	4.394	36.086	0.143	0.92	6000.0
389	12.645	43.221	5.33	43.461	0.175	0.887	6000.0
390	11.634	39.83	4.549	37.253	0.148	0.912	6000.0
391	12.029	41.348	4.803	38.73	0.175	0.899	6000.0
392	12.85	44.116	5.474	41.35	0.195	0.89	6000.0
393	12.455	42.722	5.077	40.682	0.165	0.9	6000.0
394	12.391	42.587	5.417	41.682	0.173	0.889	6000.0
395	12.244	41.958	4.828	38.192	0.165	0.913	6000.0
396	10.749	36.895	4.597	35.907	0.146	0.921	6000.0
397	11.476	39.256	4.707	37.413	0.165	0.912	6000.0
398	12.731	43.581	5.629	42.411	0.179	0.888	6000.0
399	13.69	47.041	5.683	43.835	0.192	0.886	6000.0
400	11.236	38.506	4.685	37.85	0.175	0.912	6000.0
401	12.836	43.797	5.184	42.015	0.179	0.89	6000.0
402	11.569	39.625	4.606	37.411	0.193	0.905	6000.0
403	11.842	40.657	4.844	38.646	0.185	0.898	6000.0
404	12.312	41.952	5.093	39.591	0.21	0.898	6000.0
405	12.553	42.912	5.17	40.996	0.178	0.904	6000.0
406	12.683	43.425	5.049	40.382	0.176	0.904	6000.0
407	10.635	36.495	4.386	35.54	0.149	0.92	6000.0
408	12.466	42.665	4.877	40.228	0.185	0.9	6000.0
409	11.497	39.347	4.712	36.224	0.157	0.92	6000.0
410	10.819	37.046	4.323	33.284	0.149	0.935	6000.0
411	12.504	42.922	5.144	41.574	0.174	0.892	6000.0
412	13.635	46.725	5.739	45.152	0.2	0.878	6000.0
413	11.026	37.712	4.604	36.709	0.158	0.915	6000.0
414	10.588	36.243	4.511	36.684	0.139	0.916	6000.0
415	10.721	36.628	4.395	35.002	0.125	0.928	6000.0
416	12.928	44.464	5.056	40.487	0.174	0.898	6000.0
417	12.121	41.489	4.874	38.546	0.173	0.9	6000.0
418	12.398	42.443	5.099	41.058	0.179	0.896	6000.0
419	11.378	39.017	4.959	39.088	0.157	0.905	6000.0
420	11.877	40.676	4.799	38.867	0.165	0.903	6000.0
421	11.819	40.42	4.951	39.998	0.184	0.901	6000.0
422	11.955	41.177	4.89	37.756	0.175	0.908	6000.0
423	11.539	39.434	4.55	36.717	0.152	0.919	6000.0
424	10.953	37.506	4.185	34.191	0.155	0.927	6000.0
425	11.232	38.671	4.706	36.854	0.164	0.912	6000.0
426	12.23	41.913	4.743	38.064	0.199	0.907	6000.0
427	11.458	39.288	4.871	35.154	0.153	0.925	6000.0
428	12.488	42.887	5.388	42.056	0.188	0.889	6000.0
429	11.366	38.917	4.529	37.154	0.155	0.914	6000.0
430	12.614	43.089	5.019	40.024	0.154	0.903	6000.0
431	10.928	37.474	4.459	36.6	0.151	0.916	6000.0
432	12.573	43.194	5.182	41.1	0.178	0.891	6000.0
433	9.913	33.957	4.322	34.362	0.136	0.923	6000.0
434	12.094	41.251	5.094	40.834	0.147	0.894	6000.0
435	11.899	40.778	4.727	37.236	0.175	0.912	6000.0
436	14.548	49.887	5.944	45.0	0.239	0.88	6000.0
437	10.492	35.88	4.339	34.62	0.127	0.922	6000.0
438	12.918	44.305	5.272	42.087	0.202	0.893	6000.0
439	12.652	43.411	5.12	40.402	0.167	0.89	6000.0
440	11.889	40.705	4.948	39.912	0.164	0.903	6000.0
441	14.726	50.462	6.164	47.423	0.233	0.849	6000.0
442	12.755	43.762	5.195	41.064	0.204	0.89	6000.0
443	13.604	46.751	5.58	42.875	0.193	0.887	6000.0
444	12.364	42.312	5.022	41.376	0.179	0.894	6000.0
445	10.825	36.981	4.571	35.111	0.152	0.922	6000.0
446	12.819	43.973	4.934	39.363	0.209	0.897	6000.0
447	12.534	42.841	5.151	40.066	0.183	0.899	6000.0
448	12.404	42.448	5.269	42.037	0.186	0.894	6000.0
449	11.801	40.357	5.175	40.504	0.147	0.902	6000.0
450	13.182	45.329	5.487	43.279	0.204	0.873	6000.0
451	14.443	49.478	6.099	46.892	0.211	0.866	6000.0
452	12.128	41.502	5.079	41.497	0.153	0.898	6000.0
453	12.311	42.265	5.138	39.061	0.181	0.898	6000.0
454	12.329	42.179	4.942	38.789	0.178	0.908	6000.0
455	11.627	39.619	4.742	36.357	0.153	0.913	6000.0
456	12.093	41.44	4.777	38.44	0.161	0.907	6000.0
457	11.604	39.678	5.018	37.361	0.178	0.923	6000.0
458	11.036	37.792	4.3	34.404	0.144	0.927	6000.0
459	13.315	45.48	5.375	43.042	0.182	0.878	6000.0
460	11.153	38.225	4.324	34.465	0.139	0.926	6000.0
461	10.962	37.752	4.364	34.564	0.166	0.919	6000.0
462	13.937	47.557	5.527	44.313	0.2	0.88	6000.0
463	13.17	45.079	5.662	44.302	0.197	0.882	6000.0
464	13.803	47.245	5.798	45.222	0.197	0.879	6000.0
465	12.14	41.81	5.232	41.579	0.161	0.887	6000.0
466	11.165	38.212	4.617	36.972	0.154	0.915	6000.0
467	12.625	43.152	5.178	41.356	0.174	0.898	6000.0
468	12.432	42.502	5.255	40.756	0.161	0.899	6000.0
469	11.931	40.788	4.966	38.301	0.166	0.905	6000.0
470	13.551	46.29	5.57	44.656	0.195	0.876	6000.0
471	11.919	40.886	4.896	39.489	0.169	0.903	6000.0
472	11.647	39.855	4.704	36.856	0.166	0.919	6000.0
473	11.219	38.474	4.691	38.017	0.145	0.908	6000.0
474	11.514	39.556	4.556	35.356	0.162	0.926	6000.0
475	12.69	43.339	5.042	39.438	0.199	0.905	6000.0
476	10.042	34.366	4.131	33.314	0.151	0.931	6000.0
477	10.729	36.867	4.432	35.61	0.151	0.929	6000.0
478	12.161	41.753	5.068	39.678	0.169	0.901	6000.0
479	12.975	44.341	5.632	43.05	0.189	0.886	6000.0
480	12.116	41.364	5.286	40.697	0.163	0.897	6000.0
481	11.582	39.626	4.569	38.2	0.16	0.908	6000.0
482	10.818	37.152	4.611	36.531	0.153	0.911	6000.0
483	12.461	42.839	4.823	39.105	0.182	0.905	6000.0
484	12.088	41.384	4.98	38.879	0.161	0.906	6000.0
485	11.909	40.672	4.55	37.488	0.178	0.911	6000.0
486	10.036	34.357	4.137	33.306	0.126	0.927	6000.0
487	9.149	31.437	3.573	29.369	0.125	0.946	6000.0
488	12.239	41.948	5.026	41.241	0.181	0.893	6000.0
489	11.639	39.919	4.885	38.281	0.156	0.909	6000.0
490	12.236	41.89	4.727	37.552	0.178	0.903	6000.0
491	11.334	38.821	4.476	36.743	0.153	0.915	6000.0
492	10.799	36.881	4.245	35.634	0.127	0.921	6000.0
493	12.16	41.813	4.741	39.156	0.174	0.897	6000.0
494	11.691	40.231	4.622	37.464	0.186	0.907	6000.0
495	12.034	41.229	4.928	38.655	0.183	0.917	6000.0
496	13.156	45.221	5.652	43.292	0.189	0.887	6000.0
497	14.01	47.924	5.699	43.124	0.197	0.889	6000.0
498	12.782	43.893	5.393	42.612	0.189	0.886	6000.0
499	12.556	42.889	5.255	41.374	0.178	0.9	6000.0
500	10.711	36.673	4.127	35.019	0.15	0.928	6000.0
501	13.433	46.046	5.643	42.888	0.2	0.893	6000.0
502	10.096	34.801	4.228	33.783	0.135	0.919	6000.0
503	9.339	32.156	4.023	32.837	0.114	0.93	6000.0
504	11.792	40.402	4.832	38.271	0.186	0.9	6000.0
505	11.094	37.99	4.452	37.379	0.129	0.916	6000.0
506	10.823	37.147	4.423	34.971	0.15	0.924	6000.0
507	11.591	39.649	4.606	37.683	0.152	0.913	6000.0
508	11.752	40.369	5.088	40.042	0.167	0.899	6000.0
509	12.297	41.966	5.303	41.485	0.185	0.892	6000.0
510	12.033	41.271	5.065	40.336	0.167	0.903	6000.0
511	12.585	43.097	5.191	40.088	0.174	0.908	6000.0
512	11.783	40.433	4.863	38.824	0.162	0.911	6000.0
513	10.322	35.374	4.183	34.147	0.148	0.929	6000.0
514	12.037	41.311	4.877	40.091	0.163	0.902	6000.0
515	12.315	42.166	5.089	39.095	0.173	0.898	6000.0
516	10.821	37.078	4.264	33.935	0.155	0.927	6000.0
517	11.548	39.657	4.696	36.955	0.171	0.912	6000.0
518	12.108	41.522	5.12	40.88	0.173	0.894	6000.0
519	12.348	42.427	5.003	39.658	0.175	0.905	6000.0
520	10.889	37.41	4.462	37.35	0.139	0.908	6000.0
521	11.248	38.657	4.623	36.289	0.154	0.924	6000.0
522	11.85	40.596	4.804	39.358	0.162	0.899	6000.0
523	11.437	39.221	5.231	39.821	0.166	0.9	6000.0
524	10.423	35.613	4.103	33.644	0.133	0.923	6000.0
525	12.915	44.202	5.447	42.471	0.176	0.89	6000.0
526	12.651	43.615	5.085	40.707	0.177	0.894	6000.0
527	11.545	39.542	4.95	38.834	0.165	0.908	6000.0
528	11.329	38.702	4.681	36.842	0.175	0.912	6000.0
529	10.622	36.394	4.405	35.102	0.162	0.925	6000.0
530	11.707	40.042	4.582	36.163	0.158	0.922	6000.0
531	11.926	40.815	4.815	37.67	0.153	0.914	6000.0
532	12.724	43.602	5.058	40.202	0.182	0.91	6000.0
533	12.875	44.092	5.25	40.593	0.185	0.901	6000.0
534	12.138	41.677	4.658	37.401	0.157	0.916	6000.0
535	11.167	38.348	4.489	34.956	0.152	0.922	6000.0
536	9.594	32.827	3.801	30.576	0.144	0.941	6000.0
537	12.836	44.082	5.128	39.6	0.203	0.903	6000.0
538	12.097	41.28	5.191	40.974	0.166	0.899	6000.0
539	13.394	45.867	6.058	45.799	0.199	0.876	6000.0
540	11.231	38.61	4.632	37.169	0.163	0.906	6000.0
541	12.621	43.263	5.405	44.099	0.19	0.884	6000.0
542	12.341	42.168	5.083	39.68	0.167	0.909	6000.0
543	12.386	42.362	5.304	42.111	0.17	0.897	6000.0
544	11.277	38.638	4.703	38.216	0.155	0.907	6000.0
545	13.685	46.808	5.564	43.764	0.206	0.885	6000.0
546	11.408	39.002	4.812	37.459	0.146	0.917	6000.0
547	9.908	34.057	4.305	32.696	0.137	0.932	6000.0
548	12.626	43.26	5.068	40.249	0.19	0.897	6000.0
549	12.396	42.6	4.917	38.792	0.177	0.908	6000.0
550	11.634	39.852	4.878	39.104	0.16	0.903	6000.0
551	11.289	38.876	4.549	37.675	0.163	0.9	6000.0
552	12.058	41.289	4.821	39.372	0.162	0.908	6000.0
553	11.949	41.043	4.671	36.927	0.189	0.917	6000.0
554	12.624	43.282	5.275	42.06	0.174	0.893	6000.0
555	9.27	31.748	3.661	30.536	0.126	0.942	6000.0
556	12.441	42.647	5.255	41.779	0.167	0.894	6000.0
557	10.463	35.801	4.084	34.229	0.138	0.923	6000.0
558	13.289	45.406	5.419	42.2	0.197	0.877	6000.0
559	10.951	37.435	4.283	35.564	0.146	0.916	6000.0
560	12.711	43.655	5.076	41.586	0.167	0.885	6000.0
561	11.254	38.577	4.673	37.65	0.177	0.91	6000.0
562	10.182	34.949	3.883	32.495	0.129	0.932	6000.0
563	10.61	36.374	4.433	36.38	0.125	0.916	6000.0
564	10.571	36.114	4.195	33.559	0.148	0.922	6000.0
565	11.825	40.42	4.667	37.156	0.166	0.91	6000.0
566	12.538	42.851	4.836	37.686	0.185	0.915	6000.0
567	11.211	38.298	4.582	35.478	0.156	0.928	6000.0
568	13.281	45.671	5.751	43.098	0.212	0.886	6000.0
569	13.452	46.147	5.42	41.647	0.188	0.896	6000.0
570	12.909	44.171	5.258	41.585	0.182	0.898	6000.0
571	11.313	38.722	4.44	35.398	0.143	0.914	6000.0
572	12.258	41.96	4.997	39.932	0.149	0.903	6000.0
573	10.308	35.323	4.247	34.722	0.136	0.923	6000.0
574	11.405	39.109	4.565	37.148	0.173	0.908	6000.0
575	11.492	39.317	4.577	37.358	0.148	0.915	6000.0
576	11.612	39.699	4.806	36.867	0.153	0.919	6000.0
577	11.179	38.351	4.378	36.809	0.159	0.908	6000.0
578	12.19	41.748	5.002	39.655	0.219	0.895	6000.0
579	10.156	34.758	3.98	32.851	0.133	0.93	6000.0
580	11.755	40.284	4.924	39.513	0.181	0.9	6000.0
581	12.961	44.46	5.645	43.663	0.176	0.885	6000.0
582	12.979	44.507	5.061	40.191	0.204	0.896	6000.0
583	9.344	31.927	3.754	29.429	0.12	0.944	6000.0
584	10.84	37.257	4.287	34.939	0.15	0.921	6000.0
585	11.271	38.597	4.427	35.978	0.158	0.919	6000.0
586	11.752	40.262	4.496	36.746	0.167	0.918	6000.0
587	12.474	42.722	4.908	39.136	0.177	0.908	6000.0
588	11.986	41.183	4.913	39.378	0.164	0.903	6000.0
589	10.218	35.116	4.27	35.209	0.12	0.923	6000.0
590	11.978	41.018	4.59	37.333	0.155	0.913	6000.0
591	11.913	40.911	4.654	36.896	0.167	0.917	6000.0
592	11.613	39.747	4.789	38.316	0.178	0.908	6000.0
593	13.343	45.764	5.781	45.186	0.199	0.874	6000.0
594	11.77	40.444	4.491	36.998	0.159	0.917	6000.0
595	13.836	47.384	5.93	45.536	0.222	0.866	6000.0
596	12.583	43.238	5.231	41.136	0.186	0.889	6000.0
597	13.593	46.562	5.22	40.939	0.221	0.89	6000.0
598	14.75	50.258	5.972	47.872	0.217	0.863	6000.0
599	11.772	40.38	4.785	38.913	0.163	0.911	6000.0
600	11.814	40.461	4.701	39.031	0.15	0.908	6000.0
601	13.767	47.035	5.762	43.596	0.202	0.88	6000.0
602	12.222	41.835	5.193	40.014	0.167	0.904	6000.0
603	14.426	49.429	5.858	45.36	0.225	0.87	6000.0
604	12.185	41.749	5.221	40.545	0.172	0.901	6000.0
605	13.019	44.558	5.254	41.896	0.199	0.898	6000.0
606	12.02	41.335	4.553	37.611	0.176	0.91	6000.0
607	12.92	44.371	5.02	39.12	0.196	0.904	6000.0
608	12.481	42.77	5.136	40.119	0.193	0.909	6000.0
609	12.132	41.75	4.616	37.919	0.181	0.903	6000.0
610	9.628	33.012	3.725	29.808	0.139	0.946	6000.0
611	12.174	41.638	4.957	40.399	0.18	0.894	6000.0
612	11.986	41.066	4.78	37.735	0.177	0.912	6000.0
613	11.477	39.394	4.524	36.824	0.148	0.919	6000.0
614	12.881	44.219	5.257	42.027	0.183	0.895	6000.0
615	13.813	47.331	5.557	44.161	0.213	0.883	6000.0
616	13.832	47.491	5.728	42.385	0.21	0.892	6000.0
617	10.519	35.971	4.32	34.792	0.16	0.921	6000.0
618	12.396	42.356	4.954	40.473	0.17	0.897	6000.0
619	12.304	42.255	4.694	37.924	0.185	0.913	6000.0
620	11.81	40.632	4.614	36.303	0.159	0.914	6000.0
621	12.736	43.696	5.272	39.104	0.196	0.902	6000.0
622	11.18	38.322	4.446	35.599	0.167	0.917	6000.0
623	14.798	50.626	5.934	46.93	0.219	0.864	6000.0
624	10.203	34.945	4.164	34.526	0.144	0.923	6000.0
625	13.384	45.868	5.273	42.611	0.202	0.89	6000.0
626	11.141	38.136	4.37	35.491	0.151	0.922	6000.0
627	11.833	40.689	5.349	42.781	0.173	0.88	6000.0
628	12.383	42.374	5.182	40.44	0.166	0.899	6000.0
629	10.337	35.355	4.361	34.024	0.144	0.919	6000.0
630	12.626	43.315	5.13	40.122	0.174	0.906	6000.0
631	10.548	36.1	4.379	34.603	0.132	0.928	6000.0
632	11.888	40.773	5.195	41.36	0.18	0.889	6000.0
633	11.713	40.086	4.807	37.622	0.161	0.912	6000.0
634	12.335	42.209	4.976	39.014	0.181	0.901	6000.0
635	12.439	42.584	5.184	41.917	0.166	0.888	6000.0
636	10.408	35.743	4.114	33.436	0.144	0.932	6000.0
637	13.28	45.538	5.533	42.038	0.192	0.896	6000.0
638	11.005	37.715	4.321	35.94	0.149	0.921	6000.0
639	11.915	40.878	4.951	39.551	0.179	0.897	6000.0
640	13.194	45.22	5.379	42.057	0.202	0.886	6000.0
641	10.539	36.095	4.31	33.93	0.142	0.928	6000.0
642	12.297	42.119	5.139	42.526	0.167	0.893	6000.0
643	10.498	35.973	4.43	35.091	0.131	0.926	6000.0
644	13.082	44.801	5.3	41.69	0.185	0.898	6000.0
645	10.657	36.57	4.366	32.928	0.132	0.929	6000.0
646	11.264	38.622	4.409	35.25	0.151	0.924	6000.0
647	12.24	41.825	5.037	39.551	0.173	0.91	6000.0
648	11.784	40.421	5.162	40.89	0.158	0.896	6000.0
649	11.634	39.94	4.649	37.453	0.164	0.914	6000.0
650	11.744	40.463	5.01	38.153	0.178	0.908	6000.0
651	12.407	42.415	5.394	41.509	0.204	0.893	6000.0
652	14.065	48.167	5.806	43.717	0.198	0.9	6000.0
653	11.904	40.706	5.116	41.025	0.162	0.896	6000.0
654	12.785	43.854	5.057	40.751	0.194	0.891	6000.0
655	10.942	37.598	4.444	35.585	0.15	0.921	6000.0
656	11.12	38.224	4.47	36.82	0.14	0.916	6000.0
657	10.457	35.91	4.226	36.141	0.145	0.917	6000.0
658	11.801	40.441	4.723	38.883	0.199	0.902	6000.0
659	11.548	39.612	4.54	33.797	0.172	0.932	6000.0
660	11.47	39.428	4.628	38.585	0.167	0.912	6000.0
661	12.197	41.806	4.575	38.631	0.168	0.904	6000.0
662	11.34	38.877	4.396	35.916	0.145	0.918	6000.0
663	13.601	46.662	5.209	42.185	0.211	0.891	6000.0
664	11.081	38.093	4.45	35.845	0.171	0.921	6000.0
665	12.808	44.038	4.827	40.722	0.173	0.894	6000.0
666	10.726	36.663	4.742	37.606	0.142	0.913	6000.0
667	11.424	39.189	4.914	38.382	0.155	0.909	6000.0
668	11.253	38.516	4.569	37.295	0.16	0.912	6000.0
669	12.0	40.948	4.868	38.319	0.171	0.906	6000.0
670	10.982	37.593	4.546	33.657	0.149	0.935	6000.0
671	11.453	39.234	4.606	36.348	0.187	0.908	6000.0
672	13.239	45.475	5.509	42.418	0.215	0.885	6000.0
673	12.593	43.199	5.118	40.271	0.189	0.903	6000.0
674	12.275	42.188	5.256	40.87	0.187	0.885	6000.0
675	12.02	41.13	5.055	39.46	0.16	0.906	6000.0
676	12.13	41.544	4.721	36.762	0.167	0.922	6000.0
677	11.583	39.744	4.678	37.57	0.157	0.91	6000.0
678	12.979	44.57	5.584	42.769	0.183	0.884	6000.0
679	12.147	41.7	5.271	39.356	0.169	0.909	6000.0
680	11.376	39.032	4.542	35.893	0.154	0.916	6000.0
681	12.553	43.05	5.055	40.162	0.169	0.899	6000.0
682	13.606	46.464	5.438	43.835	0.196	0.881	6000.0
683	11.403	39.061	4.62	36.647	0.154	0.92	6000.0
684	12.502	42.742	5.58	42.88	0.179	0.883	6000.0
685	12.943	44.31	5.056	40.812	0.191	0.898	6000.0
686	12.07	41.201	4.717	36.788	0.177	0.921	6000.0
687	13.198	45.231	5.516	42.581	0.173	0.894	6000.0
688	12.316	42.065	5.458	41.368	0.171	0.891	6000.0
689	12.854	44.042	4.991	39.75	0.195	0.898	6000.0
690	12.627	43.371	5.24	41.623	0.201	0.891	6000.0
691	11.305	38.691	4.498	36.829	0.151	0.918	6000.0
692	11.076	37.81	4.31	33.883	0.151	0.928	6000.0
693	14.361	49.168	5.911	45.28	0.213	0.869	6000.0
694	11.149	38.056	4.637	37.351	0.154	0.92	6000.0
695	13.06	44.838	5.427	40.79	0.184	0.897	6000.0
696	11.271	38.587	4.53	35.909	0.161	0.924	6000.0
697	11.816	40.621	4.853	38.738	0.156	0.905	6000.0
698	12.373	42.32	5.211	40.889	0.181	0.903	6000.0
699	9.554	32.721	3.862	29.727	0.118	0.95	6000.0
700	11.831	40.51	5.044	40.286	0.164	0.905	6000.0
701	10.053	34.339	4.183	33.923	0.142	0.932	6000.0
702	9.517	32.518	3.999	29.875	0.135	0.944	6000.0
703	13.739	47.007	5.83	43.211	0.195	0.886	6000.0
704	12.352	42.223	5.213	40.997	0.179	0.888	6000.0
705	13.266	45.463	5.662	42.277	0.202	0.877	6000.0
706	14.801	50.882	6.079	48.298	0.236	0.851	6000.0
707	12.039	41.159	4.824	39.316	0.161	0.909	6000.0
708	10.207	34.922	4.444	36.029	0.126	0.922	6000.0
709	11.653	39.943	4.568	35.879	0.156	0.924	6000.0
710	12.644	43.438	5.052	40.511	0.193	0.897	6000.0
711	11.656	39.988	4.729	37.549	0.164	0.911	6000.0
712	11.894	40.717	4.857	36.623	0.188	0.919	6000.0
713	10.376	35.725	4.238	34.318	0.141	0.925	6000.0
714	12.632	43.442	4.977	39.68	0.178	0.908	6000.0
715	12.389	42.531	5.213	41.233	0.182	0.901	6000.0
716	13.223	45.181	5.574	43.122	0.189	0.89	6000.0
717	11.415	39.13	4.56	36.866	0.152	0.919	6000.0
718	13.808	47.263	5.653	44.68	0.196	0.877	6000.0
719	11.875	40.668	4.836	39.238	0.151	0.904	6000.0
720	12.486	42.814	5.059	41.357	0.164	0.894	6000.0
721	8.871	30.37	3.864	32.795	0.113	0.936	6000.0
722	12.425	42.602	5.162	40.454	0.162	0.901	6000.0
723	11.697	40.149	4.778	38.814	0.151	0.906	6000.0
724	11.159	38.363	4.245	33.42	0.167	0.931	6000.0
725	10.723	36.644	4.258	33.884	0.13	0.931	6000.0
726	12.071	41.349	4.819	39.342	0.172	0.91	6000.0
727	10.788	37.03	4.401	36.059	0.167	0.912	6000.0
728	10.499	36.073	4.157	32.606	0.159	0.929	6000.0
729	11.867	40.498	4.467	37.059	0.165	0.919	6000.0
730	14.012	48.072	5.954	44.272	0.203	0.873	6000.0
731	12.143	41.577	5.405	41.27	0.175	0.897	6000.0
732	12.203	41.785	4.837	39.129	0.19	0.904	6000.0
733	13.034	44.679	5.101	40.166	0.194	0.89	6000.0
734	12.033	41.3	5.054	40.439	0.169	0.902	6000.0
735	11.21	38.234	4.588	35.388	0.159	0.925	6000.0
736	11.699	40.017	4.847	39.366	0.151	0.907	6000.0
737	12.457	42.685	5.287	41.517	0.174	0.897	6000.0
738	12.905	44.164	5.321	43.118	0.176	0.885	6000.0
739	13.716	47.017	5.68	44.902	0.201	0.879	6000.0
740	11.632	39.995	4.567	36.759	0.17	0.914	6000.0
741	10.521	36.016	4.231	33.269	0.142	0.935	6000.0
742	14.376	49.301	5.933	47.232	0.203	0.858	6000.0
743	11.21	38.357	4.657	37.985	0.136	0.913	6000.0
744	12.154	41.472	4.988	39.217	0.156	0.906	6000.0
745	12.67	43.408	5.089	39.458	0.205	0.896	6000.0
746	12.659	43.281	5.204	39.721	0.176	0.898	6000.0
747	12.285	41.92	5.032	37.607	0.167	0.911	6000.0
748	10.967	37.684	4.488	35.849	0.153	0.919	6000.0
749	11.824	40.465	4.954	38.79	0.151	0.911	6000.0
750	13.79	47.231	5.958	44.963	0.188	0.874	6000.0
751	10.928	37.568	4.171	33.79	0.159	0.924	6000.0
752	12.994	44.364	5.405	41.332	0.185	0.896	6000.0
753	13.192	45.169	5.503	40.784	0.17	0.897	6000.0
754	12.298	41.979	5.131	40.504	0.161	0.9	6000.0
755	12.712	43.349	5.025	40.885	0.187	0.897	6000.0
756	11.75	40.322	4.622	38.208	0.177	0.912	6000.0
757	11.589	39.832	4.794	39.874	0.161	0.902	6000.0
758	11.183	38.15	4.553	36.307	0.147	0.915	6000.0
759	9.147	31.41	3.67	29.976	0.123	0.944	6000.0
760	11.924	40.892	4.964	39.448	0.158	0.906	6000.0
761	10.74	36.719	4.546	35.233	0.136	0.921	6000.0
762	11.466	39.365	4.647	38.5	0.171	0.905	6000.0
763	11.119	38.31	4.183	35.428	0.174	0.908	6000.0
764	11.599	39.76	4.806	38.035	0.169	0.918	6000.0
765	13.479	46.081	5.587	43.43	0.22	0.881	6000.0
766	11.072	37.994	4.38	36.524	0.151	0.918	6000.0
767	12.459	42.691	4.847	40.475	0.161	0.898	6000.0
768	11.982	40.729	5.23	38.28	0.167	0.91	6000.0
769	13.476	46.161	5.259	42.508	0.185	0.891	6000.0
770	13.088	44.977	4.924	38.186	0.216	0.902	6000.0
771	12.121	41.585	5.327	39.558	0.184	0.911	6000.0
772	12.239	41.953	4.964	40.788	0.189	0.89	6000.0
773	10.987	37.584	4.189	35.265	0.146	0.921	6000.0
774	11.537	39.621	4.832	39.193	0.154	0.908	6000.0
775	11.298	38.758	4.504	37.334	0.153	0.915	6000.0
776	12.901	43.97	5.437	41.617	0.181	0.89	6000.0
777	11.424	39.216	4.768	37.207	0.156	0.919	6000.0
778	11.102	38.073	4.37	36.385	0.152	0.919	6000.0
779	12.361	42.277	5.171	40.452	0.156	0.896	6000.0
780	10.387	35.638	4.356	33.721	0.143	0.929	6000.0
781	11.743	40.221	4.861	37.821	0.159	0.911	6000.0
782	10.99	37.68	4.248	35.352	0.154	0.921	6000.0
783	11.557	39.526	4.693	37.036	0.148	0.918	6000.0
784	11.268	38.828	5.054	39.43	0.153	0.908	6000.0
785	9.84	33.89	3.775	31.477	0.147	0.937	6000.0
786	9.126	31.32	3.855	31.079	0.116	0.942	6000.0
787	14.54	49.795	6.177	47.129	0.232	0.862	6000.0
788	11.435	39.258	4.486	36.652	0.164	0.918	6000.0
789	11.875	40.686	4.837	40.709	0.161	0.897	6000.0
790	11.253	38.454	4.708	37.386	0.155	0.913	6000.0
791	13.658	46.693	5.738	43.373	0.224	0.887	6000.0
792	9.52	32.628	3.861	31.902	0.133	0.936	6000.0
793	13.293	45.662	5.446	42.13	0.19	0.898	6000.0
794	12.142	41.674	4.914	39.696	0.17	0.904	6000.0
795	13.264	45.484	5.538	43.788	0.177	0.887	6000.0
796	10.871	37.255	4.555	35.802	0.15	0.922	6000.0
797	11.922	41.023	5.087	37.971	0.184	0.903	6000.0
798	12.423	42.495	4.997	39.737	0.181	0.899	6000.0
799	11.053	37.707	4.513	34.493	0.155	0.928	6000.0
800	11.865	40.707	4.618	36.77	0.177	0.91	6000.0
801	12.681	43.389	5.232	40.312	0.18	0.895	6000.0
802	9.751	33.436	4.059	34.884	0.11	0.924	6000.0
803	12.516	43.005	5.02	41.41	0.178	0.89	6000.0
804	12.613	43.27	5.02	40.844	0.197	0.899	6000.0
805	9.977	34.13	4.249	33.621	0.134	0.933	6000.0
806	11.93	40.916	4.571	37.734	0.174	0.913	6000.0
807	10.422	35.699	4.309	34.052	0.137	0.931	6000.0
808	11.12	38.156	4.586	36.131	0.154	0.92	6000.0
809	11.526	39.516	4.423	36.269	0.157	0.918	6000.0
810	12.296	42.038	5.116	40.173	0.166	0.904	6000.0
811	11.985	41.235	4.969	40.033	0.184	0.899	6000.0
812	10.367	35.447	4.444	35.33	0.156	0.914	6000.0
813	11.881	40.709	4.823	39.397	0.173	0.905	6000.0
814	13.027	44.716	5.292	41.224	0.19	0.898	6000.0
815	10.312	35.242	4.274	33.6	0.129	0.931	6000.0
816	11.981	41.114	4.819	38.514	0.171	0.897	6000.0
817	13.491	46.191	5.519	43.618	0.204	0.879	6000.0
818	12.425	42.531	5.018	40.715	0.187	0.891	6000.0
819	9.609	32.853	3.797	30.667	0.131	0.947	6000.0
820	10.472	35.985	4.151	34.167	0.14	0.927	6000.0
821	12.494	42.618	5.028	37.598	0.188	0.905	6000.0
822	12.398	42.512	5.183	41.997	0.178	0.891	6000.0
823	10.588	36.417	4.349	35.468	0.136	0.918	6000.0
824	10.545	36.235	4.096	32.449	0.131	0.936	6000.0
825	12.63	43.343	5.271	41.95	0.176	0.894	6000.0
826	11.157	38.245	4.462	35.468	0.14	0.923	6000.0
827	11.733	40.189	4.583	37.475	0.165	0.915	6000.0
828	12.711	43.472	5.008	40.544	0.173	0.9	6000.0
829	10.766	36.768	4.221	34.638	0.141	0.93	6000.0
830	11.882	40.79	4.535	37.692	0.166	0.911	6000.0
831	12.62	43.349	4.962	40.178	0.189	0.893	6000.0
832	12.821	43.821	5.082	40.784	0.202	0.892	6000.0
833	11.967	41.031	4.625	38.642	0.169	0.912	6000.0
834	11.13	38.207	4.623	37.182	0.149	0.914	6000.0
835	10.65	36.566	4.311	34.774	0.152	0.925	6000.0
836	12.265	41.975	5.076	40.837	0.162	0.898	6000.0
837	11.906	40.748	4.859	38.98	0.16	0.907	6000.0
838	10.64	36.368	4.494	36.839	0.145	0.915	6000.0
839	10.86	37.058	4.666	35.109	0.162	0.92	6000.0
840	12.163	41.893	4.79	40.137	0.168	0.896	6000.0
841	14.934	51.237	6.604	48.066	0.21	0.855	6000.0
842	12.375	42.404	4.943	39.306	0.193	0.9	6000.0
843	12.041	41.234	4.889	40.537	0.17	0.903	6000.0
844	13.265	45.417	5.367	42.862	0.213	0.887	6000.0
845	9.839	33.786	3.888	31.924	0.123	0.934	6000.0
846	11.797	40.363	4.673	38.356	0.162	0.906	6000.0
847	13.049	44.614	5.467	42.665	0.208	0.881	6000.0
848	10.661	36.386	4.183	34.686	0.139	0.931	6000.0
849	11.908	40.832	4.758	38.972	0.166	0.909	6000.0
850	12.919	44.367	5.223	40.182	0.176	0.901	6000.0
851	12.466	42.762	5.163	41.951	0.167	0.893	6000.0
852	10.453	35.879	4.175	35.389	0.129	0.918	6000.0
853	11.589	39.747	4.69	38.249	0.165	0.91	6000.0
854	12.643	43.264	5.11	39.705	0.182	0.901	6000.0
855	11.467	39.406	4.835	39.376	0.149	0.908	6000.0
856	10.65	36.512	4.479	36.407	0.136	0.919	6000.0
857	12.064	41.473	4.651	38.191	0.164	0.912	6000.0
858	11.959	41.164	4.748	37.564	0.184	0.906	6000.0
859	13.041	44.626	5.394	43.83	0.208	0.885	6000.0
860	14.177	48.535	5.875	44.554	0.224	0.888	6000.0
861	11.872	40.75	4.597	37.874	0.16	0.914	6000.0
862	11.423	39.059	4.725	38.255	0.145	0.907	6000.0
863	12.196	41.858	4.712	38.102	0.189	0.912	6000.0
864	12.449	42.768	5.211	41.043	0.2	0.894	6000.0
865	13.02	44.599	5.509	41.275	0.171	0.897	7000.0
866	11.399	39.062	4.486	36.328	0.147	0.918	6000.0
867	11.33	38.761	4.61	37.626	0.165	0.908	6000.0
868	11.388	39.082	4.767	37.512	0.163	0.918	6000.0
869	10.623	36.352	4.395	35.766	0.134	0.914	6000.0
870	13.713	47.043	5.645	43.515	0.21	0.884	6000.0
871	12.829	44.129	5.126	39.767	0.18	0.905	6000.0
872	12.945	44.214	5.255	41.39	0.185	0.891	6000.0
873	12.201	41.821	4.933	40.197	0.206	0.889	6000.0
874	12.526	42.965	5.095	39.817	0.203	0.898	6000.0
875	13.554	46.353	5.329	41.88	0.201	0.881	6000.0
876	10.52	36.172	4.243	33.46	0.148	0.93	6000.0
877	13.48	46.211	5.397	41.452	0.196	0.9	6000.0
878	12.527	42.928	5.027	41.104	0.172	0.895	6000.0
879	11.34	38.707	4.634	35.589	0.153	0.922	6000.0
880	13.077	44.979	5.152	39.883	0.186	0.902	6000.0
881	11.816	40.274	5.044	38.59	0.158	0.899	6000.0
882	13.288	45.5	5.853	43.738	0.203	0.87	6000.0
883	11.591	39.803	4.732	37.765	0.161	0.911	6000.0
884	12.51	43.07	5.089	41.152	0.183	0.885	6000.0
885	11.063	37.865	4.52	36.841	0.141	0.917	6000.0
886	12.369	42.567	5.189	40.685	0.171	0.892	6000.0
887	11.226	38.434	4.75	37.633	0.167	0.908	6000.0
888	9.739	33.347	3.843	30.272	0.121	0.943	6000.0
889	10.686	36.667	4.458	35.744	0.136	0.924	6000.0
890	12.693	43.61	5.071	41.237	0.193	0.897	6000.0
891	12.338	42.261	5.161	40.719	0.195	0.893	6000.0
892	12.713	43.714	5.054	41.054	0.189	0.894	6000.0
893	12.101	41.403	4.976	41.887	0.184	0.895	6000.0
894	10.877	37.312	3.976	31.861	0.167	0.933	6000.0
895	10.763	36.752	4.215	33.609	0.154	0.925	6000.0
896	11.573	39.622	4.902	38.068	0.151	0.916	6000.0
897	13.28	45.519	5.276	40.86	0.194	0.894	6000.0
898	12.598	43.205	5.209	41.763	0.159	0.898	6000.0
899	11.503	39.414	4.486	36.284	0.164	0.918	6000.0
900	13.257	45.448	5.253	42.902	0.215	0.878	6000.0
901	10.898	37.362	4.606	36.393	0.15	0.924	6000.0
902	9.7	33.255	3.968	31.46	0.122	0.942	6000.0
903	11.313	38.863	4.319	37.461	0.163	0.907	6000.0
904	11.341	38.869	4.551	36.703	0.164	0.914	6000.0
905	10.838	37.034	4.577	35.514	0.145	0.928	6000.0
906	11.627	39.792	4.715	37.426	0.161	0.915	6000.0
907	11.906	40.797	4.829	37.191	0.173	0.921	6000.0
908	12.286	42.022	5.015	40.128	0.162	0.895	6000.0
909	11.159	38.397	4.717	36.146	0.16	0.915	6000.0
910	11.567	39.659	4.557	37.101	0.16	0.911	6000.0
911	13.302	45.564	5.311	40.999	0.223	0.886	6000.0
912	12.234	42.013	4.946	38.505	0.194	0.908	6000.0
913	10.986	37.677	4.626	37.016	0.156	0.92	6000.0
914	12.454	42.585	5.391	40.775	0.183	0.89	6000.0
915	12.165	41.665	5.056	40.124	0.164	0.894	6000.0
916	10.748	36.794	4.52	34.564	0.138	0.929	6000.0
917	12.894	44.198	5.1	40.178	0.185	0.9	6000.0
918	11.679	40.014	4.604	38.315	0.176	0.911	7000.0
919	13.899	47.584	5.684	44.835	0.198	0.87	6000.0
920	12.023	41.382	4.977	38.456	0.169	0.903	6000.0
921	10.49	36.067	4.515	34.601	0.163	0.927	6000.0
922	12.128	41.483	4.893	38.61	0.173	0.897	6000.0
923	10.445	35.817	4.586	35.857	0.127	0.927	6000.0
924	13.339	45.666	5.022	40.832	0.186	0.894	6000.0
925	11.207	38.528	4.743	38.122	0.152	0.898	7000.0
926	12.399	42.485	4.934	40.367	0.158	0.903	6000.0
927	12.049	41.157	5.164	40.017	0.165	0.903	6000.0
928	11.598	39.769	4.632	37.994	0.164	0.916	6000.0
929	11.276	38.503	4.948	38.407	0.14	0.911	6000.0
930	14.446	49.592	6.203	46.642	0.223	0.872	6000.0
931	11.255	38.477	4.412	35.533	0.14	0.923	6000.0
932	12.204	42.017	4.681	37.572	0.188	0.897	6000.0
933	11.938	41.011	4.818	37.72	0.18	0.922	6000.0
934	13.134	45.045	5.579	43.888	0.182	0.879	6000.0
935	11.264	38.49	4.896	37.552	0.159	0.917	6000.0
936	10.689	36.564	4.272	34.187	0.147	0.929	6000.0
937	11.652	40.024	4.516	36.924	0.163	0.914	6000.0
938	11.812	40.578	4.575	37.386	0.183	0.915	6000.0
939	13.322	45.759	5.2	41.538	0.187	0.891	6000.0
940	12.898	44.328	4.977	39.557	0.18	0.897	6000.0
941	13.22	45.361	5.45	42.044	0.197	0.89	6000.0
942	12.386	42.51	5.15	41.384	0.192	0.887	6000.0
943	13.449	46.05	5.497	44.378	0.196	0.881	6000.0
944	12.688	43.517	5.57	43.156	0.183	0.886	6000.0
945	11.964	41.164	4.711	35.842	0.155	0.92	6000.0
946	12.906	44.202	5.292	42.132	0.193	0.897	6000.0
947	11.774	40.332	5.057	39.432	0.17	0.903	6000.0
948	12.183	41.654	5.003	41.091	0.161	0.897	6000.0
949	12.339	42.249	4.882	38.746	0.18	0.91	6000.0
950	12.624	43.354	5.104	41.053	0.18	0.896	6000.0
951	14.782	50.712	6.442	49.428	0.217	0.851	6000.0
952	11.728	40.156	4.743	37.706	0.159	0.907	6000.0
953	11.382	38.946	4.547	36.402	0.155	0.922	6000.0
954	12.323	42.159	4.939	39.026	0.16	0.901	6000.0
955	11.445	39.163	4.681	38.024	0.158	0.906	6000.0
956	9.574	32.796	3.894	32.855	0.124	0.934	6000.0
957	15.093	51.717	6.353	47.884	0.24	0.864	6000.0
958	11.771	40.228	4.842	39.132	0.174	0.904	6000.0
959	12.716	43.566	5.114	39.36	0.194	0.905	6000.0
960	12.221	41.862	4.788	39.144	0.153	0.911	6000.0
961	12.452	42.612	5.136	39.629	0.188	0.899	6000.0
962	11.421	39.293	4.507	36.694	0.175	0.911	6000.0
963	13.413	46.042	5.371	42.722	0.208	0.885	6000.0
964	12.112	41.622	4.727	38.666	0.179	0.905	6000.0
965	13.522	46.511	5.549	44.04	0.193	0.884	6000.0
966	12.201	41.744	5.307	40.187	0.177	0.906	6000.0
967	11.245	38.596	4.977	39.795	0.172	0.899	6000.0
968	9.878	33.75	4.098	32.923	0.131	0.936	6000.0
969	11.941	40.859	4.823	39.099	0.171	0.911	6000.0
970	12.056	41.396	4.845	38.996	0.173	0.902	6000.0
971	12.245	41.84	4.909	38.67	0.182	0.906	6000.0
972	12.541	43.018	5.096	41.028	0.172	0.902	6000.0
973	11.043	37.852	4.675	35.778	0.152	0.915	6000.0
974	14.251	48.951	5.704	45.3	0.22	0.874	6000.0
975	13.113	45.042	5.376	41.35	0.191	0.897	6000.0
976	11.537	39.474	4.731	38.112	0.153	0.905	6000.0
977	11.012	37.67	4.954	34.744	0.136	0.932	6000.0
978	14.417	49.405	5.886	48.066	0.247	0.858	6000.0
979	11.656	39.899	4.544	38.236	0.169	0.906	6000.0
980	12.855	44.062	5.192	41.591	0.204	0.894	6000.0
981	11.031	37.762	4.502	35.759	0.141	0.923	6000.0
982	11.535	39.642	4.694	40.104	0.141	0.895	6000.0
983	10.204	35.089	4.215	34.13	0.134	0.925	6000.0
984	11.927	40.799	4.765	36.508	0.162	0.922	6000.0
985	11.88	40.721	5.109	38.492	0.156	0.912	6000.0
986	12.19	41.94	4.757	37.038	0.188	0.91	6000.0
987	10.795	36.976	4.518	36.418	0.147	0.923	6000.0
988	12.517	42.915	5.04	41.896	0.178	0.888	6000.0
989	13.021	44.716	5.133	40.643	0.187	0.897	6000.0
990	12.263	42.178	5.207	38.871	0.186	0.905	6000.0
991	13.969	47.889	5.469	44.932	0.218	0.871	6000.0
992	12.867	43.947	5.471	44.358	0.18	0.873	6000.0
993	10.52	36.033	4.355	35.581	0.148	0.927	6000.0
994	12.05	41.478	4.632	38.363	0.179	0.9	6000.0
995	10.382	35.766	4.559	36.094	0.128	0.926	6000.0
996	12.136	41.612	4.877	37.816	0.162	0.914	6000.0
997	11.303	38.691	4.286	35.328	0.166	0.922	6000.0
998	13.692	46.735	5.415	42.709	0.184	0.885	6000.0
999	11.909	40.934	4.898	39.442	0.184	0.896	6000.0
1000	14.099	48.165	6.034	44.3	0.238	0.88	6000.0
