NMF_Replicate	L1	L1 %	L2	L2 %	KL Divergence	Correlation	Convergence Iterations
1	1.593	9.09	0.839	8.29	0.03	0.994	6000.0
2	0.399	2.321	0.262	2.066	0.007	1.0	6000.0
3	0.713	3.748	0.447	4.027	0.014	0.998	6000.0
4	1.674	9.95	0.871	7.82	0.043	0.995	6000.0
5	0.99	5.3	0.649	5.488	0.029	0.997	6000.0
6	0.996	5.591	0.584	5.164	0.022	0.998	6000.0
7	0.743	4.177	0.47	4.451	0.02	0.998	6000.0
8	1.534	9.022	0.822	7.414	0.026	0.995	6000.0
9	1.643	9.09	0.842	7.666	0.033	0.996	6000.0
10	0.789	4.498	0.458	4.23	0.01	0.998	6000.0
11	0.951	5.243	0.589	5.249	0.022	0.997	6000.0
12	2.034	11.265	1.026	9.27	0.034	0.995	6000.0
13	0.813	4.427	0.489	4.253	0.014	0.998	6000.0
14	1.427	7.718	0.696	6.5	0.026	0.997	6000.0
15	1.454	8.017	0.737	6.61	0.028	0.997	7000.0
16	0.828	4.776	0.479	4.336	0.022	0.998	6000.0
17	1.17	6.677	0.641	5.813	0.014	0.997	6000.0
18	0.879	5.063	0.491	4.602	0.016	0.998	6000.0
19	1.649	9.28	0.896	8.224	0.031	0.997	6000.0
20	0.694	3.836	0.44	3.882	0.013	0.999	6000.0
21	0.0	0.0	0.0	0.0	0.0	1.0	6000.0
22	1.266	7.106	0.698	6.573	0.027	0.998	6000.0
23	1.717	9.904	0.89	8.093	0.029	0.995	6000.0
24	1.69	9.517	0.857	8.131	0.027	0.996	6000.0
25	0.836	4.719	0.523	5.263	0.021	0.996	7000.0
26	1.466	8.177	0.757	6.899	0.017	0.997	6000.0
27	2.063	11.809	1.034	10.535	0.036	0.992	6000.0
28	2.57	14.219	1.44	13.757	0.051	0.987	6000.0
29	1.539	8.691	0.762	7.194	0.03	0.997	6000.0
30	1.05	5.789	0.56	4.632	0.017	0.998	6000.0
31	1.493	8.542	0.761	7.113	0.018	0.997	6000.0
32	2.527	14.159	1.374	12.586	0.037	0.99	9000.0
33	0.414	2.394	0.291	2.648	0.014	0.999	6000.0
34	0.787	4.133	0.528	5.268	0.018	0.996	6000.0
35	1.45	7.921	0.873	8.342	0.028	0.994	6000.0
36	1.554	8.758	0.752	6.775	0.023	0.998	6000.0
37	1.022	5.794	0.626	5.724	0.026	0.997	6000.0
38	1.082	5.549	0.506	4.369	0.012	0.998	6000.0
39	1.261	7.122	0.709	6.382	0.024	0.997	8000.0
40	0.568	3.065	0.333	2.811	0.012	0.999	6000.0
41	0.526	2.663	0.278	2.364	0.008	0.999	6000.0
42	1.311	7.546	0.745	6.695	0.017	0.997	6000.0
43	1.973	11.275	1.021	9.82	0.032	0.993	6000.0
44	1.599	8.791	0.794	7.39	0.028	0.995	6000.0
45	1.643	9.491	0.891	8.661	0.043	0.995	6000.0
46	1.376	7.463	0.74	6.721	0.026	0.996	6000.0
47	0.695	3.808	0.419	4.056	0.014	0.998	6000.0
48	1.539	8.976	0.876	7.946	0.02	0.994	6000.0
49	1.771	10.14	0.885	8.398	0.032	0.995	6000.0
50	1.324	7.659	0.809	7.661	0.017	0.996	6000.0
51	0.767	4.324	0.504	4.267	0.019	0.999	6000.0
52	1.941	11.234	1.036	10.15	0.033	0.994	6000.0
53	1.271	6.868	0.727	6.827	0.033	0.992	6000.0
54	1.323	7.196	0.813	7.495	0.027	0.995	6000.0
55	1.097	6.153	0.636	6.004	0.016	0.997	6000.0
56	1.693	8.969	0.906	8.339	0.011	0.994	6000.0
57	0.785	4.424	0.431	4.185	0.015	0.999	14000.0
58	0.62	3.377	0.388	3.17	0.011	1.0	6000.0
59	2.287	13.081	1.211	11.942	0.047	0.984	6000.0
60	0.941	5.379	0.561	5.154	0.018	0.998	6000.0
61	0.881	4.909	0.507	4.616	0.012	0.998	6000.0
62	1.914	10.634	0.988	8.377	0.032	0.996	6000.0
63	1.096	6.073	0.585	5.361	0.02	0.997	8000.0
64	1.065	5.857	0.555	5.114	0.013	0.998	6000.0
65	0.971	5.508	0.532	5.042	0.018	0.998	6000.0
66	1.041	5.685	0.567	4.682	0.013	0.998	6000.0
67	1.965	10.944	1.0	9.433	0.026	0.993	6000.0
68	1.106	5.854	0.616	5.593	0.021	0.996	6000.0
69	0.907	5.001	0.514	4.61	0.009	0.998	8000.0
70	1.617	8.967	0.82	7.181	0.025	0.996	7000.0
71	1.153	6.382	0.633	5.976	0.016	0.997	6000.0
72	1.205	6.668	0.714	6.065	0.01	0.998	6000.0
73	1.233	6.514	0.616	5.552	0.018	0.997	6000.0
74	0.991	5.574	0.541	5.007	0.02	0.998	6000.0
75	1.174	6.415	0.682	6.049	0.031	0.997	7000.0
76	0.343	1.903	0.22	1.913	0.008	1.0	6000.0
77	1.105	6.139	0.6	5.371	0.011	0.998	6000.0
78	0.917	5.177	0.51	4.761	0.014	0.998	6000.0
79	1.269	7.259	0.708	6.631	0.015	0.996	6000.0
80	1.769	9.451	0.884	8.472	0.034	0.99	6000.0
81	1.918	11.055	1.004	9.313	0.028	0.994	6000.0
82	1.537	8.422	0.984	9.51	0.043	0.992	6000.0
83	0.45	2.541	0.281	2.702	0.012	0.998	6000.0
84	2.768	15.668	1.608	14.735	0.025	0.985	6000.0
85	1.298	6.938	0.748	6.376	0.013	0.996	6000.0
86	1.447	8.587	0.773	7.24	0.015	0.996	6000.0
87	1.996	11.344	1.049	10.42	0.028	0.993	6000.0
88	1.76	9.825	0.968	8.204	0.022	0.995	6000.0
89	0.784	4.324	0.443	3.932	0.011	0.999	6000.0
90	0.873	5.062	0.544	5.049	0.026	0.997	6000.0
91	0.429	2.289	0.252	2.206	0.008	0.999	6000.0
92	1.748	10.13	0.989	9.48	0.032	0.994	6000.0
93	1.28	7.07	0.671	6.704	0.023	0.996	6000.0
94	1.661	9.315	0.793	6.894	0.033	0.997	6000.0
95	1.11	6.319	0.588	5.068	0.021	0.998	6000.0
96	1.312	7.385	0.727	6.252	0.018	0.998	6000.0
97	0.895	5.121	0.494	4.795	0.018	0.998	6000.0
98	0.687	3.971	0.44	4.115	0.008	0.998	6000.0
99	1.682	9.36	0.95	8.737	0.011	0.995	7000.0
100	2.115	11.716	1.034	9.813	0.021	0.995	6000.0
101	1.582	9.242	0.876	8.123	0.041	0.995	6000.0
102	1.025	5.894	0.581	5.139	0.012	0.999	6000.0
103	1.528	8.293	0.852	7.954	0.025	0.996	6000.0
104	0.801	4.521	0.56	4.924	0.025	0.998	6000.0
105	0.578	3.231	0.353	3.332	0.014	0.999	6000.0
106	2.03	10.891	1.093	9.455	0.031	0.994	6000.0
107	1.026	5.732	0.563	5.428	0.022	0.997	6000.0
108	0.761	4.315	0.41	3.711	0.012	0.999	6000.0
109	0.939	4.904	0.522	4.579	0.015	0.998	6000.0
110	1.305	7.436	0.723	6.809	0.023	0.997	6000.0
111	1.277	7.158	0.724	6.533	0.017	0.998	6000.0
112	1.347	7.533	0.794	6.869	0.022	0.997	6000.0
113	0.898	4.886	0.548	4.765	0.011	0.998	20000.0
114	0.646	3.412	0.425	3.68	0.015	0.997	6000.0
115	1.312	7.456	0.727	7.616	0.03	0.995	6000.0
116	2.092	11.942	1.18	10.896	0.029	0.994	6000.0
117	1.197	6.721	0.703	6.341	0.017	0.997	6000.0
118	1.123	6.203	0.598	5.177	0.017	0.998	6000.0
119	1.208	6.757	0.68	6.918	0.023	0.996	6000.0
120	1.164	6.519	0.628	5.714	0.025	0.998	6000.0
121	1.077	5.916	0.639	6.104	0.027	0.996	6000.0
122	1.329	7.468	0.708	6.366	0.021	0.998	6000.0
123	0.859	4.81	0.462	4.226	0.013	0.999	6000.0
124	1.406	7.864	0.696	6.625	0.024	0.996	6000.0
125	1.361	7.667	0.787	6.635	0.017	0.996	6000.0
126	2.155	11.856	1.255	11.253	0.045	0.991	6000.0
127	0.658	3.622	0.438	3.726	0.022	0.998	6000.0
128	1.176	6.816	0.623	5.901	0.024	0.998	6000.0
129	1.002	5.603	0.558	5.329	0.013	0.998	6000.0
130	1.136	6.349	0.614	5.344	0.019	0.998	7000.0
131	2.109	11.987	1.2	11.034	0.028	0.992	6000.0
132	1.72	9.857	0.948	8.753	0.024	0.994	6000.0
133	2.157	12.322	1.106	10.759	0.022	0.993	6000.0
134	2.094	12.068	1.055	10.037	0.036	0.994	6000.0
135	1.353	7.57	0.721	6.952	0.024	0.998	6000.0
136	2.425	13.795	1.352	12.635	0.041	0.981	6000.0
137	2.037	11.918	1.062	10.729	0.033	0.992	6000.0
138	1.295	7.341	0.851	7.819	0.037	0.995	6000.0
139	1.916	10.34	0.977	8.856	0.036	0.995	7000.0
140	1.2	6.751	0.651	5.74	0.023	0.998	6000.0
141	1.241	6.885	0.805	7.092	0.033	0.997	6000.0
142	0.28	1.593	0.198	2.205	0.002	0.999	6000.0
143	1.143	6.746	0.636	6.193	0.014	0.997	6000.0
144	0.973	5.551	0.545	4.937	0.022	0.998	6000.0
145	0.902	4.96	0.511	4.957	0.018	0.998	6000.0
146	0.991	5.709	0.605	5.785	0.013	0.998	6000.0
147	0.796	4.559	0.433	4.106	0.009	0.999	11000.0
148	1.409	7.776	0.746	7.039	0.022	0.996	6000.0
149	1.064	5.967	0.593	5.406	0.011	0.998	6000.0
150	1.04	5.878	0.609	5.718	0.026	0.997	6000.0
151	1.838	10.408	1.041	9.868	0.025	0.993	7000.0
152	0.822	4.436	0.463	4.327	0.022	0.998	6000.0
153	1.251	7.035	0.753	6.698	0.026	0.997	6000.0
154	1.586	8.679	0.855	7.613	0.02	0.996	6000.0
155	0.997	5.618	0.589	5.862	0.022	0.997	6000.0
156	1.487	8.463	0.824	7.314	0.025	0.997	6000.0
157	1.207	6.629	0.645	6.436	0.027	0.996	6000.0
158	2.084	12.269	1.104	10.373	0.029	0.991	6000.0
159	1.632	9.385	0.876	7.542	0.038	0.997	6000.0
160	1.051	6.044	0.525	5.0	0.016	0.997	6000.0
161	1.205	6.784	0.626	6.235	0.012	0.996	6000.0
162	0.61	3.362	0.365	3.432	0.01	0.999	6000.0
163	1.547	8.531	0.956	8.582	0.028	0.994	6000.0
164	0.643	3.69	0.352	3.07	0.009	0.999	6000.0
165	1.242	7.007	0.736	6.852	0.033	0.996	6000.0
166	1.247	6.678	0.697	6.239	0.027	0.996	6000.0
167	1.042	5.734	0.698	6.535	0.02	0.995	6000.0
168	0.937	5.266	0.573	4.948	0.011	0.998	9000.0
169	1.171	6.749	0.738	6.841	0.028	0.996	10000.0
170	0.991	5.525	0.547	5.501	0.024	0.997	11000.0
171	1.554	9.166	0.852	7.668	0.023	0.995	6000.0
172	1.598	8.67	0.9	8.422	0.027	0.995	6000.0
173	1.19	6.842	0.668	5.898	0.016	0.998	6000.0
174	1.136	6.198	0.609	5.347	0.012	0.997	6000.0
175	1.574	8.766	0.787	7.231	0.021	0.997	6000.0
176	1.456	8.398	0.736	6.634	0.025	0.997	6000.0
177	0.944	5.497	0.523	4.719	0.008	0.999	6000.0
178	0.619	3.447	0.409	3.764	0.01	0.999	6000.0
179	0.456	2.541	0.279	2.558	0.011	0.999	6000.0
180	0.806	4.734	0.482	4.43	0.014	0.998	6000.0
181	0.863	4.896	0.516	4.785	0.017	0.997	6000.0
182	1.001	5.786	0.565	5.514	0.016	0.998	6000.0
183	0.96	5.588	0.586	5.052	0.016	0.998	8000.0
184	1.545	8.79	0.862	7.801	0.031	0.996	6000.0
185	0.855	4.702	0.543	5.462	0.015	0.996	6000.0
186	1.137	6.558	0.661	6.195	0.008	0.998	6000.0
187	1.392	7.698	0.761	7.411	0.024	0.996	6000.0
188	0.943	5.342	0.514	4.784	0.016	0.998	6000.0
189	2.09	12.67	1.084	10.061	0.038	0.993	6000.0
190	0.744	4.108	0.459	3.976	0.01	0.999	7000.0
191	1.073	6.089	0.547	4.968	0.013	0.998	6000.0
192	1.399	7.846	0.749	6.848	0.028	0.997	6000.0
193	1.6	8.438	0.98	8.81	0.043	0.992	6000.0
194	1.869	10.55	0.909	8.876	0.031	0.995	6000.0
195	1.446	8.354	0.815	7.87	0.031	0.995	6000.0
196	1.978	10.909	1.221	12.234	0.065	0.988	6000.0
197	0.633	3.39	0.419	3.737	0.009	0.999	6000.0
198	1.135	6.434	0.592	5.391	0.026	0.998	6000.0
199	1.283	7.446	0.649	5.799	0.02	0.998	6000.0
200	1.551	8.684	0.864	7.663	0.032	0.996	6000.0
201	0.48	2.624	0.339	3.122	0.012	0.999	6000.0
202	1.062	5.685	0.546	5.406	0.021	0.998	6000.0
203	1.015	5.931	0.535	4.72	0.02	0.999	6000.0
204	1.655	9.328	0.96	8.444	0.02	0.995	6000.0
205	1.58	9.215	0.946	8.528	0.016	0.995	6000.0
206	1.158	6.905	0.684	6.288	0.024	0.997	6000.0
207	1.622	8.967	0.826	7.711	0.017	0.996	6000.0
208	0.998	5.519	0.612	5.654	0.025	0.996	6000.0
209	1.33	7.541	0.678	6.589	0.015	0.997	6000.0
210	1.125	6.239	0.566	5.061	0.015	0.998	6000.0
211	1.32	7.551	0.678	6.132	0.034	0.997	6000.0
212	1.209	6.939	0.721	6.196	0.03	0.998	6000.0
213	1.011	5.674	0.565	5.174	0.016	0.997	14000.0
214	1.168	6.753	0.674	6.342	0.01	0.997	6000.0
215	1.532	8.6	0.759	7.115	0.028	0.996	6000.0
216	1.122	5.999	0.626	5.88	0.031	0.997	6000.0
217	1.445	8.083	0.759	7.548	0.017	0.995	6000.0
218	2.409	13.518	1.214	10.755	0.044	0.994	6000.0
219	1.339	7.511	0.728	6.682	0.027	0.997	6000.0
220	1.272	6.921	0.728	6.547	0.008	0.997	6000.0
221	1.534	8.737	0.86	8.426	0.036	0.994	6000.0
222	0.77	4.247	0.479	4.677	0.022	0.998	6000.0
223	1.747	9.768	0.851	7.401	0.034	0.996	6000.0
224	0.909	5.056	0.519	4.82	0.01	0.999	6000.0
225	0.505	2.786	0.317	2.966	0.008	0.999	6000.0
226	0.689	3.955	0.44	4.224	0.014	0.998	6000.0
227	1.714	9.614	0.84	7.917	0.019	0.996	6000.0
228	1.724	9.505	0.954	8.895	0.022	0.994	6000.0
229	1.115	6.143	0.621	5.567	0.016	0.998	6000.0
230	1.557	8.843	0.774	7.205	0.019	0.997	6000.0
231	1.301	6.889	0.742	6.949	0.026	0.996	6000.0
232	2.245	12.56	1.081	11.251	0.035	0.993	6000.0
233	1.947	10.932	1.086	9.436	0.029	0.994	6000.0
234	2.155	12.04	1.049	9.576	0.036	0.993	6000.0
235	0.636	3.514	0.389	3.597	0.01	0.999	6000.0
236	1.064	6.14	0.566	4.982	0.014	0.998	12000.0
237	0.593	3.351	0.375	3.26	0.011	0.999	6000.0
238	1.613	9.104	0.835	8.033	0.024	0.996	6000.0
239	1.88	10.463	0.908	8.602	0.039	0.994	7000.0
240	2.139	11.788	1.145	11.151	0.035	0.991	6000.0
241	0.939	5.172	0.63	5.602	0.021	0.998	6000.0
242	1.194	6.534	0.713	6.039	0.022	0.997	6000.0
243	1.814	10.375	0.992	9.294	0.021	0.995	6000.0
244	1.988	11.377	0.98	9.381	0.037	0.995	6000.0
245	1.513	8.166	0.815	7.41	0.022	0.996	6000.0
246	1.756	9.727	0.926	8.641	0.025	0.994	6000.0
247	0.936	5.541	0.573	5.042	0.011	0.998	6000.0
248	1.1	6.204	0.692	6.19	0.01	0.997	6000.0
249	2.379	12.957	1.294	12.326	0.027	0.988	6000.0
250	1.789	9.724	0.906	8.429	0.013	0.994	6000.0
251	1.314	7.196	0.732	7.085	0.026	0.996	6000.0
252	0.87	4.969	0.474	4.245	0.011	0.999	6000.0
253	1.747	9.703	0.891	8.139	0.022	0.996	9000.0
254	2.238	12.945	1.238	10.943	0.031	0.991	6000.0
255	0.652	3.669	0.377	3.457	0.019	0.999	6000.0
256	1.191	6.694	0.636	5.903	0.022	0.997	6000.0
257	0.804	4.493	0.444	3.821	0.01	0.999	6000.0
258	1.419	8.089	0.781	7.255	0.016	0.996	6000.0
259	0.692	3.621	0.39	3.707	0.014	0.998	6000.0
260	0.2	1.146	0.141	1.337	0.008	1.0	6000.0
261	1.711	9.571	0.989	8.595	0.03	0.996	6000.0
262	1.588	8.849	0.887	9.118	0.043	0.99	6000.0
263	1.381	7.806	0.737	6.953	0.022	0.996	6000.0
264	1.826	10.494	0.915	8.656	0.035	0.993	6000.0
265	1.375	7.816	0.856	8.088	0.043	0.994	6000.0
266	0.9	5.16	0.585	5.555	0.024	0.997	6000.0
267	1.159	6.477	0.619	5.206	0.023	0.998	6000.0
268	0.978	5.458	0.575	5.256	0.013	0.998	6000.0
269	0.78	4.45	0.505	5.032	0.019	0.997	6000.0
270	0.953	5.309	0.529	4.502	0.008	0.999	6000.0
271	1.466	8.518	0.823	7.61	0.032	0.996	6000.0
272	1.067	6.087	0.609	5.839	0.024	0.997	6000.0
273	0.525	2.814	0.317	2.866	0.014	0.999	6000.0
274	2.466	13.725	1.254	11.707	0.032	0.991	6000.0
275	0.7	4.061	0.441	4.825	0.019	0.996	6000.0
276	2.399	13.705	1.27	12.384	0.034	0.991	6000.0
277	1.225	6.944	0.642	5.893	0.019	0.998	6000.0
278	2.296	13.095	1.317	11.954	0.043	0.992	6000.0
279	1.653	9.134	0.817	7.276	0.024	0.996	6000.0
280	0.979	5.641	0.624	5.23	0.014	0.997	6000.0
281	1.119	6.225	0.592	5.442	0.013	0.998	6000.0
282	0.134	0.726	0.094	0.725	0.003	1.0	6000.0
283	1.438	8.255	0.765	6.727	0.026	0.997	6000.0
284	1.009	5.654	0.581	5.831	0.025	0.997	6000.0
285	0.998	5.61	0.61	5.477	0.012	0.998	6000.0
286	1.101	6.291	0.644	5.917	0.031	0.998	6000.0
287	1.154	6.555	0.612	5.609	0.019	0.998	6000.0
288	1.931	10.688	0.966	8.883	0.036	0.995	7000.0
289	1.447	8.128	0.764	6.677	0.026	0.997	6000.0
290	1.691	9.542	0.957	8.687	0.017	0.996	6000.0
291	1.357	7.664	0.901	8.16	0.027	0.995	6000.0
292	1.794	10.227	0.952	8.216	0.023	0.996	6000.0
293	1.288	7.169	0.757	6.966	0.023	0.996	7000.0
294	0.868	4.905	0.544	4.957	0.018	0.998	6000.0
295	2.39	13.641	1.375	13.375	0.043	0.988	6000.0
296	1.702	9.474	0.922	9.308	0.021	0.994	6000.0
297	0.595	3.316	0.356	3.073	0.007	0.999	20000.0
298	0.725	4.018	0.416	3.844	0.015	0.999	6000.0
299	2.223	12.518	1.309	12.42	0.024	0.99	6000.0
300	0.887	5.28	0.561	4.733	0.008	0.998	6000.0
301	1.528	8.987	0.854	7.567	0.028	0.996	6000.0
302	1.301	7.185	0.688	5.525	0.025	0.998	6000.0
303	1.485	8.298	0.801	7.225	0.037	0.996	6000.0
304	1.763	9.906	0.951	9.654	0.028	0.993	6000.0
305	1.66	9.778	0.962	8.386	0.021	0.995	6000.0
306	1.053	5.819	0.588	5.045	0.012	0.998	6000.0
307	1.619	9.17	0.958	10.309	0.035	0.989	6000.0
308	0.937	5.241	0.584	5.821	0.023	0.997	6000.0
309	1.186	6.57	0.612	5.462	0.01	0.998	6000.0
310	0.806	4.355	0.466	4.228	0.024	0.998	6000.0
311	1.264	7.065	0.713	6.243	0.02	0.997	6000.0
312	0.63	3.374	0.399	3.532	0.014	0.999	6000.0
313	0.805	4.903	0.507	4.717	0.009	0.997	6000.0
314	0.748	4.103	0.431	3.821	0.011	0.999	6000.0
315	0.711	3.896	0.398	3.794	0.008	0.998	6000.0
316	0.827	4.677	0.555	4.603	0.008	0.998	6000.0
317	1.1	5.922	0.641	5.756	0.01	0.998	6000.0
318	2.187	11.755	1.16	10.716	0.035	0.991	6000.0
319	1.227	6.846	0.587	5.825	0.017	0.997	6000.0
320	1.697	9.587	1.019	10.639	0.042	0.988	6000.0
321	0.847	4.932	0.477	4.491	0.006	0.998	6000.0
322	1.021	5.769	0.581	5.591	0.012	0.998	6000.0
323	1.076	5.932	0.644	5.386	0.022	0.998	12000.0
324	0.962	5.34	0.6	5.616	0.021	0.998	6000.0
325	0.922	5.167	0.517	4.731	0.015	0.999	6000.0
326	1.454	8.15	0.87	8.144	0.035	0.996	6000.0
327	0.658	3.798	0.428	3.683	0.008	0.999	6000.0
328	0.624	3.391	0.38	3.473	0.015	0.998	6000.0
329	1.385	7.97	0.79	7.014	0.017	0.997	6000.0
330	1.159	6.735	0.711	6.545	0.035	0.997	6000.0
331	0.539	3.168	0.381	3.756	0.016	0.998	6000.0
332	1.291	7.418	0.729	6.601	0.017	0.996	6000.0
333	1.387	7.883	0.784	7.328	0.037	0.994	6000.0
334	0.874	5.163	0.508	4.495	0.005	0.998	7000.0
335	1.989	11.421	1.012	8.917	0.035	0.992	6000.0
336	0.731	3.918	0.435	3.865	0.019	0.998	6000.0
337	0.893	4.964	0.511	4.403	0.017	0.999	6000.0
338	1.586	8.828	0.915	8.691	0.018	0.995	6000.0
339	1.515	8.1	0.806	7.43	0.03	0.996	6000.0
340	0.79	4.456	0.426	4.039	0.012	0.999	6000.0
341	1.576	8.7	0.842	7.786	0.037	0.996	6000.0
342	0.927	4.865	0.512	4.696	0.017	0.998	6000.0
343	1.207	6.267	0.592	5.234	0.022	0.998	6000.0
344	1.147	6.269	0.65	5.516	0.015	0.997	6000.0
345	1.569	8.546	0.782	7.325	0.025	0.996	6000.0
346	1.063	5.899	0.577	5.141	0.016	0.998	6000.0
347	0.591	3.491	0.392	3.515	0.014	0.998	6000.0
348	0.777	4.126	0.505	4.576	0.019	0.998	6000.0
349	1.373	7.799	0.808	7.384	0.015	0.994	6000.0
350	2.012	11.14	1.026	10.136	0.036	0.993	6000.0
351	1.717	9.767	0.987	9.407	0.026	0.993	6000.0
352	1.343	7.578	0.846	7.714	0.041	0.995	6000.0
353	1.248	6.974	0.72	6.615	0.042	0.996	6000.0
354	0.922	4.962	0.568	5.019	0.027	0.998	6000.0
355	2.145	11.897	1.035	9.283	0.039	0.992	6000.0
356	1.858	10.41	1.019	9.158	0.027	0.993	6000.0
357	0.428	2.511	0.275	2.614	0.011	0.999	6000.0
358	0.881	4.847	0.553	4.861	0.021	0.998	7000.0
359	1.456	8.104	0.689	6.879	0.024	0.996	8000.0
360	1.377	7.898	0.734	6.437	0.012	0.997	6000.0
361	1.655	9.214	0.862	7.901	0.014	0.997	6000.0
362	0.938	5.286	0.529	5.01	0.02	0.998	6000.0
363	1.618	9.358	0.872	8.337	0.019	0.993	6000.0
364	1.862	10.479	1.091	9.204	0.025	0.995	8000.0
365	1.633	8.887	0.919	8.138	0.03	0.996	6000.0
366	1.442	8.186	0.693	6.683	0.019	0.997	6000.0
367	0.516	2.827	0.339	2.694	0.006	1.0	6000.0
368	1.845	10.467	0.934	8.566	0.036	0.994	6000.0
369	0.814	4.662	0.42	3.508	0.013	0.999	6000.0
370	1.04	5.916	0.661	6.158	0.023	0.997	6000.0
371	0.779	4.277	0.428	3.64	0.01	0.999	6000.0
372	1.416	7.903	0.888	8.174	0.037	0.996	7000.0
373	1.575	8.776	0.835	7.152	0.019	0.997	6000.0
374	0.615	3.501	0.378	3.68	0.016	0.999	6000.0
375	1.102	6.369	0.591	5.514	0.025	0.998	6000.0
376	0.94	5.178	0.541	5.17	0.021	0.998	6000.0
377	0.985	5.37	0.55	4.938	0.01	0.997	6000.0
378	2.467	14.157	1.235	12.003	0.039	0.99	6000.0
379	1.915	10.887	0.946	9.275	0.03	0.994	6000.0
380	0.6	3.248	0.391	3.839	0.015	0.998	7000.0
381	1.711	10.036	0.953	8.906	0.033	0.995	6000.0
382	1.355	7.404	0.708	6.296	0.024	0.997	6000.0
383	1.457	8.151	0.865	7.537	0.022	0.996	6000.0
384	1.631	9.062	0.951	8.135	0.018	0.995	6000.0
385	0.966	5.23	0.538	5.008	0.013	0.997	8000.0
386	2.101	12.05	1.101	10.155	0.033	0.991	6000.0
387	1.152	6.286	0.686	7.102	0.028	0.994	6000.0
388	1.276	7.006	0.66	5.99	0.024	0.997	6000.0
389	1.828	10.308	0.952	8.966	0.028	0.995	6000.0
390	1.123	6.178	0.628	5.951	0.028	0.996	6000.0
391	0.98	5.252	0.55	5.115	0.029	0.997	6000.0
392	1.579	8.824	0.858	7.71	0.018	0.996	6000.0
393	0.802	4.477	0.499	5.134	0.025	0.997	6000.0
394	0.852	4.909	0.46	4.144	0.007	0.999	6000.0
395	1.344	7.667	0.714	6.694	0.015	0.997	6000.0
396	1.274	7.092	0.701	6.333	0.013	0.998	6000.0
397	0.813	4.632	0.443	4.065	0.008	0.999	6000.0
398	1.492	8.275	0.794	7.483	0.039	0.996	6000.0
399	0.916	5.154	0.591	5.423	0.022	0.997	6000.0
400	1.103	6.454	0.669	6.362	0.024	0.997	6000.0
401	1.094	6.126	0.571	4.939	0.014	0.998	6000.0
402	1.909	10.793	0.938	9.006	0.037	0.994	6000.0
403	1.458	8.351	0.751	6.844	0.026	0.997	6000.0
404	1.09	6.153	0.605	5.706	0.02	0.997	6000.0
405	0.55	3.092	0.376	3.206	0.014	0.999	6000.0
406	1.67	9.769	0.965	8.886	0.017	0.995	6000.0
407	1.168	6.368	0.622	5.911	0.017	0.997	11000.0
408	1.626	9.358	0.894	7.86	0.023	0.996	6000.0
409	1.277	7.136	0.751	6.607	0.031	0.997	6000.0
410	0.926	5.31	0.56	5.166	0.02	0.998	6000.0
411	1.595	8.655	0.957	8.314	0.041	0.994	6000.0
412	1.734	9.209	0.849	8.44	0.036	0.993	6000.0
413	1.183	6.465	0.632	5.877	0.017	0.997	6000.0
414	1.553	8.67	0.85	7.259	0.024	0.997	6000.0
415	0.812	4.545	0.48	4.925	0.021	0.997	7000.0
416	1.065	5.778	0.585	4.923	0.01	0.998	6000.0
417	0.977	5.46	0.494	4.713	0.008	0.998	6000.0
418	0.883	4.798	0.535	5.211	0.015	0.998	6000.0
419	0.805	4.799	0.546	4.911	0.023	0.997	6000.0
420	1.677	9.155	0.882	8.189	0.041	0.994	6000.0
421	0.921	5.069	0.508	4.556	0.017	0.999	6000.0
422	1.38	7.671	0.827	7.639	0.026	0.997	6000.0
423	1.613	9.466	0.773	8.318	0.032	0.993	7000.0
424	0.97	5.215	0.587	5.258	0.005	0.998	8000.0
425	0.233	1.295	0.163	1.523	0.005	1.0	6000.0
426	1.219	6.914	0.732	6.524	0.038	0.996	6000.0
427	1.419	8.093	0.809	7.779	0.03	0.995	6000.0
428	1.484	8.303	0.797	6.986	0.023	0.996	6000.0
429	2.675	15.101	1.333	12.452	0.038	0.991	6000.0
430	1.283	7.416	0.675	6.128	0.018	0.998	6000.0
431	1.075	5.53	0.652	5.684	0.03	0.997	6000.0
432	1.746	10.076	0.938	8.849	0.029	0.995	6000.0
433	1.885	10.496	0.966	8.692	0.02	0.995	6000.0
434	1.718	9.338	0.949	8.479	0.019	0.995	6000.0
435	1.799	10.087	0.975	9.022	0.024	0.994	6000.0
436	1.818	9.754	0.991	8.241	0.023	0.995	6000.0
437	1.817	10.478	0.898	8.087	0.045	0.995	6000.0
438	1.457	7.904	0.824	7.207	0.024	0.997	6000.0
439	0.8	4.51	0.535	5.061	0.02	0.996	6000.0
440	0.869	4.9	0.504	4.375	0.005	0.999	6000.0
441	2.203	12.536	1.073	10.89	0.029	0.992	6000.0
442	1.719	9.288	0.834	8.112	0.023	0.994	6000.0
443	0.8	4.396	0.566	5.405	0.023	0.994	6000.0
444	1.649	9.269	0.999	9.398	0.037	0.995	6000.0
445	2.078	11.737	1.096	10.297	0.052	0.992	6000.0
446	1.792	10.143	0.904	8.631	0.035	0.992	7000.0
447	1.089	6.087	0.664	6.198	0.024	0.997	6000.0
448	0.644	3.552	0.413	3.829	0.015	0.999	6000.0
449	1.78	9.919	0.93	8.564	0.026	0.996	6000.0
450	0.578	3.123	0.345	2.9	0.003	1.0	6000.0
451	1.878	10.624	0.997	8.994	0.049	0.994	6000.0
452	0.803	4.373	0.446	3.966	0.003	0.999	6000.0
453	0.732	4.081	0.466	4.299	0.018	0.998	6000.0
454	0.922	5.046	0.488	4.414	0.015	0.998	6000.0
455	0.761	4.208	0.516	4.517	0.02	0.999	6000.0
456	1.324	7.853	0.716	6.543	0.028	0.997	6000.0
457	1.873	10.396	0.934	9.202	0.038	0.994	13000.0
458	0.877	5.019	0.526	4.823	0.01	0.998	6000.0
459	1.605	8.755	0.809	7.232	0.027	0.996	6000.0
460	1.244	7.091	0.634	6.295	0.013	0.997	6000.0
461	1.143	6.538	0.715	7.326	0.026	0.994	6000.0
462	1.742	10.002	0.913	8.828	0.04	0.993	6000.0
463	1.367	7.293	0.764	7.061	0.023	0.996	6000.0
464	1.16	6.601	0.715	7.009	0.017	0.996	6000.0
465	1.26	7.286	0.66	6.006	0.019	0.997	6000.0
466	1.656	9.352	0.885	8.395	0.028	0.996	6000.0
467	1.349	7.464	0.702	6.334	0.014	0.996	6000.0
468	1.344	7.828	0.754	6.448	0.028	0.997	6000.0
469	1.447	7.65	0.702	7.039	0.024	0.994	6000.0
470	1.286	7.498	0.731	6.295	0.014	0.997	6000.0
471	0.982	5.629	0.558	5.15	0.011	0.998	6000.0
472	1.409	7.851	0.707	6.076	0.022	0.997	6000.0
473	0.639	3.626	0.399	3.34	0.005	0.999	6000.0
474	1.617	9.207	0.865	7.506	0.029	0.996	6000.0
475	1.903	10.461	1.021	8.669	0.03	0.995	6000.0
476	1.083	6.309	0.593	5.422	0.023	0.998	6000.0
477	1.181	6.727	0.608	5.739	0.013	0.998	6000.0
478	0.706	4.153	0.458	3.57	0.014	0.999	12000.0
479	1.451	7.987	0.853	7.425	0.024	0.997	6000.0
480	1.536	8.948	0.857	8.391	0.023	0.992	9000.0
481	1.03	5.587	0.553	5.261	0.024	0.996	14000.0
482	1.237	6.988	0.678	6.126	0.025	0.997	6000.0
483	1.262	7.283	0.721	6.226	0.022	0.998	6000.0
484	0.737	4.02	0.447	3.969	0.009	0.999	8000.0
485	0.374	2.085	0.264	2.614	0.009	0.999	6000.0
486	0.4	2.112	0.249	2.163	0.013	0.999	6000.0
487	1.049	5.849	0.567	4.984	0.018	0.999	6000.0
488	1.762	9.775	1.004	8.768	0.032	0.996	6000.0
489	1.095	6.296	0.585	5.415	0.011	0.998	6000.0
490	1.196	6.739	0.644	5.899	0.014	0.998	12000.0
491	0.888	5.059	0.498	4.533	0.016	0.999	6000.0
492	1.026	5.901	0.576	5.36	0.012	0.998	6000.0
493	1.318	7.197	0.701	5.905	0.015	0.998	6000.0
494	1.618	9.174	0.885	8.058	0.027	0.995	6000.0
495	0.598	3.265	0.338	3.037	0.005	1.0	6000.0
496	1.533	8.271	0.81	7.025	0.037	0.997	6000.0
497	0.969	5.241	0.527	4.667	0.006	0.998	6000.0
498	1.69	9.615	0.873	7.604	0.031	0.996	6000.0
499	1.833	10.263	1.037	8.774	0.025	0.992	6000.0
500	1.665	9.501	0.966	8.848	0.035	0.995	6000.0
501	2.265	12.739	1.265	11.616	0.036	0.992	6000.0
502	1.242	6.949	0.597	5.429	0.032	0.996	6000.0
503	1.259	6.968	0.761	7.393	0.029	0.995	6000.0
504	1.292	7.382	0.743	7.302	0.025	0.996	6000.0
505	0.938	5.588	0.542	5.744	0.023	0.996	6000.0
506	0.689	3.848	0.37	3.307	0.022	0.998	6000.0
507	0.551	3.022	0.349	3.15	0.018	0.998	6000.0
508	1.264	6.879	0.664	6.274	0.023	0.997	6000.0
509	0.506	2.812	0.325	3.07	0.009	0.999	6000.0
510	1.543	8.4	0.769	7.319	0.021	0.996	10000.0
511	0.8	4.433	0.566	4.876	0.025	0.997	6000.0
512	1.102	6.17	0.642	5.932	0.015	0.998	6000.0
513	1.676	9.226	0.865	7.909	0.032	0.996	7000.0
514	1.253	6.962	0.708	6.802	0.017	0.997	6000.0
515	0.981	5.545	0.546	5.212	0.007	0.998	6000.0
516	1.723	9.773	0.896	9.036	0.029	0.994	6000.0
517	1.943	10.623	0.939	8.339	0.028	0.995	6000.0
518	0.979	5.664	0.672	6.194	0.027	0.995	6000.0
519	0.964	5.338	0.54	4.845	0.01	0.999	6000.0
520	1.747	9.785	0.924	8.826	0.018	0.995	6000.0
521	1.714	9.436	0.964	9.463	0.033	0.994	6000.0
522	1.633	9.119	0.886	8.47	0.026	0.994	6000.0
523	1.241	7.12	0.645	5.731	0.018	0.998	6000.0
524	1.184	6.46	0.703	6.573	0.037	0.996	6000.0
525	1.05	5.818	0.556	5.138	0.023	0.998	6000.0
526	1.088	5.968	0.654	6.083	0.012	0.997	6000.0
527	1.003	5.485	0.641	6.425	0.026	0.995	6000.0
528	0.74	3.701	0.444	3.642	0.019	0.998	6000.0
529	1.807	10.224	0.94	8.76	0.031	0.995	6000.0
530	0.992	5.581	0.545	5.351	0.024	0.996	6000.0
531	0.785	4.228	0.487	4.169	0.021	0.999	6000.0
532	0.662	3.656	0.417	3.695	0.016	0.998	6000.0
533	1.009	5.67	0.555	5.255	0.009	0.997	6000.0
534	1.081	6.349	0.589	5.816	0.02	0.996	6000.0
535	0.839	4.783	0.482	4.328	0.018	0.998	6000.0
536	1.427	8.083	0.837	7.877	0.011	0.995	6000.0
537	1.811	10.077	0.894	8.259	0.038	0.994	7000.0
538	1.21	6.758	0.657	5.922	0.017	0.997	6000.0
539	0.96	5.53	0.583	5.085	0.029	0.998	7000.0
540	1.019	5.403	0.594	5.331	0.021	0.996	6000.0
541	0.776	4.489	0.492	4.349	0.011	0.999	6000.0
542	1.902	10.502	0.884	9.329	0.022	0.994	6000.0
543	1.973	11.212	1.038	9.503	0.022	0.992	6000.0
544	0.816	4.452	0.577	5.333	0.011	0.997	6000.0
545	1.671	9.81	0.915	8.358	0.015	0.995	6000.0
546	0.937	4.964	0.557	5.565	0.022	0.996	6000.0
547	1.346	7.208	0.773	7.897	0.031	0.993	6000.0
548	1.219	6.937	0.689	5.605	0.019	0.999	6000.0
549	1.342	7.61	0.774	7.284	0.024	0.996	6000.0
550	1.584	8.732	0.878	8.036	0.016	0.995	6000.0
551	0.0	0.001	0.0	0.0	0.0	1.0	6000.0
552	1.673	9.127	0.859	8.463	0.016	0.994	6000.0
553	0.848	4.697	0.442	3.952	0.009	0.999	6000.0
554	1.09	5.938	0.636	5.436	0.018	0.997	6000.0
555	0.986	5.322	0.594	5.852	0.026	0.996	6000.0
556	1.299	7.284	0.756	6.925	0.031	0.996	6000.0
557	1.022	5.629	0.629	5.463	0.021	0.998	6000.0
558	0.747	4.161	0.447	4.221	0.006	0.999	6000.0
559	1.266	6.91	0.766	6.105	0.01	0.996	6000.0
560	1.175	6.573	0.639	5.902	0.011	0.998	6000.0
561	1.592	9.048	0.861	7.373	0.018	0.995	6000.0
562	1.174	6.53	0.658	5.972	0.014	0.998	6000.0
563	1.118	6.192	0.582	4.997	0.021	0.998	6000.0
564	1.536	8.722	0.842	8.547	0.02	0.993	6000.0
565	0.426	2.152	0.243	2.07	0.009	0.999	13000.0
566	1.618	9.029	0.792	7.473	0.029	0.996	6000.0
567	1.372	7.771	0.796	7.961	0.035	0.991	6000.0
568	0.756	4.229	0.362	3.336	0.009	0.999	6000.0
569	1.447	8.213	0.86	7.242	0.018	0.997	6000.0
570	2.57	14.512	1.311	12.235	0.046	0.992	7000.0
571	1.701	9.825	0.831	8.142	0.028	0.995	6000.0
572	1.795	9.966	0.91	8.871	0.029	0.995	6000.0
573	1.202	6.708	0.624	5.671	0.021	0.998	6000.0
574	1.019	5.92	0.612	5.413	0.007	0.998	11000.0
575	0.891	4.771	0.532	4.806	0.021	0.998	6000.0
576	1.951	10.888	0.967	9.369	0.025	0.994	6000.0
577	1.164	6.767	0.714	5.763	0.009	0.998	6000.0
578	0.84	4.683	0.517	5.051	0.018	0.996	6000.0
579	0.704	3.979	0.394	3.686	0.002	0.998	6000.0
580	0.894	5.078	0.488	4.189	0.009	0.999	6000.0
581	1.361	7.609	0.734	6.775	0.027	0.997	6000.0
582	0.929	5.379	0.453	4.16	0.016	0.999	6000.0
583	1.452	8.752	0.794	7.541	0.022	0.995	6000.0
584	1.373	7.892	0.819	6.874	0.043	0.996	6000.0
585	1.454	8.165	0.744	7.048	0.017	0.997	6000.0
586	1.307	7.47	0.67	5.884	0.024	0.998	8000.0
587	1.84	10.372	1.007	8.984	0.025	0.994	6000.0
588	1.079	5.998	0.624	5.786	0.02	0.997	6000.0
589	0.28	1.542	0.192	1.736	0.008	1.0	6000.0
590	1.773	9.763	0.975	8.704	0.031	0.993	6000.0
591	0.452	2.607	0.279	2.839	0.012	0.999	6000.0
592	1.771	9.39	0.889	7.92	0.028	0.994	6000.0
593	1.374	7.78	0.69	6.095	0.028	0.998	6000.0
594	2.114	11.409	1.146	11.436	0.045	0.987	6000.0
595	0.836	4.683	0.472	4.337	0.007	0.999	6000.0
596	1.735	10.195	1.081	9.378	0.033	0.992	6000.0
597	0.856	5.028	0.5	4.02	0.009	0.999	6000.0
598	0.807	4.515	0.442	4.194	0.019	0.999	6000.0
599	1.452	8.111	0.74	7.115	0.022	0.997	6000.0
600	0.988	5.743	0.539	5.231	0.017	0.998	6000.0
601	1.325	7.118	0.837	7.763	0.027	0.995	6000.0
602	1.614	8.816	1.001	8.6	0.015	0.995	6000.0
603	1.226	7.115	0.648	6.094	0.014	0.998	6000.0
604	0.664	3.686	0.408	3.955	0.02	0.998	7000.0
605	1.091	6.297	0.615	5.565	0.011	0.998	6000.0
606	1.114	6.526	0.604	5.287	0.028	0.998	6000.0
607	1.186	6.854	0.636	6.368	0.016	0.997	6000.0
608	1.581	8.918	0.798	7.277	0.023	0.997	6000.0
609	0.565	3.115	0.364	2.729	0.011	0.999	6000.0
610	1.119	6.046	0.638	5.621	0.017	0.998	6000.0
611	1.521	8.442	0.812	7.182	0.024	0.998	7000.0
612	1.145	6.729	0.605	5.515	0.016	0.998	6000.0
613	1.929	10.836	1.035	9.271	0.021	0.994	6000.0
614	2.06	10.966	1.036	9.381	0.031	0.994	6000.0
615	1.152	6.576	0.631	5.576	0.02	0.998	8000.0
616	1.055	6.071	0.592	5.343	0.027	0.998	6000.0
617	1.504	8.516	0.792	7.26	0.032	0.996	6000.0
618	1.475	8.548	0.81	6.817	0.018	0.997	6000.0
619	2.21	12.13	1.149	10.254	0.037	0.993	6000.0
620	1.582	8.896	0.793	7.143	0.022	0.996	6000.0
621	1.743	9.45	0.877	7.929	0.022	0.994	6000.0
622	1.525	8.744	0.771	7.188	0.028	0.995	6000.0
623	1.089	6.285	0.618	5.528	0.026	0.998	6000.0
624	1.738	9.46	0.992	8.166	0.022	0.995	6000.0
625	1.597	8.562	0.771	7.008	0.028	0.996	6000.0
626	1.668	9.45	0.893	8.239	0.023	0.995	6000.0
627	1.908	11.233	1.023	9.762	0.04	0.994	6000.0
628	2.095	11.596	1.136	10.386	0.026	0.994	6000.0
629	1.355	7.542	0.839	7.747	0.042	0.994	6000.0
630	2.486	14.367	1.311	12.203	0.036	0.99	6000.0
631	1.659	9.372	0.84	7.541	0.024	0.997	6000.0
632	1.309	7.61	0.679	6.221	0.018	0.998	6000.0
633	1.116	6.206	0.627	5.405	0.012	0.998	6000.0
634	0.831	4.615	0.444	4.079	0.015	0.998	15000.0
635	1.987	11.09	1.022	9.368	0.023	0.995	6000.0
636	1.208	6.916	0.639	5.773	0.016	0.998	6000.0
637	1.605	9.377	0.805	7.023	0.026	0.996	6000.0
638	0.931	5.211	0.539	4.713	0.016	0.999	6000.0
639	1.266	6.855	0.748	6.942	0.031	0.996	6000.0
640	1.401	8.028	0.818	7.434	0.018	0.996	6000.0
641	0.521	2.83	0.318	2.772	0.008	0.999	6000.0
642	0.935	5.245	0.553	4.908	0.019	0.998	6000.0
643	1.227	6.907	0.639	5.707	0.016	0.998	6000.0
644	1.303	6.971	0.645	5.886	0.012	0.997	6000.0
645	0.615	3.306	0.365	3.441	0.016	0.999	6000.0
646	0.768	4.22	0.51	4.507	0.019	0.998	6000.0
647	0.939	5.191	0.556	4.972	0.013	0.999	6000.0
648	0.819	4.634	0.46	3.993	0.015	0.999	6000.0
649	1.658	9.196	0.902	7.854	0.019	0.997	6000.0
650	1.661	9.731	0.953	8.85	0.03	0.994	6000.0
651	1.763	9.656	0.887	8.129	0.035	0.994	6000.0
652	1.552	8.438	0.773	7.492	0.029	0.996	6000.0
653	1.988	10.838	1.034	10.23	0.017	0.992	6000.0
654	1.751	9.866	0.929	8.476	0.04	0.994	6000.0
655	1.659	9.597	0.854	8.446	0.028	0.995	6000.0
656	1.293	7.262	0.68	6.008	0.021	0.998	6000.0
657	2.507	13.641	1.35	11.594	0.044	0.99	6000.0
658	1.697	9.416	0.859	8.125	0.024	0.995	6000.0
659	0.824	4.553	0.453	3.829	0.01	0.999	6000.0
660	1.214	7.098	0.654	6.245	0.013	0.997	6000.0
661	0.985	5.273	0.557	4.881	0.015	0.998	6000.0
662	2.674	15.085	1.573	13.755	0.021	0.989	6000.0
663	1.729	9.734	0.892	8.574	0.033	0.993	6000.0
664	1.537	8.558	0.841	7.543	0.019	0.996	6000.0
665	1.921	10.765	1.106	10.649	0.031	0.992	6000.0
666	1.637	8.875	0.857	7.522	0.034	0.996	6000.0
667	1.113	6.182	0.626	5.508	0.032	0.998	6000.0
668	1.251	7.106	0.638	5.707	0.031	0.998	6000.0
669	1.489	8.426	0.791	6.691	0.033	0.997	6000.0
670	1.788	9.979	0.973	8.259	0.024	0.997	6000.0
671	1.365	7.664	0.7	6.78	0.022	0.997	6000.0
672	1.567	8.78	0.817	7.293	0.03	0.997	6000.0
673	0.534	2.99	0.313	2.762	0.015	0.999	6000.0
674	1.642	9.249	0.839	7.272	0.022	0.996	6000.0
675	0.743	4.2	0.421	3.819	0.014	0.999	6000.0
676	1.286	7.283	0.659	5.543	0.02	0.998	6000.0
677	1.117	6.262	0.649	6.405	0.027	0.996	6000.0
678	1.409	8.13	0.841	7.203	0.023	0.997	6000.0
679	1.139	6.236	0.587	4.994	0.013	0.998	6000.0
680	0.743	4.039	0.429	3.691	0.021	0.998	6000.0
681	1.38	7.81	0.703	6.727	0.019	0.997	6000.0
682	1.413	7.755	0.823	7.209	0.026	0.997	6000.0
683	1.551	8.531	0.857	7.482	0.028	0.996	7000.0
684	1.894	10.641	1.012	9.218	0.02	0.995	6000.0
685	1.487	8.568	0.795	7.555	0.023	0.996	6000.0
686	0.766	4.216	0.477	4.45	0.015	0.998	6000.0
687	1.032	5.737	0.613	5.926	0.02	0.997	6000.0
688	1.618	8.626	0.772	6.48	0.029	0.997	6000.0
689	1.289	7.33	0.684	6.201	0.014	0.998	6000.0
690	1.468	8.403	0.81	7.567	0.011	0.996	6000.0
691	1.624	9.154	0.806	7.423	0.022	0.996	6000.0
692	1.135	6.241	0.566	5.164	0.02	0.998	6000.0
693	0.999	5.565	0.654	6.189	0.027	0.997	6000.0
694	1.84	10.312	0.939	8.994	0.025	0.995	6000.0
695	1.019	5.526	0.616	5.578	0.014	0.998	6000.0
696	1.211	6.766	0.68	6.701	0.018	0.997	6000.0
697	1.351	7.779	0.881	8.384	0.042	0.994	7000.0
698	1.403	7.838	0.796	7.184	0.028	0.997	6000.0
699	0.996	5.236	0.607	5.54	0.025	0.997	6000.0
700	1.161	6.902	0.622	5.923	0.02	0.997	6000.0
701	1.913	11.019	1.037	9.951	0.032	0.993	6000.0
702	1.212	6.697	0.708	6.572	0.03	0.997	6000.0
703	1.655	9.488	0.878	7.965	0.021	0.994	6000.0
704	1.732	9.448	0.943	7.623	0.042	0.994	6000.0
705	1.389	7.723	0.725	6.698	0.017	0.997	6000.0
706	0.881	5.001	0.546	5.221	0.02	0.997	6000.0
707	0.689	3.57	0.407	3.631	0.016	0.998	6000.0
708	1.56	8.839	0.822	7.08	0.019	0.997	6000.0
709	0.763	4.224	0.437	4.125	0.017	0.998	6000.0
710	2.575	14.282	1.205	10.788	0.056	0.992	6000.0
711	1.036	5.814	0.61	5.35	0.018	0.997	12000.0
712	1.314	7.408	0.679	6.221	0.028	0.998	6000.0
713	2.074	11.755	1.268	12.357	0.032	0.99	6000.0
714	1.348	7.666	0.74	6.93	0.019	0.996	6000.0
715	0.842	4.443	0.491	4.048	0.01	0.998	6000.0
716	1.489	8.615	0.802	7.349	0.025	0.997	6000.0
717	0.63	3.563	0.369	3.118	0.005	0.999	6000.0
718	1.511	8.497	0.86	7.708	0.042	0.995	6000.0
719	1.185	6.558	0.57	5.588	0.019	0.997	6000.0
720	1.365	7.698	0.729	6.873	0.025	0.997	7000.0
721	1.229	6.867	0.728	6.922	0.019	0.996	9000.0
722	1.262	6.929	0.729	5.853	0.015	0.998	6000.0
723	1.173	6.635	0.691	5.785	0.015	0.998	6000.0
724	1.347	7.863	0.695	6.117	0.028	0.998	6000.0
725	1.606	8.958	0.829	7.76	0.02	0.996	6000.0
726	1.425	8.017	0.711	6.712	0.03	0.997	6000.0
727	2.721	14.666	1.441	13.866	0.073	0.986	6000.0
728	0.253	1.401	0.175	1.738	0.003	1.0	6000.0
729	1.144	6.443	0.66	5.999	0.011	0.998	6000.0
730	1.03	5.735	0.583	5.081	0.015	0.999	6000.0
731	1.859	10.372	0.925	9.358	0.034	0.995	6000.0
732	1.794	9.974	0.903	8.952	0.038	0.991	6000.0
733	1.451	7.854	0.742	6.723	0.022	0.997	6000.0
734	1.588	8.598	0.884	8.379	0.048	0.992	6000.0
735	1.15	6.695	0.599	5.577	0.015	0.998	6000.0
736	1.579	8.884	0.848	8.086	0.022	0.996	6000.0
737	0.754	4.035	0.445	4.016	0.018	0.998	7000.0
738	2.006	11.069	1.014	9.052	0.038	0.994	6000.0
739	1.038	5.988	0.565	5.054	0.014	0.997	8000.0
740	2.077	12.079	1.173	11.07	0.032	0.991	6000.0
741	0.885	4.924	0.463	4.336	0.013	0.998	6000.0
742	1.191	6.55	0.636	5.612	0.02	0.997	6000.0
743	2.136	12.228	1.059	10.302	0.045	0.989	6000.0
744	2.023	11.492	1.062	10.479	0.03	0.993	6000.0
745	1.724	10.142	0.917	7.989	0.031	0.996	11000.0
746	1.657	9.319	0.985	8.632	0.016	0.996	6000.0
747	1.036	5.498	0.624	5.367	0.018	0.998	10000.0
748	1.967	11.073	1.019	8.92	0.036	0.994	6000.0
749	0.872	4.959	0.557	5.321	0.021	0.998	6000.0
750	0.89	5.141	0.538	5.092	0.024	0.998	6000.0
751	0.576	3.245	0.359	2.839	0.008	0.999	10000.0
752	1.704	9.58	0.858	7.255	0.035	0.998	6000.0
753	1.162	6.556	0.596	5.441	0.021	0.998	6000.0
754	1.756	9.87	0.969	9.201	0.027	0.995	6000.0
755	0.655	3.627	0.418	4.23	0.013	0.998	6000.0
756	1.435	8.105	0.831	8.337	0.021	0.996	6000.0
757	1.82	10.214	0.979	9.129	0.03	0.995	6000.0
758	1.376	7.568	0.773	7.393	0.018	0.995	6000.0
759	3.17	18.027	1.541	15.894	0.046	0.986	6000.0
760	0.972	5.614	0.54	4.734	0.018	0.999	6000.0
761	1.988	11.732	1.03	10.441	0.02	0.993	7000.0
762	0.744	4.143	0.436	3.809	0.009	0.999	6000.0
763	1.203	6.647	0.669	6.283	0.025	0.997	6000.0
764	1.522	8.384	0.902	8.24	0.034	0.994	6000.0
765	0.793	4.46	0.435	3.76	0.009	1.0	6000.0
766	1.31	7.189	0.7	6.282	0.025	0.997	6000.0
767	0.995	5.418	0.592	5.18	0.02	0.998	6000.0
768	1.334	7.268	0.733	6.266	0.018	0.998	6000.0
769	1.685	9.209	0.876	8.075	0.017	0.996	6000.0
770	1.869	10.556	1.199	11.004	0.039	0.99	6000.0
771	0.77	4.502	0.469	4.118	0.007	0.999	6000.0
772	0.601	3.084	0.298	2.588	0.015	0.999	6000.0
773	1.587	8.667	0.843	7.119	0.022	0.997	6000.0
774	0.734	3.988	0.447	3.999	0.012	0.998	6000.0
775	2.039	11.071	1.192	10.393	0.027	0.993	6000.0
776	1.327	7.104	0.751	6.783	0.025	0.997	6000.0
777	1.571	8.877	0.917	8.582	0.017	0.992	6000.0
778	1.668	9.407	0.782	7.694	0.024	0.995	6000.0
779	1.497	8.218	0.849	7.649	0.024	0.997	6000.0
780	1.267	7.386	0.684	6.248	0.021	0.997	6000.0
781	1.033	5.787	0.508	4.718	0.023	0.998	16000.0
782	0.927	5.016	0.533	4.594	0.014	0.998	6000.0
783	1.69	9.965	0.907	8.285	0.032	0.995	6000.0
784	1.5	8.466	0.799	7.061	0.017	0.996	6000.0
785	0.83	4.643	0.497	4.891	0.024	0.997	6000.0
786	1.918	10.709	0.933	9.014	0.022	0.995	6000.0
787	1.35	7.627	0.822	7.66	0.014	0.996	12000.0
788	2.154	11.618	1.134	9.87	0.022	0.993	7000.0
789	1.748	9.996	0.939	8.896	0.019	0.994	6000.0
790	1.645	9.324	0.903	9.142	0.033	0.989	6000.0
791	0.65	3.697	0.431	3.927	0.018	0.998	6000.0
792	1.379	7.728	0.669	6.344	0.018	0.998	6000.0
793	1.754	10.052	0.978	8.54	0.029	0.994	6000.0
794	0.95	5.366	0.542	4.434	0.009	0.998	6000.0
795	1.62	8.842	0.79	6.738	0.025	0.997	6000.0
796	0.826	4.678	0.478	4.208	0.015	0.999	6000.0
797	1.239	7.007	0.714	6.429	0.015	0.997	6000.0
798	1.458	8.254	0.792	7.394	0.031	0.996	6000.0
799	0.681	3.773	0.448	3.994	0.013	0.999	6000.0
800	1.928	10.716	1.059	9.581	0.033	0.991	6000.0
801	0.608	3.378	0.374	3.204	0.007	0.999	6000.0
802	1.595	9.233	0.879	7.852	0.025	0.996	6000.0
803	1.266	7.0	0.712	6.159	0.012	0.998	6000.0
804	1.308	7.296	0.778	7.82	0.029	0.994	6000.0
805	1.221	6.608	0.65	6.103	0.028	0.997	6000.0
806	0.672	3.73	0.44	3.921	0.015	0.998	6000.0
807	1.261	7.118	0.687	6.507	0.025	0.996	6000.0
808	0.626	3.421	0.369	3.452	0.014	0.999	6000.0
809	1.094	6.031	0.598	5.625	0.016	0.998	6000.0
810	0.333	1.879	0.236	2.094	0.005	0.999	6000.0
811	0.63	3.594	0.362	3.024	0.01	0.999	6000.0
812	0.926	5.072	0.455	3.87	0.016	0.999	6000.0
813	1.153	6.434	0.583	4.971	0.019	0.999	6000.0
814	1.139	6.163	0.614	5.105	0.023	0.998	9000.0
815	1.782	10.052	0.881	8.106	0.034	0.996	6000.0
816	0.822	4.465	0.506	4.342	0.021	0.999	6000.0
817	1.41	7.792	0.652	6.3	0.023	0.997	6000.0
818	0.356	1.996	0.2	1.786	0.003	1.0	6000.0
819	1.121	6.363	0.627	5.608	0.007	0.998	6000.0
820	0.878	4.813	0.502	4.556	0.01	0.998	8000.0
821	0.871	4.956	0.493	4.607	0.024	0.998	6000.0
822	1.782	9.536	1.115	10.338	0.056	0.986	6000.0
823	1.182	6.542	0.676	5.988	0.031	0.997	6000.0
824	1.797	10.102	0.887	8.27	0.03	0.996	6000.0
825	0.915	5.169	0.497	4.63	0.007	0.998	6000.0
826	1.709	9.33	1.035	9.637	0.041	0.992	6000.0
827	1.072	6.15	0.62	5.561	0.013	0.997	6000.0
828	0.994	5.376	0.57	5.706	0.026	0.997	6000.0
829	0.517	2.714	0.333	2.771	0.009	0.999	6000.0
830	1.77	9.836	0.919	8.872	0.041	0.993	6000.0
831	1.1	6.267	0.637	5.873	0.014	0.998	20000.0
832	0.548	2.816	0.329	3.061	0.013	0.999	6000.0
833	0.795	4.429	0.521	4.816	0.018	0.998	6000.0
834	2.717	15.462	1.594	16.407	0.051	0.979	6000.0
835	1.543	8.794	0.846	7.968	0.022	0.997	6000.0
836	1.661	9.55	0.919	8.701	0.024	0.996	6000.0
837	1.599	8.849	0.812	7.478	0.021	0.997	6000.0
838	0.4	2.172	0.283	2.871	0.009	0.999	6000.0
839	1.636	9.159	0.844	8.267	0.014	0.996	6000.0
840	1.18	6.628	0.635	5.409	0.011	0.998	6000.0
841	0.912	5.268	0.552	5.224	0.032	0.997	6000.0
842	0.672	3.876	0.407	3.962	0.008	0.999	6000.0
843	1.518	8.515	0.802	7.15	0.019	0.996	6000.0
844	1.729	9.428	0.81	8.299	0.036	0.99	6000.0
845	1.566	8.576	0.864	7.379	0.017	0.996	6000.0
846	1.544	8.576	0.845	8.427	0.035	0.992	6000.0
847	1.785	10.258	0.892	7.874	0.027	0.996	6000.0
848	0.769	4.415	0.457	4.36	0.013	0.998	15000.0
849	1.266	7.048	0.774	7.336	0.024	0.995	6000.0
850	1.593	9.305	0.843	8.362	0.019	0.995	6000.0
851	1.391	7.68	0.837	8.016	0.021	0.996	7000.0
852	0.4	2.223	0.258	2.232	0.011	0.999	6000.0
853	0.934	5.216	0.588	5.17	0.018	0.998	6000.0
854	0.845	4.773	0.45	4.248	0.013	0.998	19000.0
855	0.55	3.186	0.389	3.651	0.016	0.999	6000.0
856	1.283	7.261	0.693	6.606	0.017	0.997	6000.0
857	1.337	7.712	0.71	6.51	0.015	0.997	7000.0
858	2.115	11.67	1.069	9.673	0.039	0.993	6000.0
859	0.897	4.927	0.508	4.451	0.012	0.999	6000.0
860	1.248	7.292	0.701	6.072	0.037	0.997	6000.0
861	1.543	8.712	0.786	7.207	0.02	0.997	6000.0
862	1.1	6.414	0.699	6.033	0.017	0.998	6000.0
863	0.591	3.349	0.397	3.764	0.015	0.999	6000.0
864	0.8	4.517	0.461	3.929	0.006	0.999	6000.0
865	0.615	3.452	0.391	3.424	0.013	0.999	6000.0
866	1.591	9.168	0.834	8.165	0.024	0.994	6000.0
867	1.338	7.876	0.678	6.907	0.023	0.996	6000.0
868	0.937	5.196	0.507	4.658	0.01	0.998	6000.0
869	2.285	12.509	1.168	10.398	0.026	0.994	6000.0
870	2.127	11.968	1.13	10.055	0.045	0.992	6000.0
871	1.479	8.072	0.856	7.296	0.043	0.996	6000.0
872	0.67	3.655	0.389	3.419	0.014	0.999	6000.0
873	0.786	4.552	0.47	4.334	0.01	0.999	6000.0
874	1.138	6.475	0.7	6.444	0.013	0.997	6000.0
875	1.735	9.646	0.906	8.627	0.03	0.994	6000.0
876	1.627	9.356	0.856	7.875	0.02	0.996	6000.0
877	2.105	11.862	1.128	10.673	0.028	0.993	6000.0
878	0.819	4.824	0.453	4.297	0.009	0.998	6000.0
879	1.448	8.252	0.762	7.181	0.017	0.997	6000.0
880	1.008	5.487	0.544	5.42	0.02	0.996	16000.0
881	1.694	9.43	0.955	8.743	0.027	0.995	6000.0
882	0.834	4.698	0.553	5.0	0.027	0.997	6000.0
883	2.178	12.325	1.155	11.514	0.038	0.988	6000.0
884	0.938	5.245	0.601	5.67	0.02	0.997	6000.0
885	0.916	5.16	0.509	4.667	0.014	0.998	8000.0
886	0.491	2.876	0.279	2.624	0.005	0.999	6000.0
887	0.917	5.008	0.579	4.968	0.018	0.998	6000.0
888	1.433	8.32	0.748	6.907	0.025	0.997	6000.0
889	0.882	4.813	0.504	4.7	0.025	0.998	6000.0
890	1.583	8.803	0.896	8.94	0.05	0.991	6000.0
891	1.933	11.102	1.029	9.54	0.024	0.992	6000.0
892	1.286	7.312	0.706	6.595	0.011	0.997	6000.0
893	2.282	13.065	1.198	12.025	0.031	0.987	6000.0
894	1.353	7.364	0.879	7.346	0.028	0.996	6000.0
895	1.451	8.111	0.737	6.733	0.024	0.997	6000.0
896	0.839	4.434	0.401	3.297	0.007	0.999	6000.0
897	1.181	6.383	0.623	5.618	0.021	0.997	6000.0
898	1.015	6.011	0.615	5.746	0.013	0.996	7000.0
899	0.617	3.322	0.359	3.195	0.017	0.999	11000.0
900	0.993	5.603	0.628	5.524	0.032	0.997	6000.0
901	0.634	3.6	0.405	3.536	0.011	0.999	6000.0
902	1.465	7.963	0.802	7.461	0.034	0.995	6000.0
903	2.026	11.236	1.013	9.137	0.03	0.994	6000.0
904	1.19	6.849	0.638	5.804	0.016	0.997	6000.0
905	1.538	8.909	0.9	8.434	0.028	0.994	6000.0
906	0.91	5.007	0.527	4.898	0.019	0.998	6000.0
907	1.118	5.695	0.656	5.671	0.037	0.996	7000.0
908	0.933	5.235	0.516	4.409	0.02	0.998	7000.0
909	0.607	3.436	0.345	3.375	0.011	0.999	6000.0
910	1.222	6.909	0.695	6.048	0.013	0.998	6000.0
911	0.837	4.763	0.507	4.251	0.005	0.999	6000.0
912	1.619	9.384	0.869	8.653	0.023	0.993	6000.0
913	1.267	7.058	0.705	6.585	0.022	0.997	6000.0
914	1.104	5.93	0.62	5.893	0.025	0.997	6000.0
915	1.004	5.606	0.573	4.806	0.008	0.998	6000.0
916	1.203	6.804	0.669	6.403	0.023	0.997	6000.0
917	1.156	6.488	0.721	6.825	0.049	0.994	6000.0
918	1.514	8.446	0.839	7.5	0.019	0.996	6000.0
919	1.941	10.786	0.968	9.833	0.023	0.993	6000.0
920	1.436	7.896	0.873	8.308	0.028	0.994	6000.0
921	0.546	2.987	0.32	2.84	0.016	0.999	6000.0
922	0.831	4.622	0.456	4.419	0.018	0.999	7000.0
923	1.888	10.375	1.166	11.384	0.041	0.989	6000.0
924	0.6	3.331	0.37	3.941	0.017	0.997	6000.0
925	1.072	5.952	0.57	5.015	0.016	0.998	6000.0
926	1.625	8.916	0.852	7.734	0.02	0.996	6000.0
927	1.402	7.588	0.79	6.183	0.013	0.998	6000.0
928	0.979	5.444	0.559	4.811	0.018	0.998	6000.0
929	1.328	7.194	0.714	5.677	0.023	0.998	6000.0
930	1.936	10.956	1.039	10.246	0.043	0.993	6000.0
931	0.867	4.875	0.501	4.57	0.022	0.998	6000.0
932	1.239	7.162	0.727	7.016	0.014	0.995	6000.0
933	1.011	5.783	0.59	5.268	0.02	0.998	6000.0
934	1.135	6.372	0.672	5.99	0.017	0.998	6000.0
935	1.456	8.005	0.674	5.999	0.027	0.998	6000.0
936	1.725	9.303	0.941	8.231	0.025	0.995	6000.0
937	1.937	10.917	1.063	9.821	0.042	0.993	6000.0
938	1.556	9.356	0.883	8.544	0.028	0.995	6000.0
939	1.551	9.007	0.856	7.944	0.013	0.996	6000.0
940	0.917	5.089	0.555	4.978	0.015	0.997	6000.0
941	0.866	4.795	0.445	3.919	0.016	0.999	6000.0
942	1.514	8.21	0.809	7.745	0.046	0.994	6000.0
943	1.166	6.709	0.59	5.309	0.021	0.998	6000.0
944	1.22	6.787	0.7	5.918	0.016	0.998	6000.0
945	1.535	8.693	0.862	8.223	0.039	0.995	6000.0
946	0.857	4.944	0.495	4.718	0.024	0.998	6000.0
947	1.866	10.509	0.965	9.19	0.05	0.993	6000.0
948	1.85	10.111	0.981	9.072	0.04	0.994	6000.0
949	1.109	6.232	0.56	4.88	0.023	0.998	6000.0
950	1.119	6.448	0.742	6.692	0.033	0.995	6000.0
951	0.72	4.129	0.45	4.172	0.02	0.998	6000.0
952	2.326	13.092	1.222	11.598	0.031	0.991	6000.0
953	1.756	9.491	0.894	8.756	0.039	0.993	6000.0
954	1.34	7.355	0.721	6.487	0.014	0.997	6000.0
955	0.539	3.137	0.295	2.578	0.008	1.0	12000.0
956	1.332	7.687	0.849	7.602	0.036	0.996	6000.0
957	0.881	4.854	0.515	4.022	0.022	0.999	6000.0
958	1.436	8.048	0.786	7.152	0.015	0.996	6000.0
959	1.373	7.82	0.72	6.486	0.021	0.998	6000.0
960	1.311	7.386	0.732	6.826	0.018	0.997	6000.0
961	1.113	6.338	0.558	5.007	0.018	0.998	6000.0
962	1.568	8.612	0.827	7.518	0.016	0.996	6000.0
963	0.722	3.968	0.466	3.869	0.007	0.999	6000.0
964	1.409	7.977	0.802	6.503	0.025	0.998	6000.0
965	1.34	7.675	0.661	6.333	0.016	0.997	6000.0
966	1.987	11.162	1.036	10.205	0.031	0.993	6000.0
967	2.119	12.144	1.133	10.872	0.027	0.992	6000.0
968	1.051	6.123	0.559	5.52	0.012	0.998	6000.0
969	1.482	8.381	0.783	7.216	0.023	0.996	6000.0
970	2.079	12.052	1.061	10.009	0.035	0.994	6000.0
971	0.909	5.336	0.512	4.982	0.02	0.998	6000.0
972	1.007	5.343	0.532	5.261	0.013	0.997	6000.0
973	1.379	7.47	0.727	6.527	0.025	0.997	6000.0
974	1.081	5.83	0.603	5.213	0.023	0.997	6000.0
975	1.313	7.519	0.731	6.309	0.01	0.998	6000.0
976	1.434	7.808	0.735	6.263	0.038	0.996	6000.0
977	2.218	12.746	1.16	10.646	0.035	0.994	6000.0
978	0.861	4.853	0.564	5.104	0.021	0.998	6000.0
979	0.534	3.064	0.338	2.95	0.019	0.998	6000.0
980	2.094	11.61	0.986	8.822	0.037	0.995	8000.0
981	1.989	11.109	1.069	9.546	0.043	0.994	6000.0
982	1.255	6.879	0.781	7.167	0.019	0.996	6000.0
983	1.995	11.468	1.028	9.732	0.03	0.993	6000.0
984	1.406	7.657	0.8	7.556	0.03	0.996	6000.0
985	1.377	7.296	0.736	6.357	0.024	0.996	6000.0
986	1.212	6.985	0.736	7.34	0.036	0.994	6000.0
987	0.832	4.649	0.483	4.246	0.019	0.998	6000.0
988	0.837	4.783	0.46	4.239	0.014	0.999	6000.0
989	1.018	5.921	0.558	5.167	0.012	0.998	6000.0
990	1.137	6.58	0.627	5.695	0.014	0.998	8000.0
991	0.416	2.31	0.271	2.339	0.004	1.0	6000.0
992	0.85	4.825	0.522	4.456	0.023	0.998	6000.0
993	1.109	6.401	0.648	5.896	0.016	0.998	6000.0
994	1.234	7.526	0.805	7.667	0.008	0.994	6000.0
995	1.8	10.373	0.981	8.789	0.038	0.995	6000.0
996	1.686	9.183	0.863	8.163	0.025	0.995	6000.0
997	0.93	5.03	0.595	5.21	0.021	0.996	6000.0
998	1.331	7.524	0.673	6.383	0.015	0.997	6000.0
999	1.693	9.32	0.843	7.868	0.03	0.995	6000.0
1000	1.398	8.123	0.796	7.418	0.02	0.996	6000.0
