NMF_Replicate	L1	L1 %	L2	L2 %	KL Divergence	Correlation	Convergence Iterations
1	2.458	14.097	1.202	11.668	0.068	0.991	6000.0
2	2.051	11.063	1.122	8.955	0.045	0.996	6000.0
3	1.571	8.412	0.894	7.975	0.04	0.995	6000.0
4	3.621	20.522	1.752	15.202	0.086	0.984	6000.0
5	2.964	16.793	1.599	13.889	0.06	0.991	6000.0
6	2.781	15.647	1.419	12.361	0.05	0.993	6000.0
7	3.2	18.2	1.636	14.675	0.066	0.989	6000.0
8	2.752	15.73	1.389	12.085	0.053	0.993	6000.0
9	2.882	15.91	1.43	13.753	0.071	0.987	6000.0
10	2.889	16.5	1.404	12.866	0.052	0.989	6000.0
11	3.297	17.964	1.62	15.013	0.051	0.988	6000.0
12	3.201	18.085	1.606	14.322	0.076	0.989	6000.0
13	2.657	15.36	1.353	12.031	0.055	0.991	6000.0
14	2.928	16.536	1.363	12.667	0.067	0.992	6000.0
15	2.715	15.24	1.257	11.161	0.075	0.993	6000.0
16	2.642	14.547	1.281	11.278	0.05	0.993	6000.0
17	3.316	18.795	1.593	14.371	0.072	0.99	6000.0
18	2.562	14.328	1.362	12.424	0.063	0.988	7000.0
19	3.432	19.296	1.635	15.048	0.077	0.99	6000.0
20	1.732	9.482	0.861	7.395	0.028	0.997	6000.0
21	2.037	11.55	1.108	9.801	0.03	0.994	6000.0
22	3.644	19.869	1.792	16.499	0.084	0.982	6000.0
23	2.882	16.138	1.443	13.102	0.055	0.99	6000.0
24	2.683	14.994	1.195	11.401	0.059	0.993	6000.0
25	2.419	13.469	1.192	10.743	0.052	0.992	6000.0
26	2.84	16.101	1.49	13.126	0.072	0.99	6000.0
27	4.207	23.567	2.257	21.624	0.083	0.979	6000.0
28	3.583	20.135	1.81	17.352	0.082	0.98	6000.0
29	2.889	16.031	1.301	12.619	0.063	0.99	6000.0
30	2.082	11.683	1.074	8.812	0.063	0.996	6000.0
31	3.169	17.72	1.489	14.054	0.06	0.985	6000.0
32	4.119	23.261	2.094	19.428	0.071	0.979	6000.0
33	3.313	18.951	1.879	16.714	0.053	0.985	8000.0
34	2.064	11.649	1.042	9.491	0.04	0.994	6000.0
35	3.165	17.527	1.679	15.625	0.083	0.983	6000.0
36	3.192	17.964	1.505	13.702	0.055	0.99	6000.0
37	2.841	16.216	1.475	12.9	0.057	0.993	6000.0
38	2.844	15.641	1.298	11.874	0.06	0.99	6000.0
39	3.073	16.623	1.48	13.411	0.075	0.986	6000.0
40	1.767	9.765	0.821	7.347	0.035	0.997	6000.0
41	1.922	10.521	1.026	8.724	0.027	0.994	8000.0
42	2.199	12.285	1.334	12.089	0.075	0.99	6000.0
43	3.645	20.696	1.785	17.219	0.08	0.984	6000.0
44	2.799	15.441	1.335	12.081	0.056	0.994	6000.0
45	5.051	28.349	2.676	24.28	0.103	0.962	6000.0
46	2.922	16.611	1.391	13.695	0.056	0.985	6000.0
47	2.064	11.452	1.04	9.63	0.04	0.994	6000.0
48	2.492	13.831	1.28	11.252	0.05	0.994	6000.0
49	3.114	17.35	1.424	12.927	0.081	0.992	6000.0
50	2.943	16.929	1.541	13.954	0.036	0.988	6000.0
51	1.648	9.242	0.89	7.512	0.053	0.997	6000.0
52	4.142	23.807	1.915	19.203	0.107	0.978	6000.0
53	2.803	15.9	1.478	12.927	0.053	0.988	6000.0
54	2.773	15.677	1.396	12.242	0.07	0.993	6000.0
55	2.205	12.344	1.177	11.281	0.058	0.99	6000.0
56	3.284	17.663	1.608	14.55	0.054	0.988	6000.0
57	2.364	13.218	1.18	11.227	0.042	0.991	6000.0
58	2.006	11.478	1.059	8.845	0.044	0.994	6000.0
59	3.348	18.722	1.601	14.841	0.08	0.988	6000.0
60	3.015	17.14	1.52	13.68	0.051	0.989	6000.0
61	2.872	15.843	1.463	12.758	0.058	0.99	6000.0
62	3.221	17.374	1.581	13.477	0.064	0.99	6000.0
63	2.14	11.892	1.02	9.199	0.04	0.995	6000.0
64	3.041	17.534	1.535	14.346	0.049	0.986	6000.0
65	3.394	19.395	1.757	16.612	0.067	0.979	6000.0
66	2.617	14.918	1.25	11.889	0.055	0.992	6000.0
67	3.662	21.038	1.837	18.002	0.074	0.981	6000.0
68	3.575	19.909	1.785	17.025	0.069	0.983	7000.0
69	2.561	13.969	1.181	10.777	0.049	0.993	6000.0
70	3.001	16.769	1.53	14.068	0.065	0.987	7000.0
71	2.974	16.282	1.519	14.188	0.082	0.986	6000.0
72	2.122	11.929	1.13	9.422	0.045	0.996	6000.0
73	2.774	15.311	1.41	12.829	0.06	0.991	6000.0
74	2.4	13.802	1.309	11.739	0.045	0.992	6000.0
75	1.906	10.389	0.94	8.413	0.036	0.996	6000.0
76	1.635	9.264	0.926	7.766	0.017	0.997	6000.0
77	2.501	14.148	1.31	12.575	0.074	0.986	6000.0
78	2.075	11.649	1.053	9.645	0.041	0.994	6000.0
79	2.901	16.404	1.482	13.811	0.065	0.989	6000.0
80	3.205	18.309	1.671	15.349	0.079	0.983	6000.0
81	2.438	13.651	1.314	12.306	0.066	0.99	6000.0
82	3.632	19.651	1.749	16.782	0.092	0.98	6000.0
83	1.876	10.73	1.03	8.993	0.031	0.995	6000.0
84	3.505	19.255	1.812	16.244	0.062	0.984	6000.0
85	2.517	14.134	1.348	12.27	0.058	0.99	9000.0
86	2.813	15.977	1.387	12.921	0.049	0.989	6000.0
87	3.804	21.487	1.868	18.521	0.087	0.98	6000.0
88	2.955	17.267	1.487	13.428	0.053	0.989	6000.0
89	1.758	9.594	0.871	7.646	0.037	0.996	6000.0
90	3.584	19.689	1.883	16.363	0.074	0.985	6000.0
91	1.718	9.533	0.87	7.553	0.035	0.996	6000.0
92	3.026	16.533	1.48	13.266	0.06	0.991	6000.0
93	3.422	19.315	1.777	16.807	0.065	0.986	6000.0
94	3.174	17.823	1.544	14.227	0.069	0.989	6000.0
95	2.648	15.281	1.343	12.246	0.042	0.991	6000.0
96	2.013	11.254	1.027	8.611	0.046	0.996	6000.0
97	2.394	13.775	1.225	11.135	0.041	0.992	6000.0
98	2.739	15.038	1.464	13.79	0.075	0.987	6000.0
99	2.444	13.887	1.326	12.473	0.037	0.991	6000.0
100	2.997	16.928	1.506	14.305	0.052	0.989	6000.0
101	3.591	20.068	1.82	16.114	0.085	0.984	6000.0
102	2.121	11.957	1.054	9.4	0.043	0.996	8000.0
103	2.676	14.782	1.392	12.598	0.048	0.993	6000.0
104	1.747	9.887	1.02	9.289	0.038	0.994	6000.0
105	2.675	15.238	1.349	12.872	0.058	0.99	7000.0
106	2.2	12.242	1.178	10.876	0.056	0.991	6000.0
107	2.703	14.81	1.317	12.32	0.056	0.99	6000.0
108	1.903	10.631	0.91	8.324	0.036	0.995	6000.0
109	2.909	16.404	1.553	13.97	0.069	0.988	6000.0
110	4.107	23.142	2.304	20.504	0.058	0.976	6000.0
111	2.644	14.426	1.315	11.468	0.048	0.993	6000.0
112	2.379	13.455	1.15	10.228	0.047	0.995	6000.0
113	2.682	15.953	1.556	13.173	0.041	0.989	6000.0
114	1.987	10.933	1.088	9.076	0.047	0.995	6000.0
115	3.513	19.984	1.714	17.532	0.085	0.98	6000.0
116	2.769	15.674	1.394	13.119	0.069	0.991	6000.0
117	3.391	18.193	1.731	16.024	0.078	0.98	6000.0
118	2.091	11.799	0.988	8.622	0.046	0.995	6000.0
119	2.206	12.305	1.101	11.068	0.066	0.989	6000.0
120	2.59	14.864	1.294	12.004	0.046	0.991	6000.0
121	2.575	14.647	1.298	11.909	0.053	0.991	6000.0
122	2.515	13.484	1.259	11.576	0.071	0.988	6000.0
123	1.791	10.014	0.919	8.171	0.037	0.996	6000.0
124	3.042	17.197	1.527	14.122	0.06	0.985	6000.0
125	2.19	12.514	1.135	9.752	0.038	0.994	6000.0
126	3.791	21.182	1.969	17.288	0.085	0.985	6000.0
127	1.765	10.074	1.005	8.559	0.055	0.995	6000.0
128	2.833	15.612	1.327	11.203	0.073	0.993	6000.0
129	2.401	13.47	1.306	12.556	0.052	0.99	6000.0
130	2.774	15.394	1.429	12.597	0.054	0.991	6000.0
131	2.797	15.557	1.459	13.614	0.044	0.991	6000.0
132	3.069	16.882	1.554	15.011	0.051	0.984	6000.0
133	3.089	17.267	1.461	14.072	0.056	0.99	6000.0
134	2.935	16.628	1.402	13.383	0.069	0.99	6000.0
135	2.724	15.453	1.335	13.046	0.059	0.988	6000.0
136	4.713	26.723	2.346	22.92	0.088	0.969	6000.0
137	4.17	23.111	2.044	20.226	0.077	0.975	6000.0
138	2.659	15.14	1.382	13.073	0.046	0.99	6000.0
139	2.847	15.864	1.402	13.232	0.072	0.987	6000.0
140	3.131	17.396	1.705	15.593	0.05	0.984	6000.0
141	2.231	12.316	1.081	9.622	0.058	0.995	6000.0
142	3.46	19.45	1.899	17.62	0.039	0.985	6000.0
143	2.805	16.182	1.424	13.633	0.075	0.985	6000.0
144	2.426	13.876	1.229	11.304	0.045	0.992	6000.0
145	2.271	12.923	1.163	10.47	0.049	0.995	6000.0
146	1.979	11.47	1.103	9.997	0.043	0.994	6000.0
147	2.624	14.715	1.345	12.65	0.041	0.992	6000.0
148	3.488	19.484	1.716	15.483	0.083	0.986	6000.0
149	2.26	12.573	1.192	10.782	0.039	0.993	6000.0
150	3.108	16.974	1.622	14.936	0.059	0.98	6000.0
151	2.845	15.78	1.464	13.09	0.054	0.99	6000.0
152	2.525	13.931	1.289	11.794	0.065	0.99	6000.0
153	2.917	16.406	1.379	12.874	0.053	0.99	6000.0
154	2.765	15.286	1.343	12.844	0.055	0.987	8000.0
155	2.258	12.636	1.109	10.451	0.042	0.994	6000.0
156	3.676	21.479	1.805	17.11	0.094	0.976	6000.0
157	2.89	16.649	1.486	14.515	0.059	0.988	6000.0
158	3.67	20.487	1.742	16.138	0.079	0.986	6000.0
159	4.085	22.879	1.988	17.896	0.09	0.977	6000.0
160	2.504	13.913	1.237	10.881	0.043	0.994	6000.0
161	3.126	17.372	1.585	14.713	0.064	0.988	6000.0
162	1.654	9.03	0.808	7.404	0.036	0.996	6000.0
163	3.566	20.066	1.91	17.191	0.068	0.985	6000.0
164	3.281	18.627	1.873	16.464	0.043	0.975	6000.0
165	3.188	17.992	1.682	15.675	0.058	0.987	6000.0
166	3.062	17.198	1.506	13.537	0.055	0.985	6000.0
167	3.029	17.189	1.607	14.72	0.055	0.988	8000.0
168	3.233	17.779	1.589	14.058	0.066	0.989	6000.0
169	3.113	17.985	1.551	14.137	0.068	0.985	6000.0
170	3.209	18.108	1.652	15.959	0.046	0.986	6000.0
171	2.688	14.744	1.296	11.676	0.059	0.991	6000.0
172	2.777	15.771	1.285	11.905	0.067	0.992	6000.0
173	2.567	14.885	1.443	13.105	0.067	0.99	6000.0
174	2.907	16.043	1.363	13.244	0.074	0.983	6000.0
175	3.132	18.183	1.53	14.055	0.072	0.989	6000.0
176	2.849	15.863	1.364	12.707	0.054	0.99	6000.0
177	2.6	14.638	1.245	10.844	0.054	0.994	6000.0
178	3.085	17.486	1.639	15.242	0.064	0.987	6000.0
179	3.011	16.92	1.563	13.832	0.045	0.99	6000.0
180	3.086	16.526	1.48	13.462	0.062	0.988	6000.0
181	2.475	13.904	1.397	12.218	0.059	0.99	6000.0
182	2.026	11.663	1.024	9.674	0.034	0.995	6000.0
183	2.354	13.312	1.254	10.566	0.052	0.994	6000.0
184	4.122	22.936	1.97	18.392	0.086	0.981	6000.0
185	2.895	16.076	1.518	14.238	0.056	0.985	6000.0
186	2.563	14.465	1.277	12.158	0.049	0.991	6000.0
187	2.706	15.22	1.309	12.907	0.074	0.989	6000.0
188	3.673	20.75	1.921	17.644	0.073	0.979	6000.0
189	4.331	23.988	2.152	19.49	0.079	0.985	6000.0
190	3.078	17.343	1.573	14.327	0.055	0.987	6000.0
191	3.166	18.099	1.71	15.511	0.049	0.981	6000.0
192	2.96	16.383	1.404	13.275	0.069	0.99	6000.0
193	2.506	14.147	1.38	12.538	0.06	0.991	6000.0
194	3.5	20.468	1.699	16.133	0.07	0.982	6000.0
195	2.776	15.406	1.456	13.723	0.051	0.986	6000.0
196	3.504	19.935	1.689	15.958	0.074	0.982	6000.0
197	2.588	14.881	1.412	13.35	0.072	0.984	6000.0
198	3.527	19.709	1.768	15.765	0.06	0.986	6000.0
199	3.427	19.254	1.874	16.629	0.061	0.986	6000.0
200	3.493	19.885	1.761	15.74	0.064	0.985	6000.0
201	2.516	14.164	1.324	12.092	0.038	0.992	6000.0
202	2.931	15.935	1.362	12.862	0.073	0.989	6000.0
203	1.749	9.72	0.932	7.96	0.048	0.996	6000.0
204	3.12	17.359	1.656	14.62	0.058	0.988	6000.0
205	2.912	16.436	1.563	14.811	0.048	0.986	6000.0
206	3.397	18.942	1.81	16.748	0.069	0.981	6000.0
207	3.894	21.897	1.826	17.045	0.105	0.981	6000.0
208	2.25	13.02	1.261	11.561	0.055	0.991	6000.0
209	2.441	13.79	1.214	11.012	0.047	0.994	6000.0
210	2.074	11.675	1.016	8.952	0.046	0.996	6000.0
211	2.761	15.51	1.385	12.085	0.073	0.991	6000.0
212	3.002	16.425	1.467	12.629	0.064	0.99	6000.0
213	3.266	18.444	1.719	15.54	0.063	0.986	6000.0
214	2.324	13.05	1.227	11.62	0.043	0.992	6000.0
215	3.505	19.453	1.626	15.811	0.086	0.979	6000.0
216	3.44	18.919	1.601	15.049	0.085	0.984	6000.0
217	2.746	15.253	1.321	12.589	0.056	0.987	6000.0
218	3.598	19.706	1.751	15.743	0.077	0.987	6000.0
219	3.023	17.054	1.563	13.768	0.053	0.99	6000.0
220	2.61	14.567	1.34	11.783	0.044	0.992	6000.0
221	2.213	12.494	1.203	11.439	0.028	0.992	6000.0
222	2.802	15.37	1.357	12.912	0.061	0.989	6000.0
223	3.129	17.349	1.489	12.894	0.084	0.991	6000.0
224	2.588	14.509	1.408	12.826	0.045	0.991	6000.0
225	2.111	11.674	1.155	9.968	0.032	0.994	6000.0
226	3.099	16.994	1.644	14.271	0.043	0.987	6000.0
227	2.808	15.849	1.463	13.325	0.075	0.988	6000.0
228	2.873	16.435	1.59	14.799	0.072	0.985	6000.0
229	2.436	12.961	1.271	10.994	0.056	0.991	6000.0
230	2.796	15.605	1.332	11.963	0.052	0.993	6000.0
231	2.612	14.454	1.204	11.003	0.047	0.992	6000.0
232	4.316	24.048	2.067	20.834	0.088	0.976	6000.0
233	2.869	16.434	1.435	12.383	0.071	0.991	6000.0
234	3.753	21.415	1.896	17.021	0.081	0.981	6000.0
235	3.088	17.342	1.706	16.151	0.055	0.986	6000.0
236	2.613	14.432	1.31	11.241	0.048	0.992	6000.0
237	2.067	12.121	1.142	10.641	0.049	0.993	6000.0
238	3.269	18.166	1.488	14.038	0.068	0.988	6000.0
239	3.174	17.682	1.483	14.025	0.083	0.987	6000.0
240	4.254	23.513	2.177	20.945	0.071	0.975	6000.0
241	3.644	20.04	1.712	15.68	0.092	0.986	6000.0
242	1.776	10.038	0.994	8.898	0.043	0.995	6000.0
243	3.177	17.962	1.669	15.523	0.066	0.989	6000.0
244	3.656	20.824	1.763	17.354	0.071	0.982	6000.0
245	3.201	17.962	1.68	15.825	0.068	0.983	6000.0
246	2.494	13.967	1.417	12.61	0.036	0.99	6000.0
247	2.645	15.022	1.402	11.465	0.042	0.994	6000.0
248	1.96	10.794	1.0	9.15	0.056	0.993	6000.0
249	3.725	20.426	1.878	17.424	0.082	0.982	6000.0
250	3.079	17.599	1.601	15.418	0.07	0.985	6000.0
251	3.498	20.04	1.562	14.864	0.09	0.988	6000.0
252	2.277	12.714	1.098	9.816	0.052	0.994	6000.0
253	3.867	21.261	1.865	17.243	0.095	0.983	6000.0
254	3.023	17.075	1.443	12.862	0.076	0.99	6000.0
255	3.097	17.324	1.503	13.55	0.046	0.989	6000.0
256	2.792	15.812	1.458	13.981	0.081	0.985	6000.0
257	2.112	11.92	1.029	8.942	0.035	0.996	6000.0
258	3.962	22.559	2.041	18.472	0.088	0.985	6000.0
259	2.037	11.186	1.069	9.939	0.049	0.992	6000.0
260	2.436	13.71	1.278	11.72	0.031	0.992	6000.0
261	3.967	22.991	1.887	16.978	0.103	0.982	6000.0
262	2.854	15.947	1.388	12.926	0.055	0.989	6000.0
263	2.556	13.576	1.256	11.258	0.075	0.989	6000.0
264	2.64	14.635	1.288	12.076	0.066	0.99	6000.0
265	3.724	20.789	1.786	17.045	0.088	0.983	6000.0
266	3.816	21.349	1.947	18.287	0.068	0.982	6000.0
267	2.743	15.582	1.392	12.375	0.07	0.987	6000.0
268	2.569	14.125	1.438	13.053	0.055	0.989	6000.0
269	2.756	15.424	1.473	14.316	0.054	0.986	6000.0
270	1.985	10.839	1.03	8.729	0.03	0.996	6000.0
271	3.135	17.343	1.555	13.468	0.069	0.988	6000.0
272	2.866	16.406	1.475	13.682	0.055	0.99	6000.0
273	2.437	12.901	1.175	10.116	0.05	0.993	6000.0
274	4.036	22.714	1.931	17.997	0.08	0.984	6000.0
275	3.032	17.004	1.465	13.278	0.058	0.991	6000.0
276	4.554	25.736	2.273	22.323	0.092	0.973	6000.0
277	3.044	17.311	1.516	13.562	0.06	0.991	6000.0
278	3.509	19.756	1.625	14.748	0.085	0.987	6000.0
279	2.675	14.882	1.218	10.93	0.057	0.993	6000.0
280	2.751	15.958	1.487	13.433	0.036	0.99	6000.0
281	2.987	17.067	1.646	15.148	0.068	0.988	6000.0
282	2.024	11.074	1.029	9.219	0.037	0.995	6000.0
283	2.979	16.719	1.523	13.265	0.06	0.991	6000.0
284	3.356	18.854	1.805	16.742	0.059	0.984	6000.0
285	2.187	12.273	1.094	9.777	0.033	0.995	6000.0
286	3.529	19.896	1.723	15.562	0.074	0.988	6000.0
287	2.644	14.539	1.317	12.06	0.048	0.991	8000.0
288	2.961	16.825	1.42	12.999	0.069	0.992	6000.0
289	2.493	13.97	1.193	10.37	0.059	0.995	6000.0
290	3.231	18.378	1.55	15.018	0.065	0.988	6000.0
291	3.45	19.618	1.847	16.341	0.055	0.985	6000.0
292	3.079	17.182	1.452	12.658	0.064	0.992	6000.0
293	2.37	13.081	1.193	10.369	0.058	0.994	6000.0
294	2.399	13.612	1.226	11.41	0.062	0.992	6000.0
295	3.386	19.273	1.773	17.011	0.059	0.984	6000.0
296	2.866	15.447	1.476	14.513	0.063	0.987	6000.0
297	2.478	14.362	1.422	12.486	0.042	0.99	6000.0
298	2.057	11.761	1.066	9.306	0.043	0.994	6000.0
299	3.54	19.807	1.745	16.124	0.069	0.986	6000.0
300	2.043	11.457	1.073	9.776	0.039	0.993	6000.0
301	2.769	15.715	1.447	13.148	0.056	0.99	6000.0
302	2.201	12.163	1.06	9.302	0.06	0.994	6000.0
303	2.937	16.483	1.397	12.623	0.055	0.991	6000.0
304	3.184	17.866	1.446	13.599	0.061	0.99	6000.0
305	3.607	19.84	1.858	17.828	0.103	0.971	6000.0
306	2.215	12.803	1.026	9.37	0.053	0.994	6000.0
307	4.085	22.994	2.067	21.537	0.095	0.967	6000.0
308	3.812	20.802	1.841	18.395	0.079	0.975	6000.0
309	2.616	14.897	1.252	11.834	0.054	0.992	6000.0
310	2.381	13.301	1.155	10.311	0.052	0.993	6000.0
311	3.476	19.499	1.799	15.366	0.076	0.99	6000.0
312	2.001	10.784	0.933	8.293	0.054	0.995	6000.0
313	2.346	12.887	1.294	11.79	0.049	0.989	6000.0
314	2.648	15.102	1.352	12.625	0.044	0.988	6000.0
315	1.821	10.286	0.985	9.06	0.031	0.994	7000.0
316	1.893	10.681	1.119	9.985	0.037	0.994	6000.0
317	2.66	14.7	1.324	11.625	0.049	0.992	6000.0
318	3.735	20.605	1.77	16.469	0.066	0.985	6000.0
319	3.203	18.076	1.521	14.228	0.065	0.989	6000.0
320	3.631	20.717	1.891	17.099	0.059	0.987	6000.0
321	1.774	9.893	0.933	8.652	0.042	0.995	6000.0
322	3.05	17.13	1.542	14.236	0.061	0.991	6000.0
323	2.314	13.161	1.254	11.827	0.053	0.989	6000.0
324	2.125	12.24	1.117	10.383	0.029	0.993	6000.0
325	2.805	16.064	1.415	13.552	0.056	0.987	6000.0
326	2.679	15.15	1.247	11.398	0.054	0.992	6000.0
327	2.282	12.863	1.21	10.805	0.059	0.991	6000.0
328	1.771	9.742	0.877	7.717	0.031	0.996	6000.0
329	2.763	15.44	1.436	12.479	0.051	0.992	6000.0
330	3.102	17.092	1.477	14.096	0.058	0.988	6000.0
331	2.174	11.904	1.16	11.272	0.037	0.988	6000.0
332	3.27	18.076	1.661	15.54	0.068	0.98	6000.0
333	2.128	11.762	1.128	10.106	0.046	0.994	6000.0
334	2.631	14.279	1.271	11.681	0.055	0.991	6000.0
335	2.932	17.009	1.353	11.833	0.086	0.993	6000.0
336	3.585	20.27	1.788	16.368	0.078	0.984	6000.0
337	1.498	8.235	0.784	6.709	0.041	0.997	6000.0
338	3.403	18.472	1.769	16.783	0.06	0.98	6000.0
339	3.732	21.042	1.881	17.066	0.085	0.984	6000.0
340	1.816	9.849	0.87	8.545	0.048	0.994	6000.0
341	3.192	18.128	1.554	15.078	0.067	0.984	6000.0
342	2.447	13.321	1.138	9.949	0.046	0.995	6000.0
343	2.338	13.216	1.141	10.345	0.041	0.993	6000.0
344	2.397	13.451	1.27	10.979	0.035	0.994	6000.0
345	2.911	16.308	1.528	13.789	0.058	0.989	6000.0
346	1.838	10.185	0.981	8.243	0.048	0.996	6000.0
347	2.064	11.422	1.068	9.195	0.05	0.994	6000.0
348	2.661	14.699	1.435	13.382	0.042	0.989	6000.0
349	4.013	22.504	2.119	19.499	0.069	0.978	6000.0
350	3.339	18.294	1.559	14.801	0.087	0.987	6000.0
351	3.913	22.096	2.101	19.868	0.074	0.98	6000.0
352	3.242	18.078	1.751	16.127	0.048	0.988	6000.0
353	3.482	19.182	1.675	15.295	0.066	0.987	6000.0
354	2.344	13.111	1.183	10.096	0.057	0.994	7000.0
355	4.211	23.851	2.096	19.647	0.104	0.978	6000.0
356	3.365	18.698	1.775	16.205	0.074	0.983	6000.0
357	2.217	12.462	1.003	9.107	0.057	0.995	6000.0
358	1.558	8.364	0.86	7.407	0.031	0.997	6000.0
359	2.243	13.002	1.128	10.791	0.043	0.993	6000.0
360	2.801	15.534	1.478	13.2	0.049	0.988	6000.0
361	2.759	15.43	1.423	13.074	0.05	0.993	6000.0
362	2.532	14.272	1.245	11.307	0.056	0.993	6000.0
363	3.078	16.715	1.491	14.138	0.061	0.987	6000.0
364	2.613	14.454	1.292	11.927	0.061	0.989	7000.0
365	2.691	15.241	1.398	12.568	0.055	0.992	6000.0
366	2.057	11.57	0.987	9.54	0.04	0.994	6000.0
367	1.831	10.257	1.098	8.795	0.05	0.993	6000.0
368	4.332	23.625	2.048	19.457	0.091	0.971	6000.0
369	2.083	11.811	1.058	9.363	0.048	0.994	6000.0
370	2.676	14.783	1.246	10.843	0.058	0.994	6000.0
371	2.525	14.192	1.372	12.612	0.04	0.99	6000.0
372	3.413	19.455	1.847	17.05	0.054	0.981	6000.0
373	2.821	15.406	1.307	11.334	0.063	0.991	6000.0
374	2.18	12.509	1.126	10.434	0.047	0.993	6000.0
375	2.863	16.15	1.416	12.123	0.083	0.991	6000.0
376	2.249	12.645	1.125	10.724	0.041	0.993	6000.0
377	2.359	13.533	1.268	10.663	0.035	0.994	6000.0
378	3.572	20.306	1.744	16.886	0.069	0.982	6000.0
379	3.777	21.225	1.899	18.304	0.061	0.98	6000.0
380	2.592	14.697	1.356	13.296	0.059	0.985	6000.0
381	2.922	16.513	1.499	13.963	0.074	0.988	6000.0
382	2.726	14.815	1.379	11.816	0.049	0.99	6000.0
383	3.159	18.057	1.696	14.622	0.05	0.989	6000.0
384	2.918	16.24	1.533	13.122	0.058	0.991	6000.0
385	3.078	17.458	1.593	14.604	0.079	0.984	6000.0
386	3.272	18.641	1.591	14.896	0.066	0.986	6000.0
387	2.616	14.577	1.326	12.86	0.048	0.988	8000.0
388	3.613	21.133	1.949	18.338	0.075	0.979	6000.0
389	2.308	12.999	1.106	10.482	0.045	0.994	6000.0
390	2.874	15.929	1.453	12.225	0.056	0.993	6000.0
391	2.956	16.391	1.609	14.389	0.041	0.989	6000.0
392	2.372	13.266	1.23	10.738	0.067	0.993	6000.0
393	3.196	17.865	1.736	16.622	0.061	0.982	6000.0
394	3.534	20.429	1.944	17.104	0.064	0.983	6000.0
395	2.531	14.352	1.256	11.662	0.05	0.992	6000.0
396	2.317	12.709	1.089	9.836	0.052	0.995	6000.0
397	2.022	11.328	1.087	10.201	0.038	0.993	6000.0
398	5.192	30.118	2.556	25.017	0.11	0.957	6000.0
399	2.151	11.807	1.126	10.148	0.038	0.991	6000.0
400	2.655	15.209	1.264	11.509	0.053	0.992	6000.0
401	2.801	16.079	1.48	12.712	0.051	0.99	6000.0
402	4.353	24.297	2.242	20.89	0.071	0.971	6000.0
403	2.959	16.451	1.346	12.236	0.063	0.992	6000.0
404	3.835	21.84	2.046	19.151	0.083	0.97	6000.0
405	2.376	13.348	1.377	11.589	0.034	0.991	6000.0
406	2.303	12.486	1.108	10.457	0.064	0.99	8000.0
407	3.109	17.599	1.53	13.681	0.057	0.99	6000.0
408	2.988	17.0	1.54	13.747	0.051	0.99	6000.0
409	2.903	15.417	1.468	12.17	0.063	0.99	6000.0
410	2.386	13.205	1.191	11.421	0.056	0.991	6000.0
411	3.665	20.576	1.9	17.035	0.077	0.983	6000.0
412	3.523	19.545	1.692	16.093	0.094	0.982	6000.0
413	2.757	15.946	1.32	12.557	0.062	0.991	6000.0
414	2.109	11.635	1.066	8.869	0.046	0.996	6000.0
415	2.958	16.079	1.546	14.292	0.06	0.987	6000.0
416	2.386	13.205	1.198	10.23	0.038	0.994	6000.0
417	1.824	10.327	0.951	8.478	0.036	0.995	6000.0
418	2.922	16.54	1.456	14.072	0.044	0.986	6000.0
419	2.079	11.426	1.234	10.62	0.042	0.992	6000.0
420	2.804	16.027	1.319	12.123	0.061	0.993	6000.0
421	3.143	17.571	1.513	13.022	0.069	0.992	6000.0
422	2.348	12.878	1.174	11.035	0.047	0.993	6000.0
423	3.667	20.804	1.877	18.562	0.063	0.979	6000.0
424	1.726	9.711	1.006	9.162	0.034	0.994	6000.0
425	1.635	9.366	0.894	8.503	0.028	0.995	7000.0
426	3.382	19.311	1.731	14.923	0.082	0.989	6000.0
427	2.527	13.763	1.317	11.667	0.047	0.992	6000.0
428	2.172	12.25	1.092	9.644	0.037	0.994	6000.0
429	3.111	17.437	1.487	14.166	0.063	0.988	6000.0
430	2.796	15.625	1.407	12.528	0.042	0.994	6000.0
431	1.982	10.851	1.012	8.936	0.054	0.994	6000.0
432	2.505	14.341	1.225	11.767	0.042	0.991	6000.0
433	3.286	18.727	1.556	15.034	0.075	0.984	6000.0
434	2.754	15.087	1.302	13.012	0.071	0.983	6000.0
435	3.011	16.805	1.469	13.528	0.049	0.99	6000.0
436	3.352	19.221	1.735	15.375	0.08	0.988	6000.0
437	3.754	20.446	1.9	17.474	0.09	0.98	6000.0
438	3.947	22.131	1.977	18.298	0.072	0.985	6000.0
439	3.29	18.317	1.816	15.452	0.066	0.984	6000.0
440	1.93	10.993	1.062	9.662	0.043	0.994	7000.0
441	3.861	21.809	1.885	18.759	0.077	0.982	6000.0
442	3.297	18.314	1.597	15.234	0.069	0.987	6000.0
443	3.025	16.96	1.651	14.596	0.042	0.987	6000.0
444	3.466	19.422	1.831	17.792	0.07	0.982	6000.0
445	3.163	17.589	1.516	13.16	0.073	0.991	6000.0
446	2.129	11.727	1.128	9.903	0.055	0.993	18000.0
447	1.853	10.209	0.878	8.291	0.039	0.996	7000.0
448	2.498	13.67	1.238	11.323	0.061	0.99	10000.0
449	3.282	18.789	1.534	14.406	0.084	0.988	6000.0
450	2.832	15.626	1.457	13.164	0.047	0.987	6000.0
451	3.144	17.972	1.532	14.104	0.077	0.989	6000.0
452	2.72	14.671	1.446	12.722	0.04	0.992	6000.0
453	2.245	12.513	1.256	11.317	0.037	0.992	6000.0
454	1.522	8.651	0.815	7.356	0.039	0.997	24000.0
455	2.819	15.798	1.548	13.958	0.046	0.986	6000.0
456	3.409	19.531	1.724	16.336	0.066	0.985	6000.0
457	3.921	21.434	1.805	18.205	0.075	0.974	6000.0
458	2.107	11.759	1.024	9.131	0.044	0.995	6000.0
459	2.562	14.753	1.22	10.51	0.064	0.994	6000.0
460	3.39	18.698	1.664	16.221	0.063	0.983	6000.0
461	2.512	13.939	1.326	12.949	0.051	0.988	6000.0
462	3.117	16.995	1.486	13.544	0.072	0.988	6000.0
463	3.176	17.559	1.508	13.899	0.074	0.989	6000.0
464	3.989	22.71	2.018	19.441	0.071	0.977	6000.0
465	3.527	19.959	1.685	15.075	0.071	0.989	6000.0
466	2.372	13.436	1.086	9.999	0.05	0.994	6000.0
467	2.943	16.849	1.588	14.315	0.056	0.987	6000.0
468	2.574	14.586	1.345	11.111	0.057	0.995	6000.0
469	3.36	18.883	1.785	16.971	0.077	0.98	6000.0
470	3.032	16.832	1.608	13.946	0.054	0.987	6000.0
471	2.848	15.587	1.448	13.404	0.064	0.989	6000.0
472	3.187	17.643	1.494	13.227	0.066	0.989	6000.0
473	2.264	12.449	1.332	12.502	0.055	0.983	6000.0
474	2.754	15.766	1.444	12.871	0.05	0.992	6000.0
475	3.258	18.296	1.609	14.406	0.064	0.989	6000.0
476	4.049	22.868	1.883	17.29	0.088	0.986	6000.0
477	2.707	15.525	1.348	12.938	0.05	0.988	6000.0
478	1.82	10.018	0.978	8.19	0.044	0.995	6000.0
479	3.133	18.151	1.649	15.095	0.072	0.988	6000.0
480	3.277	18.069	1.535	14.786	0.067	0.986	6000.0
481	2.881	15.425	1.472	12.92	0.069	0.989	6000.0
482	2.64	14.883	1.328	12.123	0.06	0.99	6000.0
483	2.661	14.578	1.285	11.098	0.076	0.993	6000.0
484	1.915	10.163	1.024	8.601	0.035	0.995	6000.0
485	2.302	13.091	1.155	10.804	0.045	0.993	6000.0
486	3.336	18.617	1.935	16.562	0.051	0.983	6000.0
487	2.328	13.318	1.133	9.987	0.058	0.995	6000.0
488	4.005	22.843	1.995	17.502	0.085	0.986	6000.0
489	3.847	21.811	2.149	18.359	0.058	0.978	6000.0
490	2.065	11.482	1.012	9.261	0.044	0.995	6000.0
491	2.519	13.415	1.377	12.109	0.053	0.991	7000.0
492	2.817	15.66	1.454	13.108	0.046	0.99	6000.0
493	2.623	14.766	1.379	12.008	0.06	0.992	6000.0
494	2.39	13.351	1.221	11.213	0.06	0.992	6000.0
495	3.227	17.984	1.661	15.174	0.069	0.989	6000.0
496	3.584	20.06	1.694	15.42	0.081	0.983	6000.0
497	2.165	12.239	1.042	9.505	0.047	0.994	6000.0
498	1.829	10.174	1.011	9.515	0.053	0.994	6000.0
499	2.153	12.288	1.15	10.298	0.053	0.994	6000.0
500	4.536	25.596	2.361	22.272	0.081	0.972	6000.0
501	4.047	22.827	1.872	17.503	0.101	0.983	6000.0
502	2.207	12.551	1.09	10.109	0.043	0.991	6000.0
503	2.528	14.116	1.251	11.917	0.047	0.991	6000.0
504	2.601	14.594	1.369	13.02	0.057	0.99	6000.0
505	2.821	16.442	1.448	13.947	0.064	0.987	6000.0
506	1.804	10.062	0.955	8.363	0.037	0.995	6000.0
507	2.1	11.463	1.13	10.212	0.048	0.994	6000.0
508	3.192	18.177	1.52	14.345	0.071	0.989	6000.0
509	2.146	12.119	1.148	10.397	0.04	0.993	6000.0
510	3.527	20.179	1.767	16.811	0.059	0.985	6000.0
511	2.389	13.299	1.346	11.543	0.04	0.992	6000.0
512	3.3	18.423	1.723	15.603	0.07	0.985	6000.0
513	3.016	16.81	1.582	14.355	0.053	0.989	6000.0
514	3.085	17.464	1.564	14.783	0.057	0.986	6000.0
515	2.295	12.802	1.117	10.394	0.044	0.993	6000.0
516	2.88	16.272	1.476	14.542	0.071	0.987	6000.0
517	3.608	19.936	1.945	17.172	0.065	0.98	6000.0
518	2.469	13.682	1.179	9.944	0.064	0.994	6000.0
519	2.977	16.5	1.507	13.742	0.045	0.988	6000.0
520	3.103	17.733	1.582	16.149	0.068	0.982	6000.0
521	2.816	15.531	1.274	12.007	0.061	0.992	6000.0
522	2.932	16.287	1.509	14.025	0.052	0.987	6000.0
523	2.284	13.148	1.102	9.906	0.055	0.994	6000.0
524	2.23	12.547	1.141	9.983	0.057	0.994	6000.0
525	3.051	17.278	1.616	15.394	0.088	0.981	6000.0
526	2.401	12.917	1.26	12.137	0.051	0.986	6000.0
527	2.643	14.802	1.388	12.963	0.055	0.989	6000.0
528	2.457	13.639	1.276	11.204	0.055	0.992	6000.0
529	4.579	25.703	2.311	20.549	0.096	0.977	6000.0
530	3.439	19.209	1.712	16.129	0.069	0.982	6000.0
531	1.758	9.696	0.895	7.829	0.041	0.996	6000.0
532	2.392	13.71	1.267	11.07	0.04	0.992	6000.0
533	3.057	17.262	1.678	15.176	0.062	0.984	6000.0
534	2.477	14.211	1.309	11.787	0.056	0.993	6000.0
535	3.804	21.356	2.016	17.695	0.062	0.983	6000.0
536	3.916	21.342	1.888	17.418	0.056	0.979	6000.0
537	3.803	21.63	1.707	15.19	0.098	0.988	6000.0
538	3.793	21.275	1.872	17.321	0.063	0.985	6000.0
539	2.535	14.298	1.233	11.238	0.06	0.993	6000.0
540	2.454	13.606	1.319	11.837	0.04	0.993	6000.0
541	1.828	9.975	0.99	8.569	0.039	0.995	6000.0
542	4.594	25.274	2.249	22.769	0.073	0.968	6000.0
543	3.374	18.895	1.72	16.124	0.059	0.984	6000.0
544	2.701	15.16	1.439	12.488	0.042	0.993	6000.0
545	3.807	21.336	2.057	18.531	0.073	0.978	6000.0
546	2.646	14.602	1.388	12.546	0.059	0.992	6000.0
547	3.503	19.103	1.7	16.227	0.065	0.984	6000.0
548	2.687	14.934	1.42	11.664	0.062	0.993	6000.0
549	2.866	16.069	1.476	13.018	0.047	0.991	6000.0
550	3.188	18.435	1.446	14.114	0.065	0.985	6000.0
551	1.683	9.649	1.015	8.776	0.024	0.995	6000.0
552	2.875	15.985	1.431	14.545	0.057	0.987	6000.0
553	1.466	8.23	0.76	7.038	0.032	0.997	6000.0
554	2.057	11.35	1.052	9.101	0.04	0.996	6000.0
555	2.38	13.308	1.236	11.592	0.066	0.991	6000.0
556	2.466	14.162	1.184	10.917	0.06	0.991	6000.0
557	2.798	16.026	1.434	12.944	0.085	0.989	6000.0
558	1.98	10.825	1.025	9.865	0.034	0.993	6000.0
559	2.124	11.742	1.199	9.997	0.038	0.993	6000.0
560	2.513	14.249	1.443	13.216	0.034	0.99	6000.0
561	3.014	17.315	1.576	13.948	0.049	0.989	6000.0
562	2.088	11.74	0.995	8.994	0.059	0.995	6000.0
563	3.152	17.645	1.537	13.046	0.08	0.989	6000.0
564	3.212	18.026	1.705	16.568	0.053	0.986	6000.0
565	2.497	14.121	1.356	12.314	0.038	0.99	6000.0
566	2.875	16.233	1.41	12.76	0.06	0.992	6000.0
567	2.773	15.702	1.509	13.015	0.066	0.99	6000.0
568	2.062	11.44	0.998	9.344	0.057	0.993	6000.0
569	2.914	16.534	1.454	12.488	0.071	0.992	6000.0
570	4.083	23.46	2.023	18.614	0.097	0.984	6000.0
571	3.466	19.2	1.715	15.969	0.066	0.987	6000.0
572	3.593	20.158	1.793	17.023	0.073	0.983	6000.0
573	3.319	18.333	1.604	14.612	0.082	0.985	8000.0
574	2.684	15.039	1.478	12.876	0.058	0.989	6000.0
575	2.335	12.71	1.117	10.061	0.041	0.994	6000.0
576	3.692	20.603	1.672	16.791	0.084	0.984	6000.0
577	2.497	13.967	1.299	10.694	0.061	0.993	6000.0
578	3.002	16.549	1.525	14.344	0.061	0.984	6000.0
579	2.351	13.232	1.195	11.354	0.032	0.992	6000.0
580	2.309	12.645	1.226	11.135	0.048	0.993	6000.0
581	3.224	18.197	1.678	15.422	0.068	0.982	6000.0
582	3.004	16.445	1.482	13.561	0.058	0.989	6000.0
583	2.946	16.351	1.382	12.348	0.067	0.992	6000.0
584	2.529	14.304	1.418	12.549	0.057	0.992	6000.0
585	2.868	15.779	1.396	13.209	0.071	0.985	6000.0
586	3.391	19.142	1.771	15.486	0.058	0.986	6000.0
587	3.211	17.828	1.638	13.729	0.075	0.989	6000.0
588	2.676	15.115	1.343	12.634	0.052	0.988	6000.0
589	2.137	12.181	1.164	10.791	0.046	0.993	6000.0
590	2.863	16.372	1.49	13.975	0.075	0.987	6000.0
591	2.385	13.097	1.27	11.887	0.051	0.986	6000.0
592	2.792	15.433	1.395	12.255	0.064	0.992	6000.0
593	3.271	19.169	1.75	15.513	0.062	0.985	6000.0
594	4.493	24.733	2.204	21.964	0.113	0.966	6000.0
595	2.093	12.28	0.989	9.259	0.035	0.994	8000.0
596	2.885	16.771	1.646	14.81	0.05	0.987	6000.0
597	2.982	16.913	1.563	14.129	0.062	0.984	6000.0
598	2.734	14.96	1.329	12.498	0.058	0.992	12000.0
599	2.438	13.974	1.262	12.151	0.059	0.989	6000.0
600	2.326	12.754	1.279	11.679	0.073	0.99	6000.0
601	2.946	15.946	1.476	13.176	0.05	0.989	6000.0
602	2.787	15.644	1.35	11.186	0.062	0.993	6000.0
603	2.362	13.123	1.184	10.722	0.044	0.994	7000.0
604	3.22	18.619	1.645	15.362	0.076	0.987	6000.0
605	2.367	13.285	1.175	10.769	0.042	0.994	6000.0
606	2.643	15.268	1.231	10.817	0.056	0.994	6000.0
607	3.343	18.825	1.675	16.336	0.061	0.981	6000.0
608	3.469	19.991	1.653	15.314	0.072	0.988	6000.0
609	2.202	12.182	1.235	10.514	0.028	0.995	6000.0
610	2.624	14.496	1.326	11.687	0.052	0.991	6000.0
611	2.852	15.331	1.369	12.309	0.052	0.991	6000.0
612	2.572	14.138	1.242	11.594	0.055	0.99	6000.0
613	3.867	21.628	1.935	17.255	0.08	0.981	6000.0
614	3.52	20.336	1.817	17.391	0.083	0.979	6000.0
615	2.523	14.212	1.366	12.125	0.045	0.993	6000.0
616	3.028	17.665	1.594	13.74	0.071	0.989	6000.0
617	2.639	15.056	1.348	12.209	0.049	0.991	6000.0
618	2.704	14.875	1.322	11.51	0.061	0.992	6000.0
619	3.69	20.456	1.72	15.495	0.095	0.986	6000.0
620	2.597	14.316	1.292	11.93	0.04	0.992	6000.0
621	3.592	19.513	1.654	15.861	0.078	0.984	6000.0
622	2.306	12.934	1.247	11.852	0.055	0.992	8000.0
623	2.699	15.348	1.4	12.422	0.049	0.989	6000.0
624	3.212	18.033	1.741	15.234	0.048	0.989	6000.0
625	3.544	20.038	1.765	16.158	0.087	0.985	6000.0
626	3.421	18.915	1.762	16.754	0.047	0.984	6000.0
627	3.073	17.47	1.588	15.302	0.07	0.987	6000.0
628	3.443	18.68	1.702	15.318	0.083	0.984	6000.0
629	2.179	12.021	1.067	9.272	0.051	0.995	6000.0
630	3.023	16.89	1.471	14.522	0.073	0.983	6000.0
631	3.523	19.81	1.603	14.597	0.074	0.989	6000.0
632	2.83	16.014	1.317	12.111	0.066	0.991	6000.0
633	2.223	12.416	1.163	10.048	0.036	0.993	6000.0
634	2.054	11.21	1.063	9.681	0.053	0.992	6000.0
635	2.883	16.516	1.398	13.118	0.058	0.99	6000.0
636	2.742	15.895	1.409	12.932	0.062	0.988	6000.0
637	2.738	15.611	1.29	11.557	0.059	0.993	6000.0
638	2.436	13.476	1.132	10.166	0.061	0.993	6000.0
639	3.215	18.057	1.612	14.946	0.074	0.988	6000.0
640	2.252	12.271	1.187	11.174	0.067	0.99	6000.0
641	2.436	13.944	1.396	12.136	0.049	0.991	6000.0
642	1.786	10.082	0.934	8.477	0.049	0.995	6000.0
643	2.815	15.236	1.326	11.729	0.054	0.992	6000.0
644	3.942	22.317	2.067	18.814	0.058	0.98	6000.0
645	2.623	14.452	1.341	12.22	0.045	0.99	6000.0
646	2.057	11.556	1.038	9.033	0.036	0.995	6000.0
647	1.563	8.895	0.845	7.615	0.045	0.996	6000.0
648	2.719	15.499	1.556	13.706	0.066	0.99	6000.0
649	2.729	15.281	1.374	12.27	0.064	0.993	6000.0
650	3.102	17.92	1.528	14.244	0.071	0.987	6000.0
651	3.158	17.706	1.556	14.033	0.072	0.989	6000.0
652	3.546	19.802	1.669	15.779	0.084	0.987	6000.0
653	3.051	17.27	1.584	15.424	0.042	0.985	6000.0
654	3.403	19.337	1.711	15.95	0.069	0.988	6000.0
655	3.072	16.868	1.449	13.799	0.065	0.989	6000.0
656	2.529	14.566	1.27	11.088	0.048	0.991	6000.0
657	4.742	26.522	2.427	21.231	0.116	0.98	6000.0
658	3.474	19.114	1.639	14.764	0.084	0.986	6000.0
659	2.26	12.756	1.318	11.735	0.035	0.993	6000.0
660	2.897	16.345	1.398	13.994	0.055	0.988	6000.0
661	2.299	12.901	1.147	10.475	0.046	0.994	6000.0
662	3.391	19.059	1.668	15.14	0.068	0.988	6000.0
663	3.951	22.144	2.081	18.723	0.087	0.977	6000.0
664	2.998	16.728	1.517	13.407	0.049	0.99	6000.0
665	2.673	15.332	1.393	13.09	0.08	0.989	6000.0
666	2.373	12.945	1.156	10.083	0.068	0.994	6000.0
667	2.528	14.036	1.18	10.533	0.064	0.994	6000.0
668	2.649	14.842	1.252	11.383	0.064	0.992	6000.0
669	2.421	13.485	1.153	10.37	0.056	0.994	7000.0
670	2.215	12.317	1.238	10.988	0.058	0.992	6000.0
671	3.445	19.735	1.556	15.455	0.076	0.982	6000.0
672	2.915	16.736	1.407	12.803	0.057	0.991	7000.0
673	2.05	11.406	1.063	9.684	0.04	0.993	6000.0
674	2.45	13.96	1.271	11.084	0.051	0.993	6000.0
675	2.417	13.362	1.272	11.746	0.056	0.989	6000.0
676	3.214	17.924	1.557	14.566	0.08	0.988	6000.0
677	3.05	17.302	1.613	14.732	0.059	0.987	6000.0
678	3.215	17.768	1.613	14.402	0.075	0.986	6000.0
679	2.522	14.027	1.147	10.314	0.053	0.994	6000.0
680	1.995	11.038	1.079	9.655	0.041	0.993	6000.0
681	2.829	15.295	1.424	13.11	0.067	0.988	6000.0
682	2.519	14.025	1.32	11.569	0.061	0.993	6000.0
683	3.143	17.899	1.576	14.684	0.056	0.989	6000.0
684	2.348	13.317	1.19	10.825	0.038	0.994	6000.0
685	2.323	13.285	1.205	11.321	0.056	0.993	6000.0
686	2.716	15.069	1.413	12.836	0.045	0.988	6000.0
687	2.251	12.406	1.04	9.82	0.04	0.994	6000.0
688	3.269	18.093	1.545	13.65	0.082	0.99	6000.0
689	2.629	14.393	1.346	11.966	0.043	0.993	6000.0
690	3.786	21.353	2.015	19.031	0.065	0.981	6000.0
691	2.449	13.397	1.091	9.544	0.052	0.994	6000.0
692	2.645	15.279	1.351	12.28	0.051	0.992	6000.0
693	2.946	16.974	1.596	14.839	0.044	0.987	6000.0
694	2.901	16.132	1.354	13.339	0.054	0.992	6000.0
695	2.173	12.485	1.156	10.097	0.053	0.994	12000.0
696	2.445	13.829	1.265	11.874	0.062	0.992	6000.0
697	3.026	16.663	1.599	14.601	0.063	0.989	6000.0
698	3.097	17.41	1.501	13.685	0.059	0.99	6000.0
699	2.47	13.836	1.195	10.337	0.06	0.995	6000.0
700	3.715	20.652	1.924	17.674	0.094	0.976	6000.0
701	3.391	19.095	1.746	16.133	0.07	0.985	6000.0
702	3.491	19.658	1.724	16.182	0.079	0.984	10000.0
703	2.863	15.834	1.402	12.001	0.055	0.991	6000.0
704	4.583	25.761	2.628	23.704	0.122	0.97	6000.0
705	2.486	14.016	1.291	12.124	0.036	0.992	6000.0
706	2.069	11.623	1.086	10.083	0.03	0.994	6000.0
707	3.101	16.799	1.698	14.957	0.046	0.984	6000.0
708	2.518	13.846	1.205	10.7	0.055	0.995	6000.0
709	2.309	12.338	1.178	10.721	0.057	0.991	6000.0
710	2.812	15.811	1.427	12.458	0.076	0.991	6000.0
711	2.566	13.961	1.292	11.39	0.051	0.99	6000.0
712	3.163	17.313	1.662	15.545	0.065	0.984	6000.0
713	4.555	25.248	2.162	20.418	0.097	0.977	6000.0
714	2.946	16.997	1.586	14.876	0.057	0.99	6000.0
715	3.523	20.139	1.938	17.559	0.057	0.982	6000.0
716	2.936	16.168	1.406	12.588	0.065	0.991	11000.0
717	2.89	16.451	1.489	13.851	0.052	0.986	6000.0
718	2.345	13.422	1.143	10.176	0.055	0.994	6000.0
719	2.747	15.076	1.322	12.346	0.058	0.992	6000.0
720	3.224	18.211	1.773	16.012	0.057	0.987	6000.0
721	2.374	12.781	1.29	11.597	0.049	0.99	6000.0
722	2.586	14.543	1.376	12.315	0.074	0.987	6000.0
723	2.791	15.231	1.459	12.986	0.065	0.987	6000.0
724	2.462	13.784	1.171	9.982	0.052	0.996	6000.0
725	2.888	16.417	1.475	13.95	0.052	0.991	6000.0
726	2.309	12.82	1.283	11.587	0.053	0.994	6000.0
727	4.316	23.903	2.122	20.083	0.083	0.982	7000.0
728	1.434	7.541	0.805	8.116	0.031	0.992	6000.0
729	2.961	16.62	1.599	13.854	0.047	0.991	6000.0
730	2.228	12.787	1.101	9.552	0.072	0.994	8000.0
731	3.346	18.826	1.762	17.926	0.064	0.981	6000.0
732	3.886	21.286	1.866	17.117	0.076	0.985	6000.0
733	2.981	16.992	1.444	13.248	0.074	0.991	6000.0
734	3.509	19.863	1.719	16.051	0.078	0.984	6000.0
735	2.634	14.95	1.362	12.789	0.054	0.989	6000.0
736	2.67	14.977	1.276	11.683	0.052	0.992	6000.0
737	2.278	12.31	1.238	11.199	0.046	0.99	6000.0
738	3.525	19.502	1.682	15.614	0.078	0.986	6000.0
739	2.494	14.164	1.312	11.747	0.054	0.992	6000.0
740	2.857	16.149	1.436	13.033	0.056	0.989	6000.0
741	2.788	15.679	1.35	12.428	0.051	0.99	6000.0
742	3.689	20.826	1.771	15.744	0.092	0.986	6000.0
743	3.353	18.819	1.668	16.396	0.08	0.982	8000.0
744	2.908	15.939	1.325	13.135	0.064	0.988	6000.0
745	2.977	16.72	1.512	13.339	0.066	0.989	6000.0
746	3.228	18.405	1.713	15.314	0.061	0.986	6000.0
747	3.547	19.482	1.735	14.776	0.112	0.984	6000.0
748	2.775	15.728	1.434	12.2	0.069	0.991	6000.0
749	2.043	11.608	1.072	9.543	0.046	0.996	6000.0
750	2.735	15.579	1.317	12.159	0.067	0.991	6000.0
751	1.497	8.413	0.796	6.797	0.029	0.997	6000.0
752	2.757	15.491	1.294	11.252	0.063	0.994	6000.0
753	2.85	16.039	1.388	13.277	0.076	0.987	8000.0
754	3.331	18.869	1.716	16.03	0.066	0.988	6000.0
755	2.593	15.211	1.534	13.718	0.028	0.987	6000.0
756	3.167	18.103	1.671	16.283	0.054	0.987	6000.0
757	3.776	20.9	1.858	16.952	0.061	0.984	6000.0
758	3.373	19.173	1.742	16.766	0.056	0.98	6000.0
759	4.457	25.353	2.137	21.755	0.099	0.973	6000.0
760	2.747	15.368	1.272	11.347	0.065	0.993	6000.0
761	3.365	18.418	1.621	16.229	0.06	0.984	6000.0
762	2.089	11.301	1.099	9.368	0.054	0.993	11000.0
763	3.12	17.022	1.589	14.952	0.065	0.985	10000.0
764	2.264	12.622	1.205	10.515	0.066	0.992	6000.0
765	1.934	10.913	0.931	8.541	0.043	0.994	6000.0
766	3.751	21.253	1.93	17.497	0.089	0.985	6000.0
767	3.03	16.337	1.446	12.636	0.05	0.991	6000.0
768	2.554	14.703	1.305	11.632	0.058	0.993	6000.0
769	2.749	15.126	1.377	12.482	0.051	0.992	6000.0
770	3.077	17.511	1.735	16.124	0.064	0.982	6000.0
771	2.231	12.679	1.228	10.667	0.04	0.993	6000.0
772	2.575	14.008	1.321	12.159	0.05	0.992	6000.0
773	3.014	16.871	1.461	12.728	0.065	0.993	6000.0
774	2.515	14.037	1.418	11.896	0.044	0.99	6000.0
775	2.723	15.244	1.38	12.3	0.057	0.99	6000.0
776	3.302	18.276	1.686	16.1	0.083	0.981	6000.0
777	3.47	19.217	1.939	17.013	0.051	0.986	6000.0
778	2.797	15.818	1.41	13.034	0.082	0.99	6000.0
779	3.245	18.26	1.547	14.261	0.08	0.987	6000.0
780	2.358	12.968	1.23	10.866	0.067	0.991	15000.0
781	3.192	17.892	1.663	14.235	0.061	0.991	6000.0
782	2.715	14.985	1.362	12.195	0.046	0.988	6000.0
783	4.056	23.174	2.165	20.493	0.089	0.974	6000.0
784	2.282	12.518	1.182	10.228	0.057	0.993	6000.0
785	1.629	9.255	0.811	7.541	0.036	0.996	7000.0
786	4.28	23.936	2.063	19.409	0.074	0.976	6000.0
787	2.432	13.481	1.163	10.799	0.04	0.994	6000.0
788	3.578	19.744	1.874	17.25	0.061	0.981	6000.0
789	3.033	16.938	1.529	14.032	0.065	0.99	6000.0
790	3.477	19.357	1.643	15.518	0.071	0.978	6000.0
791	2.217	12.471	1.29	12.365	0.045	0.988	6000.0
792	3.214	18.356	1.512	13.621	0.074	0.991	6000.0
793	3.084	17.542	1.507	14.288	0.073	0.987	6000.0
794	3.661	20.396	1.99	17.4	0.066	0.983	6000.0
795	2.817	15.473	1.401	12.777	0.067	0.99	6000.0
796	3.337	18.276	1.886	16.402	0.067	0.983	6000.0
797	2.685	15.255	1.425	13.562	0.086	0.984	6000.0
798	3.135	17.337	1.527	13.997	0.071	0.99	6000.0
799	1.657	9.404	0.867	7.53	0.037	0.996	6000.0
800	3.465	19.363	1.733	16.042	0.072	0.984	6000.0
801	2.261	12.334	1.146	9.639	0.039	0.996	6000.0
802	3.46	19.171	1.798	15.486	0.085	0.985	6000.0
803	3.218	18.36	1.684	15.106	0.097	0.986	6000.0
804	3.076	17.134	1.586	14.973	0.058	0.986	6000.0
805	2.416	13.496	1.152	10.806	0.068	0.992	9000.0
806	2.734	15.425	1.572	14.338	0.037	0.99	6000.0
807	3.104	17.3	1.547	13.664	0.062	0.991	6000.0
808	3.496	19.725	1.827	16.536	0.049	0.983	6000.0
809	2.9	16.396	1.468	13.456	0.047	0.991	6000.0
810	2.894	17.208	1.752	15.412	0.037	0.984	6000.0
811	2.566	13.856	1.256	11.25	0.054	0.992	6000.0
812	1.966	11.083	0.954	8.187	0.038	0.996	6000.0
813	2.639	14.823	1.278	11.794	0.058	0.992	6000.0
814	3.292	18.14	1.66	13.876	0.095	0.985	6000.0
815	3.441	19.447	1.734	16.089	0.077	0.988	6000.0
816	2.724	15.559	1.49	13.098	0.045	0.988	6000.0
817	2.775	15.886	1.356	13.124	0.05	0.989	6000.0
818	2.673	15.165	1.41	12.216	0.047	0.989	6000.0
819	2.611	14.412	1.319	11.401	0.052	0.995	6000.0
820	2.998	17.162	1.574	13.816	0.053	0.991	6000.0
821	2.537	14.189	1.165	10.525	0.051	0.994	6000.0
822	2.925	15.942	1.481	12.615	0.083	0.988	6000.0
823	2.158	12.175	1.229	10.671	0.048	0.994	6000.0
824	3.199	17.989	1.576	15.229	0.076	0.986	6000.0
825	2.358	13.194	1.137	10.491	0.055	0.991	6000.0
826	3.934	22.73	2.04	18.813	0.087	0.977	6000.0
827	3.317	17.972	1.732	15.881	0.061	0.98	6000.0
828	3.409	18.932	1.825	17.217	0.058	0.981	6000.0
829	1.721	9.679	0.896	7.775	0.037	0.996	6000.0
830	4.969	28.811	2.4	23.563	0.133	0.958	6000.0
831	2.84	16.4	1.6	14.91	0.042	0.986	6000.0
832	2.285	12.75	1.205	10.747	0.034	0.992	6000.0
833	1.426	7.54	0.812	7.078	0.032	0.996	6000.0
834	4.623	26.192	2.37	23.224	0.103	0.968	6000.0
835	3.417	19.269	1.662	14.755	0.077	0.988	6000.0
836	4.331	24.969	2.182	20.942	0.098	0.966	6000.0
837	2.636	14.711	1.276	11.89	0.057	0.991	6000.0
838	2.244	12.642	1.261	11.935	0.039	0.99	6000.0
839	3.412	19.466	1.695	16.435	0.064	0.987	6000.0
840	1.975	10.967	1.101	9.188	0.027	0.996	6000.0
841	2.284	12.663	1.125	10.43	0.062	0.993	6000.0
842	1.938	10.647	0.957	8.254	0.044	0.996	6000.0
843	2.805	15.227	1.375	12.232	0.055	0.992	6000.0
844	2.684	14.817	1.491	14.406	0.067	0.987	6000.0
845	1.991	10.655	0.977	8.469	0.054	0.996	6000.0
846	2.67	14.728	1.346	12.642	0.075	0.989	7000.0
847	3.29	18.498	1.719	15.209	0.055	0.987	6000.0
848	2.006	11.532	1.091	9.824	0.044	0.992	6000.0
849	2.929	16.675	1.407	13.382	0.061	0.986	6000.0
850	3.045	17.05	1.439	14.009	0.078	0.983	6000.0
851	3.369	18.96	1.753	16.216	0.07	0.984	6000.0
852	3.153	18.214	1.679	15.192	0.06	0.987	6000.0
853	2.851	16.014	1.401	11.983	0.043	0.993	6000.0
854	2.257	12.271	1.203	11.024	0.041	0.993	6000.0
855	1.893	10.719	0.903	8.326	0.048	0.996	6000.0
856	3.234	18.516	1.832	17.271	0.068	0.982	6000.0
857	2.22	12.585	1.143	10.091	0.038	0.994	6000.0
858	3.044	16.862	1.442	13.252	0.089	0.987	6000.0
859	1.977	11.116	1.037	9.041	0.05	0.994	6000.0
860	3.75	21.214	1.89	16.957	0.063	0.985	6000.0
861	2.655	15.125	1.297	12.036	0.046	0.992	6000.0
862	2.75	15.482	1.416	12.414	0.071	0.991	6000.0
863	1.947	10.689	0.97	8.685	0.028	0.996	6000.0
864	2.072	11.564	1.092	9.096	0.039	0.995	6000.0
865	1.883	10.698	0.941	8.356	0.033	0.995	6000.0
866	2.908	16.716	1.495	13.914	0.057	0.989	6000.0
867	3.243	18.108	1.604	15.019	0.062	0.989	6000.0
868	2.897	16.808	1.595	14.454	0.041	0.987	6000.0
869	3.583	19.572	1.914	16.111	0.067	0.984	6000.0
870	3.318	19.081	1.69	15.815	0.065	0.986	6000.0
871	2.651	14.678	1.33	11.615	0.078	0.992	6000.0
872	2.206	12.269	1.143	9.497	0.05	0.994	6000.0
873	2.022	11.444	1.111	9.664	0.035	0.996	6000.0
874	2.829	16.615	1.488	13.172	0.046	0.988	6000.0
875	3.197	17.736	1.631	15.648	0.062	0.984	6000.0
876	2.516	13.946	1.248	10.732	0.045	0.993	6000.0
877	3.786	21.39	1.941	18.708	0.056	0.984	6000.0
878	1.417	8.106	0.752	6.825	0.028	0.997	6000.0
879	2.961	16.768	1.52	13.67	0.048	0.989	6000.0
880	2.29	12.768	1.161	11.147	0.054	0.991	6000.0
881	2.874	16.448	1.431	13.5	0.067	0.989	6000.0
882	3.186	17.914	1.567	13.711	0.061	0.99	6000.0
883	2.642	14.501	1.299	12.449	0.048	0.991	6000.0
884	2.193	12.235	1.288	11.978	0.032	0.99	6000.0
885	1.798	10.157	0.977	9.152	0.032	0.995	6000.0
886	2.359	13.268	1.275	11.424	0.027	0.992	6000.0
887	2.855	15.93	1.434	12.902	0.067	0.989	6000.0
888	2.964	16.827	1.421	13.128	0.062	0.99	6000.0
889	2.905	16.391	1.463	13.13	0.068	0.992	6000.0
890	3.562	19.917	1.65	15.644	0.08	0.985	6000.0
891	4.092	23.085	1.995	18.349	0.098	0.978	6000.0
892	3.274	18.802	1.636	15.532	0.053	0.984	6000.0
893	3.598	20.303	1.783	17.364	0.07	0.983	6000.0
894	2.74	15.321	1.482	13.453	0.057	0.989	6000.0
895	2.755	15.438	1.364	12.711	0.044	0.99	6000.0
896	1.485	8.273	0.78	6.906	0.037	0.996	6000.0
897	2.297	12.811	1.082	9.711	0.063	0.994	6000.0
898	1.793	10.402	1.007	9.278	0.022	0.995	6000.0
899	1.627	8.881	0.91	8.249	0.053	0.994	6000.0
900	3.274	17.94	1.527	14.037	0.076	0.986	6000.0
901	1.447	8.232	0.757	6.587	0.027	0.997	6000.0
902	3.221	18.21	1.644	15.689	0.062	0.987	6000.0
903	3.358	18.697	1.654	15.2	0.072	0.985	6000.0
904	2.404	13.61	1.161	10.526	0.05	0.994	6000.0
905	2.872	16.296	1.523	13.48	0.093	0.989	6000.0
906	1.929	11.307	1.076	10.199	0.043	0.993	6000.0
907	2.758	14.865	1.406	12.572	0.074	0.991	6000.0
908	2.943	16.551	1.653	14.104	0.06	0.988	6000.0
909	4.385	23.492	2.388	20.488	0.064	0.975	6000.0
910	2.285	12.809	1.117	9.407	0.044	0.996	6000.0
911	2.744	15.636	1.366	12.388	0.052	0.985	6000.0
912	3.833	21.788	1.863	17.815	0.084	0.978	6000.0
913	2.685	15.112	1.357	12.099	0.059	0.991	6000.0
914	1.708	9.525	0.866	8.446	0.033	0.994	6000.0
915	2.165	12.333	1.108	9.563	0.033	0.995	6000.0
916	4.67	26.692	2.425	22.677	0.085	0.969	6000.0
917	3.84	22.169	2.058	18.522	0.092	0.976	6000.0
918	3.327	19.03	1.777	15.839	0.072	0.983	6000.0
919	4.023	22.15	1.834	18.151	0.104	0.977	6000.0
920	3.462	19.577	1.795	17.523	0.053	0.985	6000.0
921	2.302	13.003	1.216	10.558	0.053	0.993	6000.0
922	2.81	15.162	1.402	13.284	0.062	0.988	6000.0
923	3.506	19.619	1.929	18.293	0.065	0.983	6000.0
924	2.207	12.269	1.063	10.494	0.045	0.992	7000.0
925	2.978	16.91	1.646	14.771	0.061	0.985	6000.0
926	3.335	18.387	1.686	15.131	0.071	0.986	6000.0
927	2.746	15.759	1.571	13.708	0.049	0.989	6000.0
928	2.354	13.337	1.191	10.246	0.064	0.993	6000.0
929	3.829	21.279	1.981	16.493	0.072	0.989	6000.0
930	3.252	18.391	1.643	15.625	0.057	0.985	6000.0
931	2.558	14.048	1.316	11.387	0.046	0.991	6000.0
932	2.996	16.306	1.538	14.477	0.075	0.985	6000.0
933	2.164	12.298	1.04	9.146	0.048	0.995	6000.0
934	3.809	20.979	2.067	17.695	0.07	0.985	6000.0
935	3.692	20.624	1.951	17.264	0.065	0.984	6000.0
936	3.553	19.505	1.799	16.123	0.067	0.984	6000.0
937	4.019	22.411	1.872	17.455	0.099	0.984	6000.0
938	3.321	18.924	1.828	16.85	0.055	0.981	6000.0
939	2.95	16.28	1.506	14.028	0.045	0.989	6000.0
940	2.607	14.569	1.38	11.627	0.049	0.991	6000.0
941	2.587	14.625	1.249	11.375	0.071	0.991	6000.0
942	2.45	13.649	1.284	12.273	0.053	0.989	6000.0
943	3.107	17.366	1.457	13.346	0.065	0.99	6000.0
944	2.993	16.598	1.59	13.078	0.068	0.99	9000.0
945	2.984	16.724	1.431	13.326	0.063	0.99	6000.0
946	1.683	9.677	0.833	7.452	0.039	0.997	6000.0
947	3.504	19.412	1.703	15.396	0.073	0.989	6000.0
948	3.157	17.763	1.586	14.292	0.07	0.988	6000.0
949	2.963	16.956	1.6	13.332	0.065	0.992	6000.0
950	2.583	14.298	1.386	11.851	0.04	0.991	6000.0
951	2.325	13.332	1.083	9.793	0.047	0.994	6000.0
952	2.667	15.034	1.32	12.507	0.07	0.989	9000.0
953	3.484	19.874	1.658	15.515	0.084	0.985	6000.0
954	2.707	15.083	1.383	12.651	0.059	0.99	7000.0
955	1.98	11.157	1.05	9.469	0.034	0.994	6000.0
956	3.54	20.044	1.762	15.888	0.081	0.988	6000.0
957	2.85	15.564	1.505	11.94	0.069	0.991	6000.0
958	2.994	16.77	1.58	14.717	0.05	0.985	6000.0
959	3.026	16.732	1.439	13.271	0.065	0.989	6000.0
960	2.701	14.846	1.303	11.653	0.053	0.99	6000.0
961	2.923	16.46	1.629	14.704	0.055	0.986	6000.0
962	3.355	18.425	1.686	15.684	0.068	0.985	6000.0
963	2.891	16.442	1.536	14.687	0.036	0.985	6000.0
964	3.268	18.714	1.683	14.61	0.069	0.989	6000.0
965	3.09	17.291	1.496	13.735	0.062	0.989	6000.0
966	2.801	15.216	1.29	12.377	0.081	0.989	6000.0
967	4.406	24.7	2.448	23.478	0.081	0.971	6000.0
968	2.023	11.31	1.073	10.076	0.024	0.994	6000.0
969	2.933	16.247	1.435	13.201	0.052	0.988	6000.0
970	3.289	18.262	1.558	14.744	0.084	0.984	6000.0
971	3.691	20.873	1.862	17.619	0.068	0.985	6000.0
972	2.124	12.263	1.026	9.795	0.051	0.992	6000.0
973	2.495	14.107	1.205	11.08	0.045	0.992	6000.0
974	2.251	12.482	1.232	10.943	0.045	0.993	6000.0
975	3.269	18.427	1.708	15.145	0.053	0.986	6000.0
976	3.468	19.291	1.632	15.089	0.097	0.985	6000.0
977	2.888	16.36	1.483	13.628	0.058	0.989	6000.0
978	2.086	11.681	1.125	10.229	0.049	0.993	6000.0
979	1.831	10.162	1.072	9.164	0.036	0.994	6000.0
980	2.836	15.985	1.38	12.565	0.075	0.991	6000.0
981	3.588	20.16	1.77	15.836	0.092	0.987	6000.0
982	3.696	21.146	1.899	17.546	0.075	0.984	6000.0
983	2.98	17.049	1.512	14.228	0.067	0.985	6000.0
984	3.419	18.979	1.704	15.77	0.057	0.988	6000.0
985	3.132	17.836	1.629	15.013	0.063	0.985	6000.0
986	4.039	22.576	2.157	20.436	0.089	0.978	6000.0
987	2.605	14.603	1.341	11.122	0.055	0.994	6000.0
988	3.313	18.838	1.599	15.304	0.062	0.984	6000.0
989	2.388	13.04	1.225	10.974	0.041	0.994	6000.0
990	3.329	18.794	1.731	15.738	0.057	0.987	6000.0
991	2.295	12.913	1.265	11.323	0.033	0.991	6000.0
992	2.719	15.238	1.314	12.109	0.054	0.989	6000.0
993	3.416	18.993	1.761	16.317	0.06	0.982	6000.0
994	2.427	13.938	1.272	11.773	0.057	0.99	6000.0
995	3.224	17.935	1.531	13.706	0.075	0.988	6000.0
996	2.631	14.757	1.278	12.053	0.064	0.991	6000.0
997	2.73	15.419	1.42	12.356	0.052	0.99	6000.0
998	2.799	15.391	1.46	13.772	0.061	0.988	6000.0
999	3.452	19.51	1.833	16.459	0.065	0.988	6000.0
1000	3.145	17.859	1.672	14.79	0.067	0.989	6000.0
