NMF_Replicate	L1	L1 %	L2	L2 %	KL Divergence	Correlation	Convergence Iterations
1	0.1	0.544	0.071	0.59	0.002	1.0	6000.0
2	0.0	0.0	0.0	0.0	0.0	1.0	6000.0
3	0.2	1.078	0.141	1.331	0.004	1.0	6000.0
4	0.16	0.971	0.113	1.034	0.004	1.0	12000.0
5	0.0	0.0	0.0	0.0	0.0	1.0	6000.0
6	0.133	0.651	0.094	0.793	0.003	1.0	6000.0
7	0.133	0.778	0.094	0.924	0.003	1.0	6000.0
8	0.114	0.686	0.081	0.709	0.002	1.0	6000.0
9	0.263	1.468	0.185	1.749	0.002	1.0	6000.0
10	0.422	2.37	0.287	2.701	0.008	0.999	6000.0
11	0.172	0.93	0.121	1.3	0.003	1.0	6000.0
12	0.11	0.591	0.071	0.609	0.0	1.0	6000.0
13	0.487	2.612	0.328	2.776	0.011	0.999	6000.0
14	0.349	2.015	0.214	2.125	0.008	0.999	6000.0
15	0.28	1.513	0.193	1.623	0.004	1.0	6000.0
16	0.0	0.002	0.0	0.002	0.0	1.0	6000.0
17	0.24	1.339	0.17	1.665	0.006	0.999	6000.0
18	0.28	1.588	0.198	1.829	0.005	1.0	6000.0
19	0.08	0.39	0.057	0.51	0.0	1.0	6000.0
20	0.133	0.704	0.094	0.758	0.003	1.0	6000.0
21	0.0	0.0	0.0	0.0	0.0	1.0	6000.0
22	0.143	0.739	0.097	0.972	0.003	1.0	7000.0
23	0.16	0.898	0.113	1.044	0.004	1.0	6000.0
24	0.338	1.975	0.235	2.148	0.005	0.999	6000.0
25	0.0	0.0	0.0	0.0	0.0	1.0	6000.0
26	0.39	2.081	0.263	2.377	0.009	0.999	6000.0
27	0.312	1.704	0.203	1.9	0.006	1.0	6000.0
28	0.057	0.347	0.04	0.326	0.0	1.0	6000.0
29	0.473	2.735	0.314	3.133	0.012	0.999	6000.0
30	0.16	0.844	0.113	1.079	0.003	1.0	6000.0
31	0.0	0.0	0.0	0.0	0.0	1.0	6000.0
32	0.1	0.59	0.071	0.718	0.002	1.0	6000.0
33	0.0	0.0	0.0	0.0	0.0	1.0	6000.0
34	0.929	4.854	0.586	5.918	0.019	0.996	6000.0
35	0.0	0.0	0.0	0.0	0.0	1.0	6000.0
36	0.2	1.103	0.141	1.391	0.005	1.0	8000.0
37	0.0	0.001	0.0	0.0	0.0	1.0	6000.0
38	0.307	1.586	0.19	1.666	0.005	1.0	6000.0
39	0.222	1.158	0.156	1.327	0.001	1.0	6000.0
40	0.47	2.519	0.272	2.467	0.009	0.999	7000.0
41	0.0	0.0	0.0	0.0	0.0	1.0	6000.0
42	0.0	0.0	0.0	0.0	0.0	1.0	6000.0
43	0.26	1.529	0.184	1.769	0.004	1.0	7000.0
44	0.018	0.102	0.011	0.091	0.0	1.0	6000.0
45	0.885	4.758	0.465	4.137	0.008	0.998	6000.0
46	0.256	1.368	0.166	1.55	0.002	1.0	6000.0
47	0.4	2.075	0.264	2.423	0.01	0.999	7000.0
48	0.0	0.0	0.0	0.0	0.0	1.0	6000.0
49	0.509	2.76	0.314	3.095	0.011	0.999	8000.0
50	0.0	0.0	0.0	0.0	0.0	1.0	6000.0
51	0.0	0.0	0.0	0.0	0.0	1.0	10000.0
52	0.514	2.765	0.364	3.522	0.012	0.998	6000.0
53	0.0	0.0	0.0	0.0	0.0	1.0	6000.0
54	0.054	0.32	0.035	0.359	0.0	1.0	11000.0
55	0.31	1.64	0.211	2.157	0.004	1.0	6000.0
56	0.171	1.0	0.121	1.225	0.004	1.0	6000.0
57	0.422	2.349	0.274	2.595	0.01	0.999	7000.0
58	0.16	0.883	0.113	1.001	0.003	1.0	6000.0
59	0.426	2.439	0.274	2.713	0.009	0.999	6000.0
60	0.16	0.826	0.113	1.121	0.003	1.0	6000.0
61	0.0	0.0	0.0	0.0	0.0	1.0	6000.0
62	0.294	1.544	0.207	1.862	0.006	1.0	6000.0
63	0.497	2.874	0.326	3.096	0.013	0.999	6000.0
64	0.08	0.413	0.057	0.541	0.001	1.0	6000.0
65	0.0	0.0	0.0	0.0	0.0	1.0	6000.0
66	0.1	0.516	0.071	0.666	0.002	1.0	6000.0
67	0.25	1.369	0.158	1.296	0.001	1.0	6000.0
68	0.0	0.001	0.0	0.002	0.0	1.0	6000.0
69	0.3	1.66	0.195	1.622	0.006	1.0	6000.0
70	0.0	0.0	0.0	0.0	0.0	1.0	6000.0
71	0.216	1.233	0.152	1.509	0.005	1.0	6000.0
72	0.0	0.0	0.0	0.0	0.0	1.0	6000.0
73	0.015	0.086	0.01	0.077	0.0	1.0	9000.0
74	0.0	0.0	0.0	0.0	0.0	1.0	6000.0
75	0.393	2.203	0.249	2.266	0.008	1.0	6000.0
76	0.314	1.681	0.222	1.837	0.007	1.0	6000.0
77	0.0	0.0	0.0	0.0	0.0	1.0	6000.0
78	0.2	1.293	0.141	1.341	0.005	0.999	6000.0
79	0.098	0.561	0.067	0.69	0.001	1.0	6000.0
80	0.2	1.145	0.141	1.358	0.005	1.0	6000.0
81	0.134	0.779	0.094	0.914	0.003	1.0	6000.0
82	0.0	0.0	0.0	0.0	0.0	1.0	6000.0
83	0.0	0.0	0.0	0.0	0.0	1.0	6000.0
84	0.461	2.468	0.326	3.276	0.009	0.997	6000.0
85	0.2	1.048	0.141	1.217	0.005	1.0	6000.0
86	0.0	0.0	0.0	0.0	0.0	1.0	9000.0
87	0.08	0.413	0.057	0.55	0.001	1.0	6000.0
88	0.133	0.809	0.094	0.974	0.001	1.0	11000.0
89	0.347	1.85	0.232	1.991	0.007	0.999	6000.0
90	0.24	1.306	0.17	1.586	0.006	0.999	6000.0
91	0.0	0.0	0.0	0.0	0.0	1.0	6000.0
92	0.265	1.432	0.152	1.346	0.001	1.0	6000.0
93	0.2	1.181	0.141	1.624	0.005	0.999	6000.0
94	0.133	0.726	0.094	0.763	0.003	1.0	6000.0
95	0.25	1.429	0.177	1.798	0.006	0.999	6000.0
96	0.0	0.0	0.0	0.0	0.0	1.0	6000.0
97	0.213	1.228	0.13	1.401	0.005	1.0	6000.0
98	0.0	0.0	0.0	0.0	0.0	1.0	6000.0
99	0.133	0.651	0.094	0.761	0.003	1.0	7000.0
100	0.57	3.371	0.403	4.153	0.015	0.998	6000.0
101	0.07	0.371	0.043	0.384	0.0	1.0	12000.0
102	0.0	0.0	0.0	0.0	0.0	1.0	6000.0
103	0.0	0.0	0.0	0.0	0.0	1.0	6000.0
104	0.0	0.0	0.0	0.0	0.0	1.0	6000.0
105	0.267	1.524	0.166	1.526	0.006	0.999	6000.0
106	0.18	1.002	0.127	1.153	0.002	1.0	6000.0
107	0.334	1.854	0.236	2.191	0.011	0.999	7000.0
108	0.157	0.842	0.111	1.017	0.002	1.0	6000.0
109	0.0	0.0	0.0	0.0	0.0	1.0	6000.0
110	0.182	1.052	0.121	1.119	0.003	1.0	6000.0
111	0.178	1.003	0.126	1.315	0.004	1.0	6000.0
112	0.2	1.089	0.141	1.124	0.005	1.0	6000.0
113	0.212	1.168	0.14	1.213	0.004	1.0	6000.0
114	0.1	0.572	0.071	0.688	0.002	1.0	6000.0
115	0.703	4.096	0.417	4.386	0.014	0.998	10000.0
116	0.089	0.497	0.055	0.524	0.0	1.0	6000.0
117	0.114	0.654	0.081	0.884	0.002	1.0	6000.0
118	0.0	0.0	0.0	0.0	0.0	1.0	6000.0
119	0.0	0.0	0.0	0.0	0.0	1.0	6000.0
120	0.337	2.007	0.203	2.068	0.008	0.999	6000.0
121	0.8	4.148	0.505	4.618	0.018	0.997	6000.0
122	0.381	2.15	0.258	2.498	0.008	0.999	6000.0
123	0.233	1.349	0.165	1.496	0.005	1.0	6000.0
124	0.006	0.034	0.004	0.035	0.0	1.0	10000.0
125	0.133	0.809	0.094	1.038	0.003	1.0	6000.0
126	0.0	0.0	0.0	0.0	0.0	1.0	6000.0
127	0.178	0.912	0.126	1.059	0.003	1.0	6000.0
128	0.267	1.528	0.188	1.791	0.006	1.0	6000.0
129	0.293	1.568	0.207	2.083	0.006	0.999	6000.0
130	0.2	1.291	0.141	1.365	0.006	1.0	9000.0
131	0.436	2.195	0.26	2.551	0.008	0.999	6000.0
132	0.256	1.538	0.164	1.564	0.001	1.0	11000.0
133	0.2	1.06	0.141	1.262	0.004	1.0	6000.0
134	0.65	3.515	0.386	3.866	0.015	0.998	6000.0
135	0.437	2.263	0.267	2.521	0.007	0.999	6000.0
136	0.233	1.252	0.163	1.384	0.002	1.0	6000.0
137	0.133	0.787	0.094	0.98	0.003	1.0	6000.0
138	0.115	0.559	0.081	0.697	0.0	1.0	6000.0
139	1.236	6.974	0.832	8.051	0.031	0.994	6000.0
140	0.231	1.24	0.154	1.318	0.004	1.0	6000.0
141	0.2	1.106	0.141	1.344	0.004	1.0	6000.0
142	0.0	0.0	0.0	0.0	0.0	1.0	6000.0
143	0.0	0.0	0.0	0.0	0.0	1.0	7000.0
144	0.487	2.773	0.325	3.149	0.011	0.999	6000.0
145	0.534	2.849	0.312	2.956	0.011	0.999	6000.0
146	0.0	0.0	0.0	0.0	0.0	1.0	6000.0
147	0.2	1.145	0.141	1.425	0.008	0.999	6000.0
148	0.0	0.001	0.0	0.0	0.0	1.0	6000.0
149	0.0	0.0	0.0	0.0	0.0	1.0	7000.0
150	0.333	1.879	0.236	1.99	0.008	0.999	6000.0
151	0.16	0.941	0.09	0.868	0.0	1.0	6000.0
152	0.223	1.35	0.137	1.364	0.005	1.0	6000.0
153	0.32	1.725	0.211	2.143	0.006	0.999	6000.0
154	0.0	0.0	0.0	0.0	0.0	1.0	6000.0
155	0.251	1.44	0.177	1.74	0.006	1.0	6000.0
156	0.381	2.14	0.269	2.693	0.007	0.999	6000.0
157	0.5	2.803	0.317	3.334	0.01	0.998	8000.0
158	0.354	1.814	0.229	2.148	0.004	0.999	6000.0
159	0.3	1.73	0.212	2.0	0.007	1.0	6000.0
160	0.311	1.871	0.22	2.252	0.004	0.999	12000.0
161	0.289	1.533	0.198	1.743	0.005	1.0	6000.0
162	0.208	1.142	0.132	1.307	0.001	1.0	6000.0
163	0.1	0.515	0.071	0.674	0.0	1.0	6000.0
164	0.0	0.001	0.0	0.002	0.0	1.0	6000.0
165	0.114	0.653	0.081	0.775	0.002	1.0	6000.0
166	0.228	1.342	0.138	1.206	0.003	1.0	7000.0
167	0.471	2.581	0.323	3.065	0.005	0.998	6000.0
168	0.311	1.755	0.22	1.891	0.005	0.999	6000.0
169	0.0	0.0	0.0	0.0	0.0	1.0	9000.0
170	0.2	0.978	0.141	1.165	0.007	1.0	6000.0
171	0.213	1.221	0.151	1.356	0.002	1.0	6000.0
172	0.34	1.837	0.191	1.761	0.001	1.0	6000.0
173	0.0	0.0	0.0	0.0	0.0	1.0	6000.0
174	0.339	1.807	0.199	1.669	0.006	1.0	6000.0
175	0.442	2.493	0.279	2.541	0.003	1.0	6000.0
176	0.1	0.528	0.071	0.65	0.002	1.0	6000.0
177	0.382	2.138	0.27	2.429	0.005	1.0	7000.0
178	0.0	0.0	0.0	0.0	0.0	1.0	6000.0
179	0.2	1.19	0.141	1.234	0.002	1.0	6000.0
180	0.164	0.931	0.113	0.914	0.001	1.0	6000.0
181	0.0	0.0	0.0	0.0	0.0	1.0	6000.0
182	0.0	0.0	0.0	0.0	0.0	1.0	6000.0
183	0.1	0.562	0.071	0.579	0.002	1.0	8000.0
184	0.846	4.989	0.598	5.926	0.032	0.994	6000.0
185	0.0	0.001	0.0	0.0	0.0	1.0	6000.0
186	0.2	1.073	0.141	1.353	0.004	1.0	6000.0
187	0.133	0.688	0.094	1.026	0.003	1.0	6000.0
188	0.522	2.87	0.342	3.11	0.011	0.999	6000.0
189	0.133	0.724	0.094	0.862	0.002	1.0	6000.0
190	0.133	0.726	0.094	0.784	0.003	1.0	6000.0
191	0.0	0.0	0.0	0.0	0.0	1.0	9000.0
192	0.488	2.581	0.3	2.762	0.009	0.999	6000.0
193	0.476	2.76	0.337	3.279	0.012	0.998	6000.0
194	0.182	1.009	0.112	1.105	0.004	1.0	6000.0
195	0.0	0.0	0.0	0.0	0.0	1.0	7000.0
196	0.457	2.41	0.323	2.811	0.006	0.998	6000.0
197	0.114	0.621	0.081	0.667	0.002	1.0	6000.0
198	0.364	1.986	0.223	2.022	0.011	0.999	6000.0
199	0.2	1.032	0.141	1.289	0.004	1.0	6000.0
200	0.133	0.688	0.094	0.926	0.002	1.0	6000.0
201	0.0	0.0	0.0	0.0	0.0	1.0	6000.0
202	0.339	1.693	0.222	2.121	0.006	0.999	8000.0
203	0.133	0.762	0.094	0.941	0.003	1.0	6000.0
204	0.1	0.606	0.071	0.676	0.001	1.0	6000.0
205	0.523	3.016	0.341	3.747	0.013	0.997	6000.0
206	0.0	0.0	0.0	0.0	0.0	1.0	6000.0
207	0.267	1.63	0.189	1.865	0.011	0.999	6000.0
208	0.0	0.0	0.0	0.0	0.0	1.0	6000.0
209	0.226	1.204	0.159	1.437	0.002	1.0	6000.0
210	0.213	1.213	0.151	1.296	0.004	1.0	11000.0
211	0.132	0.69	0.089	0.675	0.0	1.0	6000.0
212	0.4	2.228	0.255	2.228	0.007	0.999	6000.0
213	0.142	0.859	0.095	0.882	0.001	1.0	6000.0
214	0.0	0.0	0.0	0.0	0.0	1.0	6000.0
215	0.328	1.896	0.219	1.982	0.005	1.0	6000.0
216	0.399	2.052	0.246	2.309	0.007	0.999	6000.0
217	0.16	0.826	0.098	0.962	0.003	1.0	6000.0
218	0.304	1.708	0.169	1.485	0.007	1.0	6000.0
219	0.08	0.436	0.057	0.513	0.001	1.0	6000.0
220	0.1	0.516	0.071	0.621	0.002	1.0	6000.0
221	0.389	2.136	0.261	2.457	0.008	0.999	6000.0
222	0.1	0.606	0.071	0.703	0.002	1.0	6000.0
223	0.238	1.306	0.168	1.446	0.004	1.0	6000.0
224	0.0	0.0	0.0	0.0	0.0	1.0	6000.0
225	0.133	0.778	0.094	0.905	0.001	1.0	6000.0
226	0.267	1.41	0.189	1.803	0.01	0.999	7000.0
227	0.16	0.781	0.113	0.972	0.003	1.0	6000.0
228	0.0	0.0	0.0	0.0	0.0	1.0	6000.0
229	0.213	1.227	0.151	1.261	0.004	1.0	8000.0
230	0.2	1.122	0.141	1.369	0.005	1.0	6000.0
231	0.067	0.362	0.047	0.4	0.001	1.0	6000.0
232	0.56	2.978	0.357	3.57	0.012	0.998	6000.0
233	0.044	0.217	0.031	0.245	0.001	1.0	6000.0
234	0.48	2.626	0.289	2.475	0.01	0.999	6000.0
235	0.0	0.0	0.0	0.0	0.0	1.0	6000.0
236	0.267	1.543	0.189	1.779	0.006	0.999	6000.0
237	0.28	1.648	0.198	1.757	0.007	1.0	6000.0
238	0.534	3.079	0.35	3.075	0.01	0.999	6000.0
239	0.48	2.622	0.307	2.851	0.009	0.999	6000.0
240	0.359	2.056	0.225	2.266	0.001	1.0	6000.0
241	0.32	1.742	0.226	1.879	0.008	0.999	6000.0
242	0.16	0.915	0.098	0.877	0.003	1.0	6000.0
243	0.65	3.72	0.383	3.715	0.01	0.998	6000.0
244	0.242	1.318	0.117	1.1	0.0	1.0	6000.0
245	0.0	0.0	0.0	0.0	0.0	1.0	6000.0
246	0.436	2.547	0.308	3.129	0.011	0.998	6000.0
247	0.2	1.168	0.141	1.198	0.004	1.0	6000.0
248	0.0	0.001	0.0	0.0	0.0	1.0	6000.0
249	0.0	0.002	0.0	0.004	0.0	1.0	6000.0
250	0.2	1.213	0.141	1.548	0.002	0.999	6000.0
251	0.278	1.554	0.166	1.709	0.005	0.999	6000.0
252	0.0	0.0	0.0	0.0	0.0	1.0	6000.0
253	0.526	2.835	0.293	2.761	0.006	0.999	8000.0
254	0.122	0.717	0.085	0.731	0.001	1.0	6000.0
255	0.134	0.689	0.094	0.829	0.003	1.0	6000.0
256	0.216	1.23	0.147	1.274	0.005	1.0	6000.0
257	0.134	0.751	0.094	0.899	0.001	1.0	6000.0
258	0.286	1.538	0.202	1.933	0.006	0.999	6000.0
259	0.16	0.825	0.113	1.094	0.003	1.0	6000.0
260	0.0	0.002	0.0	0.0	0.0	1.0	6000.0
261	0.0	0.0	0.0	0.0	0.0	1.0	6000.0
262	0.081	0.394	0.057	0.501	0.0	1.0	6000.0
263	0.114	0.629	0.081	0.75	0.002	1.0	6000.0
264	0.16	0.881	0.113	1.128	0.004	1.0	6000.0
265	0.136	0.839	0.09	0.83	0.001	1.0	6000.0
266	0.2	1.144	0.127	1.236	0.004	1.0	9000.0
267	0.133	0.725	0.094	0.661	0.003	1.0	6000.0
268	0.0	0.0	0.0	0.0	0.0	1.0	6000.0
269	0.489	2.898	0.346	3.486	0.01	0.997	6000.0
270	0.0	0.0	0.0	0.0	0.0	1.0	6000.0
271	0.229	1.307	0.162	1.596	0.006	0.999	6000.0
272	0.0	0.0	0.0	0.0	0.0	1.0	6000.0
273	0.582	2.772	0.411	3.344	0.012	0.997	6000.0
274	0.228	1.328	0.162	1.666	0.006	0.999	6000.0
275	0.0	0.0	0.0	0.0	0.0	1.0	6000.0
276	0.2	1.18	0.141	1.564	0.005	0.999	9000.0
277	0.134	0.735	0.094	0.818	0.003	1.0	6000.0
278	0.369	2.092	0.233	2.243	0.009	0.999	7000.0
279	0.333	1.757	0.236	2.193	0.008	0.999	6000.0
280	0.0	0.0	0.0	0.0	0.0	1.0	6000.0
281	0.48	2.603	0.314	2.969	0.009	0.999	6000.0
282	0.133	0.726	0.094	0.725	0.003	1.0	6000.0
283	0.0	0.0	0.0	0.0	0.0	1.0	6000.0
284	0.178	0.913	0.126	1.114	0.003	1.0	6000.0
285	0.427	2.321	0.302	2.62	0.009	0.999	7000.0
286	0.301	1.787	0.213	2.028	0.006	0.999	6000.0
287	0.242	1.216	0.144	1.482	0.004	1.0	6000.0
288	0.35	1.96	0.247	2.314	0.009	0.999	6000.0
289	0.658	3.664	0.392	3.58	0.013	0.999	6000.0
290	0.398	2.426	0.254	2.455	0.002	0.999	6000.0
291	0.696	3.847	0.48	4.266	0.011	0.996	6000.0
292	0.0	0.0	0.0	0.0	0.0	1.0	6000.0
293	0.333	1.764	0.236	2.07	0.007	1.0	6000.0
294	0.133	0.74	0.094	0.933	0.003	1.0	6000.0
295	0.08	0.39	0.057	0.54	0.001	1.0	6000.0
296	0.517	3.01	0.365	3.618	0.009	0.998	7000.0
297	0.133	0.651	0.094	0.775	0.002	1.0	6000.0
298	0.133	0.726	0.094	0.663	0.003	1.0	6000.0
299	1.053	5.912	0.726	6.642	0.02	0.997	6000.0
300	0.0	0.0	0.0	0.0	0.0	1.0	6000.0
301	0.47	2.589	0.332	3.091	0.01	0.998	6000.0
302	0.139	0.842	0.097	0.925	0.002	1.0	6000.0
303	0.2	1.213	0.141	1.518	0.005	0.999	6000.0
304	0.4	2.154	0.283	2.456	0.007	0.999	6000.0
305	0.18	0.997	0.127	1.134	0.002	1.0	6000.0
306	0.0	0.0	0.0	0.0	0.0	1.0	8000.0
307	0.188	1.121	0.127	1.409	0.001	1.0	6000.0
308	0.1	0.488	0.071	0.652	0.002	1.0	6000.0
309	0.269	1.516	0.188	1.717	0.005	1.0	6000.0
310	0.4	2.306	0.225	2.166	0.01	0.999	6000.0
311	0.114	0.641	0.081	0.777	0.002	1.0	6000.0
312	0.073	0.401	0.051	0.411	0.0	1.0	6000.0
313	0.0	0.0	0.0	0.0	0.0	1.0	6000.0
314	0.4	2.347	0.269	2.658	0.01	0.999	6000.0
315	0.218	1.12	0.154	1.388	0.004	1.0	6000.0
316	0.2	1.04	0.141	1.222	0.004	1.0	6000.0
317	0.246	1.369	0.168	1.596	0.005	1.0	6000.0
318	0.1	0.583	0.071	0.666	0.002	1.0	14000.0
319	0.0	0.0	0.0	0.0	0.0	1.0	6000.0
320	0.08	0.458	0.057	0.481	0.001	1.0	6000.0
321	0.1	0.556	0.071	0.74	0.002	1.0	6000.0
322	0.16	0.915	0.113	1.016	0.003	1.0	6000.0
323	0.0	0.0	0.0	0.0	0.0	1.0	6000.0
324	0.0	0.0	0.0	0.0	0.0	1.0	6000.0
325	0.159	0.9	0.106	1.011	0.003	1.0	6000.0
326	0.16	0.825	0.113	1.191	0.003	1.0	6000.0
327	0.0	0.0	0.0	0.0	0.0	1.0	6000.0
328	0.0	0.0	0.0	0.0	0.0	1.0	6000.0
329	0.601	3.339	0.394	3.652	0.012	0.999	6000.0
330	0.248	1.455	0.175	1.676	0.005	1.0	6000.0
331	0.0	0.0	0.0	0.0	0.0	1.0	6000.0
332	0.0	0.0	0.0	0.0	0.0	1.0	6000.0
333	0.0	0.0	0.0	0.0	0.0	1.0	6000.0
334	0.0	0.0	0.0	0.0	0.0	1.0	6000.0
335	0.395	2.323	0.273	2.357	0.006	0.999	6000.0
336	0.343	2.0	0.214	2.116	0.009	0.999	6000.0
337	0.492	2.717	0.311	2.798	0.009	0.999	6000.0
338	0.283	1.638	0.165	1.572	0.002	1.0	6000.0
339	0.16	0.825	0.113	1.166	0.003	1.0	6000.0
340	0.1	0.59	0.071	0.785	0.002	1.0	6000.0
341	0.213	1.124	0.151	1.409	0.004	1.0	6000.0
342	0.681	3.506	0.375	3.598	0.011	0.998	6000.0
343	0.1	0.516	0.071	0.718	0.002	1.0	6000.0
344	0.0	0.001	0.0	0.0	0.0	1.0	6000.0
345	0.4	2.063	0.283	2.844	0.008	0.998	6000.0
346	0.16	0.917	0.113	1.034	0.003	1.0	6000.0
347	0.133	0.778	0.094	0.913	0.003	1.0	6000.0
348	0.267	1.376	0.189	1.898	0.006	0.999	6000.0
349	0.343	1.929	0.214	2.155	0.011	0.999	6000.0
350	0.559	2.946	0.295	2.974	0.004	0.999	6000.0
351	0.0	0.0	0.0	0.0	0.0	1.0	6000.0
352	0.16	0.915	0.113	1.032	0.003	1.0	6000.0
353	0.261	1.474	0.164	1.387	0.001	1.0	6000.0
354	0.356	1.834	0.227	2.229	0.008	0.999	6000.0
355	0.689	3.708	0.395	3.67	0.006	0.998	6000.0
356	0.489	2.855	0.346	3.496	0.01	0.998	11000.0
357	0.24	1.373	0.15	1.331	0.007	1.0	6000.0
358	0.217	1.184	0.153	1.313	0.004	1.0	6000.0
359	0.267	1.497	0.163	1.738	0.006	0.999	6000.0
360	0.133	0.71	0.094	0.729	0.003	1.0	6000.0
361	0.036	0.194	0.026	0.204	0.0	1.0	6000.0
362	0.3	1.752	0.212	2.008	0.007	0.999	6000.0
363	0.0	0.0	0.0	0.0	0.0	1.0	6000.0
364	0.501	2.759	0.335	2.764	0.004	0.998	6000.0
365	0.56	3.306	0.373	3.354	0.01	0.998	6000.0
366	0.191	1.143	0.135	1.23	0.004	1.0	6000.0
367	0.2	0.952	0.141	1.042	0.004	1.0	6000.0
368	0.387	2.124	0.222	1.882	0.004	1.0	6000.0
369	0.0	0.0	0.0	0.0	0.0	1.0	6000.0
370	0.2	1.144	0.141	1.482	0.005	0.999	6000.0
371	0.0	0.0	0.0	0.0	0.0	1.0	15000.0
372	0.0	0.0	0.0	0.0	0.0	1.0	8000.0
373	0.48	2.776	0.294	2.532	0.012	0.999	6000.0
374	0.08	0.435	0.057	0.542	0.001	1.0	6000.0
375	0.23	1.331	0.132	1.269	0.003	1.0	6000.0
376	0.305	1.621	0.201	1.922	0.006	1.0	6000.0
377	0.0	0.0	0.0	0.0	0.0	1.0	6000.0
378	0.35	1.964	0.247	2.482	0.008	0.999	6000.0
379	0.589	3.104	0.389	3.803	0.009	0.999	6000.0
380	0.0	0.001	0.0	0.0	0.0	1.0	6000.0
381	0.16	0.851	0.113	0.998	0.003	1.0	7000.0
382	0.133	0.688	0.094	0.773	0.003	1.0	6000.0
383	0.08	0.485	0.057	0.554	0.002	1.0	6000.0
384	0.2	1.146	0.141	1.411	0.005	1.0	6000.0
385	0.1	0.564	0.071	0.694	0.002	1.0	7000.0
386	0.133	0.714	0.094	0.865	0.002	1.0	6000.0
387	0.0	0.0	0.0	0.0	0.0	1.0	6000.0
388	0.0	0.0	0.0	0.0	0.0	1.0	6000.0
389	0.383	2.103	0.253	2.292	0.006	0.999	6000.0
390	0.24	1.416	0.17	1.644	0.007	0.999	8000.0
391	0.133	0.651	0.094	0.738	0.003	1.0	6000.0
392	0.0	0.0	0.0	0.0	0.0	1.0	6000.0
393	0.18	0.986	0.127	1.202	0.002	1.0	6000.0
394	0.0	0.0	0.0	0.0	0.0	1.0	6000.0
395	0.398	2.329	0.234	2.352	0.005	0.999	10000.0
396	0.4	2.12	0.24	2.142	0.008	0.999	6000.0
397	0.171	0.904	0.121	1.178	0.003	1.0	6000.0
398	0.3	1.675	0.204	1.921	0.005	1.0	6000.0
399	0.263	1.431	0.186	1.688	0.003	1.0	6000.0
400	0.34	1.967	0.24	2.212	0.007	1.0	9000.0
401	0.333	1.797	0.203	1.732	0.008	1.0	6000.0
402	0.171	0.971	0.121	1.29	0.004	1.0	6000.0
403	0.334	1.824	0.236	2.334	0.007	0.999	6000.0
404	0.24	1.364	0.155	1.343	0.005	1.0	6000.0
405	0.0	0.0	0.0	0.0	0.0	1.0	6000.0
406	0.171	0.922	0.121	1.209	0.003	1.0	6000.0
407	0.0	0.0	0.0	0.0	0.0	1.0	6000.0
408	0.267	1.302	0.189	1.522	0.009	0.999	6000.0
409	0.973	5.197	0.589	5.277	0.022	0.996	6000.0
410	0.0	0.0	0.0	0.0	0.0	1.0	6000.0
411	0.08	0.435	0.056	0.49	0.001	1.0	6000.0
412	0.171	0.934	0.121	1.169	0.004	1.0	6000.0
413	0.1	0.646	0.071	0.712	0.002	1.0	6000.0
414	0.812	4.642	0.549	4.954	0.021	0.998	6000.0
415	0.2	1.181	0.141	1.691	0.004	0.999	7000.0
416	0.0	0.0	0.0	0.0	0.0	1.0	6000.0
417	0.0	0.0	0.0	0.0	0.0	1.0	6000.0
418	0.281	1.617	0.183	1.873	0.006	1.0	6000.0
419	0.64	3.932	0.43	3.894	0.022	0.997	6000.0
420	0.333	1.868	0.236	2.484	0.008	0.999	6000.0
421	0.2	1.032	0.141	1.336	0.005	1.0	6000.0
422	0.0	0.0	0.0	0.0	0.0	1.0	6000.0
423	0.0	0.0	0.0	0.0	0.0	1.0	6000.0
424	0.0	0.0	0.0	0.0	0.0	1.0	7000.0
425	0.229	1.267	0.162	1.509	0.005	1.0	6000.0
426	0.323	1.933	0.215	1.86	0.004	1.0	6000.0
427	0.229	1.321	0.161	1.672	0.006	1.0	6000.0
428	0.233	1.226	0.141	1.187	0.004	1.0	6000.0
429	0.553	3.231	0.33	3.252	0.004	0.999	8000.0
430	0.133	0.762	0.094	0.838	0.003	1.0	8000.0
431	0.4	2.129	0.283	2.492	0.01	0.998	6000.0
432	0.001	0.004	0.0	0.003	0.0	1.0	6000.0
433	0.16	0.915	0.113	1.016	0.003	1.0	6000.0
434	0.721	3.897	0.444	4.267	0.015	0.998	6000.0
435	0.256	1.368	0.156	1.45	0.002	1.0	6000.0
436	0.36	1.822	0.218	2.039	0.01	0.999	6000.0
437	0.227	1.291	0.133	1.155	0.0	1.0	6000.0
438	0.538	2.898	0.337	2.974	0.011	0.999	6000.0
439	0.1	0.55	0.071	0.66	0.002	1.0	6000.0
440	0.16	0.782	0.113	0.951	0.003	1.0	6000.0
441	0.241	1.362	0.153	1.523	0.001	1.0	6000.0
442	0.16	0.781	0.113	0.967	0.003	1.0	6000.0
443	0.0	0.0	0.0	0.0	0.0	1.0	6000.0
444	0.634	3.829	0.402	4.032	0.003	0.998	6000.0
445	0.798	4.396	0.476	4.418	0.012	0.997	7000.0
446	0.221	1.153	0.149	1.329	0.004	1.0	6000.0
447	0.08	0.39	0.057	0.544	0.0	1.0	6000.0
448	0.0	0.0	0.0	0.0	0.0	1.0	6000.0
449	0.6	3.414	0.424	3.921	0.018	0.998	7000.0
450	0.0	0.0	0.0	0.0	0.0	1.0	6000.0
451	0.664	3.701	0.332	3.016	0.009	0.999	6000.0
452	0.134	0.652	0.094	0.77	0.001	1.0	6000.0
453	0.0	0.0	0.0	0.0	0.0	1.0	6000.0
454	0.338	1.879	0.239	2.308	0.007	0.999	9000.0
455	0.1	0.628	0.071	0.576	0.002	1.0	6000.0
456	0.2	1.18	0.141	1.446	0.005	0.999	6000.0
457	0.642	3.78	0.439	4.616	0.011	0.998	6000.0
458	0.0	0.0	0.0	0.0	0.0	1.0	6000.0
459	0.08	0.45	0.057	0.48	0.001	1.0	6000.0
460	0.333	1.907	0.223	2.214	0.008	0.999	7000.0
461	0.16	0.825	0.113	1.188	0.003	1.0	6000.0
462	0.133	0.787	0.094	1.006	0.003	1.0	6000.0
463	0.049	0.266	0.029	0.28	0.0	1.0	6000.0
464	0.317	1.643	0.197	1.825	0.001	1.0	9000.0
465	0.137	0.843	0.097	0.96	0.002	1.0	6000.0
466	0.252	1.543	0.136	1.313	0.001	1.0	6000.0
467	0.467	2.475	0.305	2.747	0.011	0.999	6000.0
468	0.2	1.069	0.141	1.188	0.004	1.0	6000.0
469	0.0	0.0	0.0	0.0	0.0	1.0	6000.0
470	0.2	1.153	0.141	1.373	0.004	1.0	6000.0
471	0.485	2.612	0.31	2.938	0.007	0.999	6000.0
472	0.792	4.369	0.509	4.869	0.019	0.997	6000.0
473	0.0	0.001	0.0	0.0	0.0	1.0	6000.0
474	0.2	1.213	0.141	1.407	0.005	1.0	6000.0
475	0.276	1.514	0.181	1.606	0.001	1.0	6000.0
476	0.26	1.465	0.184	1.728	0.005	1.0	6000.0
477	0.16	0.944	0.113	1.272	0.004	1.0	6000.0
478	0.0	0.0	0.0	0.0	0.0	1.0	9000.0
479	0.136	0.738	0.095	0.819	0.003	1.0	6000.0
480	0.0	0.0	0.0	0.0	0.0	1.0	6000.0
481	0.0	0.0	0.0	0.0	0.0	1.0	6000.0
482	0.6	3.415	0.36	3.31	0.015	0.998	6000.0
483	0.0	0.0	0.0	0.0	0.0	1.0	6000.0
484	0.2	1.177	0.141	1.082	0.008	1.0	6000.0
485	0.0	0.0	0.0	0.0	0.0	1.0	6000.0
486	0.0	0.0	0.0	0.0	0.0	1.0	6000.0
487	0.385	1.993	0.228	1.96	0.007	1.0	6000.0
488	0.534	2.927	0.326	2.991	0.014	0.998	6000.0
489	0.0	0.002	0.0	0.002	0.0	1.0	7000.0
490	0.15	0.733	0.094	0.871	0.003	1.0	8000.0
491	0.0	0.0	0.0	0.0	0.0	1.0	6000.0
492	0.433	2.385	0.306	2.888	0.009	0.999	6000.0
493	0.0	0.0	0.0	0.0	0.0	1.0	6000.0
494	0.0	0.001	0.0	0.0	0.0	1.0	6000.0
495	0.0	0.002	0.0	0.002	0.0	1.0	6000.0
496	0.245	1.331	0.151	1.335	0.0	1.0	6000.0
497	0.1	0.606	0.071	0.736	0.002	1.0	6000.0
498	0.267	1.429	0.163	1.437	0.006	1.0	8000.0
499	0.0	0.0	0.0	0.0	0.0	1.0	6000.0
500	0.6	3.265	0.382	2.945	0.017	0.998	6000.0
501	0.24	1.387	0.17	1.813	0.005	0.999	6000.0
502	0.1	0.55	0.071	0.644	0.002	1.0	15000.0
503	0.317	1.689	0.224	2.048	0.007	0.999	6000.0
504	0.344	2.065	0.243	2.649	0.008	0.998	6000.0
505	0.1	0.627	0.071	0.687	0.002	1.0	6000.0
506	0.525	3.231	0.333	3.151	0.019	0.998	6000.0
507	0.0	0.0	0.0	0.0	0.0	1.0	6000.0
508	0.0	0.0	0.0	0.0	0.0	1.0	6000.0
509	0.114	0.589	0.07	0.644	0.002	1.0	6000.0
510	0.6	3.208	0.386	4.011	0.014	0.997	6000.0
511	0.133	0.75	0.094	0.814	0.002	1.0	6000.0
512	0.228	1.282	0.162	1.565	0.005	1.0	6000.0
513	0.2	1.066	0.141	1.263	0.003	1.0	6000.0
514	0.178	0.984	0.126	1.168	0.004	1.0	6000.0
515	0.228	1.309	0.162	1.674	0.005	0.999	6000.0
516	0.077	0.435	0.05	0.45	0.0	1.0	8000.0
517	0.2	1.066	0.141	1.21	0.001	1.0	6000.0
518	0.0	0.0	0.0	0.0	0.0	1.0	6000.0
519	0.0	0.0	0.0	0.0	0.0	1.0	6000.0
520	0.1	0.516	0.071	0.794	0.002	1.0	6000.0
521	0.228	1.295	0.145	1.493	0.004	1.0	6000.0
522	0.2	0.976	0.141	1.243	0.004	1.0	6000.0
523	0.107	0.578	0.066	0.586	0.0	1.0	6000.0
524	0.32	1.889	0.226	2.371	0.009	0.998	6000.0
525	0.154	0.852	0.109	1.119	0.003	1.0	6000.0
526	0.334	1.823	0.229	1.992	0.006	1.0	6000.0
527	0.884	4.874	0.625	6.309	0.022	0.995	6000.0
528	0.1	0.516	0.071	0.683	0.002	1.0	6000.0
529	0.0	0.0	0.0	0.0	0.0	1.0	6000.0
530	0.343	1.821	0.231	2.125	0.007	0.999	6000.0
531	0.351	1.933	0.248	2.086	0.005	1.0	9000.0
532	0.291	1.465	0.188	1.693	0.005	1.0	6000.0
533	0.133	0.688	0.094	0.905	0.003	1.0	6000.0
534	0.0	0.0	0.0	0.0	0.0	1.0	6000.0
535	0.0	0.0	0.0	0.0	0.0	1.0	6000.0
536	0.0	0.0	0.0	0.0	0.0	1.0	6000.0
537	0.6	3.434	0.366	3.359	0.007	0.999	6000.0
538	0.134	0.763	0.094	0.901	0.003	1.0	6000.0
539	0.229	1.333	0.162	1.592	0.006	0.999	6000.0
540	0.0	0.0	0.0	0.0	0.0	1.0	6000.0
541	0.0	0.0	0.0	0.0	0.0	1.0	6000.0
542	0.305	1.786	0.178	1.926	0.006	1.0	6000.0
543	0.067	0.367	0.047	0.382	0.001	1.0	6000.0
544	0.0	0.0	0.0	0.0	0.0	1.0	6000.0
545	0.0	0.0	0.0	0.0	0.0	1.0	6000.0
546	0.0	0.001	0.0	0.0	0.0	1.0	7000.0
547	0.08	0.505	0.055	0.532	0.0	1.0	7000.0
548	0.0	0.0	0.0	0.0	0.0	1.0	6000.0
549	0.2	1.127	0.141	1.283	0.004	1.0	6000.0
550	0.2	1.255	0.141	1.283	0.009	1.0	6000.0
551	0.0	0.0	0.0	0.0	0.0	1.0	6000.0
552	0.351	1.786	0.219	2.178	0.002	0.999	6000.0
553	0.0	0.0	0.0	0.0	0.0	1.0	6000.0
554	0.583	2.95	0.405	3.525	0.011	0.998	6000.0
555	0.0	0.0	0.0	0.0	0.0	1.0	6000.0
556	0.267	1.555	0.166	1.399	0.006	1.0	6000.0
557	0.386	2.224	0.229	2.139	0.007	0.999	6000.0
558	0.2	1.032	0.141	1.396	0.005	0.999	6000.0
559	0.0	0.0	0.0	0.0	0.0	1.0	6000.0
560	0.514	2.826	0.364	3.074	0.011	0.999	6000.0
561	0.0	0.0	0.0	0.0	0.0	1.0	6000.0
562	0.2	1.148	0.141	1.296	0.004	1.0	6000.0
563	0.082	0.424	0.058	0.516	0.001	1.0	9000.0
564	0.0	0.0	0.0	0.0	0.0	1.0	6000.0
565	0.0	0.0	0.0	0.0	0.0	1.0	6000.0
566	0.351	1.998	0.207	1.937	0.004	1.0	6000.0
567	0.0	0.0	0.0	0.0	0.0	1.0	6000.0
568	0.277	1.62	0.192	1.77	0.004	1.0	6000.0
569	0.609	3.738	0.346	3.033	0.007	0.999	6000.0
570	0.216	1.207	0.137	1.24	0.003	1.0	7000.0
571	0.446	2.591	0.254	2.514	0.001	0.999	6000.0
572	0.371	2.251	0.263	2.446	0.012	0.999	9000.0
573	0.003	0.015	0.002	0.015	0.0	1.0	6000.0
574	0.067	0.362	0.047	0.39	0.001	1.0	6000.0
575	0.0	0.0	0.0	0.0	0.0	1.0	6000.0
576	0.372	1.99	0.25	2.531	0.008	0.999	6000.0
577	0.0	0.001	0.0	0.0	0.0	1.0	6000.0
578	0.0	0.0	0.0	0.0	0.0	1.0	10000.0
579	0.0	0.002	0.0	0.001	0.0	1.0	6000.0
580	0.0	0.0	0.0	0.0	0.0	1.0	8000.0
581	0.3	1.67	0.212	1.899	0.009	0.999	6000.0
582	0.394	2.326	0.256	2.219	0.003	0.999	6000.0
583	0.32	1.562	0.226	2.137	0.007	0.999	6000.0
584	0.0	0.0	0.0	0.0	0.0	1.0	6000.0
585	0.2	1.142	0.128	1.313	0.004	1.0	6000.0
586	0.2	1.098	0.141	1.28	0.004	1.0	6000.0
587	0.366	2.132	0.259	2.636	0.007	0.999	6000.0
588	0.412	2.342	0.291	2.708	0.006	0.999	6000.0
589	0.28	1.542	0.192	1.736	0.008	1.0	6000.0
590	0.545	3.178	0.385	3.702	0.014	0.998	6000.0
591	0.16	0.825	0.113	1.112	0.003	1.0	6000.0
592	0.229	1.279	0.162	1.44	0.006	1.0	6000.0
593	0.69	3.98	0.46	4.244	0.017	0.998	8000.0
594	0.301	1.749	0.21	2.321	0.005	0.999	6000.0
595	0.0	0.0	0.0	0.0	0.0	1.0	6000.0
596	0.32	1.647	0.213	1.91	0.003	1.0	6000.0
597	0.0	0.0	0.0	0.0	0.0	1.0	6000.0
598	0.1	0.516	0.071	0.665	0.002	1.0	6000.0
599	0.0	0.0	0.0	0.0	0.0	1.0	6000.0
600	0.213	1.123	0.151	1.354	0.004	1.0	6000.0
601	0.693	3.761	0.434	4.144	0.014	0.998	6000.0
602	0.0	0.0	0.0	0.0	0.0	1.0	6000.0
603	0.133	0.725	0.094	0.936	0.002	1.0	6000.0
604	0.29	1.562	0.197	2.009	0.003	0.999	6000.0
605	0.681	3.871	0.465	4.585	0.016	0.997	6000.0
606	0.229	1.244	0.146	1.346	0.006	1.0	6000.0
607	0.3	1.576	0.199	1.797	0.005	0.999	6000.0
608	0.287	1.688	0.183	1.675	0.005	1.0	6000.0
609	0.0	0.0	0.0	0.0	0.0	1.0	6000.0
610	0.2	1.202	0.141	1.418	0.005	1.0	6000.0
611	0.267	1.445	0.188	1.589	0.005	1.0	6000.0
612	0.448	2.515	0.297	2.697	0.009	0.999	6000.0
613	0.829	4.545	0.586	5.472	0.022	0.995	6000.0
614	0.5	2.381	0.332	2.926	0.009	0.997	6000.0
615	0.173	0.935	0.117	1.142	0.002	1.0	6000.0
616	0.067	0.408	0.047	0.451	0.001	1.0	6000.0
617	0.452	2.552	0.319	2.924	0.009	0.999	6000.0
618	0.0	0.0	0.0	0.0	0.0	1.0	6000.0
619	0.233	1.294	0.165	1.485	0.005	1.0	6000.0
620	0.0	0.0	0.0	0.0	0.0	1.0	6000.0
621	0.324	1.883	0.178	1.713	0.007	0.999	6000.0
622	0.8	4.402	0.535	5.155	0.025	0.996	6000.0
623	0.08	0.485	0.057	0.534	0.002	1.0	6000.0
624	0.0	0.0	0.0	0.0	0.0	1.0	6000.0
625	0.0	0.0	0.0	0.0	0.0	1.0	6000.0
626	0.133	0.651	0.094	0.909	0.002	1.0	6000.0
627	0.001	0.005	0.0	0.004	0.0	1.0	6000.0
628	0.16	0.857	0.113	1.082	0.003	1.0	6000.0
629	0.756	4.128	0.485	4.698	0.023	0.996	7000.0
630	0.349	1.976	0.229	2.233	0.007	0.999	6000.0
631	0.481	2.503	0.235	2.075	0.001	1.0	8000.0
632	0.229	1.275	0.162	1.488	0.005	1.0	6000.0
633	0.0	0.0	0.0	0.0	0.0	1.0	6000.0
634	0.214	1.181	0.151	1.343	0.004	1.0	6000.0
635	0.08	0.472	0.057	0.54	0.002	1.0	6000.0
636	0.133	0.725	0.094	0.753	0.003	1.0	6000.0
637	0.573	3.24	0.336	3.133	0.013	0.999	6000.0
638	0.2	1.125	0.141	1.356	0.005	1.0	6000.0
639	0.391	2.112	0.234	1.955	0.007	1.0	6000.0
640	0.175	1.016	0.119	1.217	0.003	1.0	6000.0
641	0.2	1.102	0.141	1.216	0.005	1.0	6000.0
642	0.66	3.771	0.379	3.489	0.01	0.999	6000.0
643	0.0	0.0	0.0	0.0	0.0	1.0	6000.0
644	0.457	2.437	0.276	2.595	0.006	0.999	6000.0
645	0.466	2.682	0.286	2.519	0.01	0.999	6000.0
646	0.25	1.408	0.161	1.674	0.003	1.0	6000.0
647	0.0	0.0	0.0	0.0	0.0	1.0	6000.0
648	0.0	0.0	0.0	0.0	0.0	1.0	9000.0
649	0.16	0.87	0.113	0.916	0.003	1.0	6000.0
650	0.48	2.518	0.339	3.172	0.011	0.998	6000.0
651	0.16	0.925	0.113	1.013	0.004	1.0	6000.0
652	0.492	2.823	0.297	2.872	0.005	1.0	6000.0
653	0.24	1.506	0.17	1.386	0.007	1.0	10000.0
654	0.32	1.797	0.226	2.152	0.007	0.999	6000.0
655	0.24	1.171	0.15	1.332	0.007	1.0	6000.0
656	0.35	1.792	0.203	1.672	0.005	1.0	6000.0
657	0.679	3.831	0.451	4.006	0.016	0.997	6000.0
658	1.009	5.504	0.609	6.017	0.026	0.995	7000.0
659	0.089	0.456	0.063	0.492	0.0	1.0	6000.0
660	0.261	1.42	0.177	1.77	0.003	1.0	6000.0
661	0.0	0.0	0.0	0.0	0.0	1.0	6000.0
662	0.057	0.322	0.04	0.382	0.0	1.0	6000.0
663	0.229	1.206	0.162	1.577	0.005	0.999	6000.0
664	0.133	0.861	0.094	1.025	0.003	1.0	6000.0
665	0.08	0.413	0.057	0.561	0.001	1.0	6000.0
666	0.08	0.45	0.057	0.539	0.0	1.0	6000.0
667	0.134	0.689	0.094	0.893	0.003	1.0	6000.0
668	0.493	2.763	0.323	3.075	0.002	0.999	6000.0
669	0.0	0.0	0.0	0.0	0.0	1.0	6000.0
670	0.16	0.851	0.113	1.012	0.003	1.0	6000.0
671	0.068	0.388	0.047	0.478	0.001	1.0	6000.0
672	0.351	1.978	0.225	1.977	0.01	0.999	6000.0
673	0.0	0.0	0.0	0.0	0.0	1.0	6000.0
674	0.321	1.653	0.191	1.661	0.006	1.0	6000.0
675	0.137	0.784	0.097	0.846	0.003	1.0	6000.0
676	0.32	1.562	0.226	2.078	0.007	0.999	6000.0
677	0.08	0.39	0.057	0.53	0.0	1.0	6000.0
678	0.057	0.278	0.04	0.392	0.0	1.0	6000.0
679	0.278	1.435	0.187	1.575	0.004	1.0	6000.0
680	0.0	0.001	0.0	0.0	0.0	1.0	6000.0
681	0.0	0.0	0.0	0.0	0.0	1.0	6000.0
682	0.386	2.21	0.234	2.578	0.008	0.998	7000.0
683	0.384	2.169	0.255	2.479	0.001	0.999	6000.0
684	0.172	0.933	0.121	1.106	0.003	1.0	6000.0
685	0.229	1.225	0.162	1.681	0.005	0.999	6000.0
686	0.218	1.21	0.154	1.456	0.005	1.0	7000.0
687	0.331	1.86	0.207	1.98	0.007	1.0	6000.0
688	0.2	1.088	0.141	1.293	0.004	1.0	6000.0
689	0.233	1.294	0.165	1.596	0.005	1.0	6000.0
690	0.134	0.689	0.094	0.94	0.003	1.0	6000.0
691	0.621	3.474	0.41	3.744	0.013	0.999	6000.0
692	0.24	1.359	0.17	1.518	0.006	1.0	6000.0
693	0.15	0.836	0.106	1.142	0.003	1.0	6000.0
694	0.596	3.311	0.402	4.14	0.014	0.998	7000.0
695	0.64	3.354	0.452	4.11	0.018	0.997	6000.0
696	0.2	0.976	0.141	1.289	0.004	1.0	6000.0
697	0.2	1.291	0.141	1.279	0.006	1.0	6000.0
698	0.367	2.001	0.248	2.25	0.007	1.0	9000.0
699	0.5	2.724	0.326	3.174	0.01	0.999	6000.0
700	0.14	0.822	0.092	0.917	0.0	1.0	6000.0
701	0.0	0.0	0.0	0.0	0.0	1.0	6000.0
702	0.16	0.899	0.113	1.128	0.003	1.0	6000.0
703	0.0	0.0	0.0	0.0	0.0	1.0	6000.0
704	0.1	0.625	0.071	0.565	0.002	1.0	6000.0
705	0.0	0.0	0.0	0.0	0.0	1.0	6000.0
706	0.0	0.0	0.0	0.0	0.0	1.0	6000.0
707	0.2	0.976	0.141	1.333	0.004	1.0	6000.0
708	0.379	2.015	0.257	2.329	0.007	0.999	6000.0
709	0.436	2.45	0.308	2.813	0.009	0.999	6000.0
710	0.366	2.262	0.259	2.268	0.013	0.999	6000.0
711	0.0	0.0	0.0	0.0	0.0	1.0	6000.0
712	0.417	2.357	0.256	2.379	0.003	1.0	6000.0
713	0.0	0.0	0.0	0.0	0.0	1.0	6000.0
714	0.08	0.426	0.057	0.49	0.001	1.0	9000.0
715	0.0	0.0	0.0	0.0	0.0	1.0	6000.0
716	0.387	2.271	0.243	2.296	0.01	0.999	6000.0
717	0.0	0.0	0.0	0.0	0.0	1.0	6000.0
718	0.4	2.326	0.256	2.278	0.01	0.999	6000.0
719	0.0	0.0	0.0	0.0	0.0	1.0	6000.0
720	0.444	2.501	0.289	2.742	0.009	0.999	6000.0
721	0.08	0.39	0.057	0.537	0.0	1.0	6000.0
722	0.0	0.0	0.0	0.0	0.0	1.0	6000.0
723	0.1	0.488	0.071	0.494	0.002	1.0	6000.0
724	0.275	1.557	0.194	1.686	0.004	1.0	6000.0
725	0.1	0.544	0.071	0.577	0.002	1.0	6000.0
726	0.2	1.141	0.107	0.977	0.0	1.0	6000.0
727	0.08	0.44	0.056	0.511	0.0	1.0	6000.0
728	0.0	0.0	0.0	0.0	0.0	1.0	6000.0
729	0.26	1.47	0.18	1.777	0.004	1.0	6000.0
730	0.267	1.481	0.189	1.932	0.011	0.999	7000.0
731	0.726	4.103	0.425	4.505	0.009	0.999	6000.0
732	0.104	0.537	0.072	0.754	0.002	1.0	7000.0
733	0.1	0.516	0.071	0.634	0.002	1.0	6000.0
734	0.16	0.88	0.113	1.127	0.004	1.0	7000.0
735	0.0	0.0	0.0	0.0	0.0	1.0	7000.0
736	0.0	0.0	0.0	0.0	0.0	1.0	6000.0
737	0.0	0.0	0.0	0.0	0.0	1.0	6000.0
738	0.408	2.259	0.266	2.436	0.009	0.999	6000.0
739	0.534	3.125	0.377	3.357	0.014	0.998	7000.0
740	0.436	2.389	0.308	2.998	0.01	0.998	6000.0
741	0.057	0.321	0.04	0.387	0.0	1.0	6000.0
742	0.16	0.871	0.113	0.99	0.003	1.0	6000.0
743	0.467	2.662	0.33	3.327	0.011	0.998	6000.0
744	0.24	1.446	0.17	1.739	0.005	1.0	6000.0
745	0.248	1.315	0.175	1.563	0.003	1.0	6000.0
746	0.137	0.743	0.097	0.859	0.002	1.0	6000.0
747	0.2	0.976	0.141	1.152	0.004	1.0	6000.0
748	0.2	1.18	0.141	1.323	0.005	1.0	6000.0
749	0.267	1.457	0.189	1.64	0.006	1.0	12000.0
750	0.133	0.763	0.094	1.018	0.003	1.0	6000.0
751	0.2	1.167	0.141	1.128	0.005	1.0	7000.0
752	0.0	0.0	0.0	0.0	0.0	1.0	6000.0
753	0.0	0.0	0.0	0.0	0.0	1.0	6000.0
754	0.2	1.04	0.141	1.247	0.004	1.0	6000.0
755	0.24	1.251	0.17	1.47	0.004	1.0	6000.0
756	0.133	0.688	0.094	0.862	0.003	1.0	6000.0
757	0.365	2.258	0.238	2.469	0.002	0.999	6000.0
758	0.0	0.0	0.0	0.0	0.0	1.0	6000.0
759	0.925	5.283	0.624	6.635	0.014	0.996	6000.0
760	0.1	0.571	0.071	0.615	0.002	1.0	6000.0
761	0.0	0.0	0.0	0.0	0.0	1.0	6000.0
762	0.157	0.839	0.111	0.916	0.002	1.0	6000.0
763	0.2	1.144	0.141	1.35	0.004	1.0	6000.0
764	0.3	1.587	0.212	1.926	0.006	0.999	6000.0
765	0.114	0.632	0.081	0.797	0.002	1.0	6000.0
766	0.236	1.312	0.166	1.653	0.005	1.0	6000.0
767	0.24	1.321	0.17	1.405	0.001	1.0	6000.0
768	0.445	2.562	0.314	2.948	0.012	0.998	6000.0
769	0.66	3.664	0.401	3.848	0.01	0.998	6000.0
770	0.0	0.0	0.0	0.0	0.0	1.0	6000.0
771	0.0	0.0	0.0	0.0	0.0	1.0	6000.0
772	0.2	1.126	0.141	1.292	0.005	1.0	6000.0
773	0.439	2.431	0.28	2.441	0.002	0.999	6000.0
774	0.113	0.596	0.075	0.678	0.001	1.0	6000.0
775	0.1	0.571	0.071	0.637	0.002	1.0	6000.0
776	0.254	1.452	0.178	1.556	0.001	0.999	6000.0
777	0.0	0.0	0.0	0.0	0.0	1.0	6000.0
778	0.1	0.516	0.071	0.692	0.002	1.0	6000.0
779	0.433	2.422	0.306	2.746	0.01	0.999	6000.0
780	0.1	0.544	0.071	0.588	0.002	1.0	6000.0
781	0.222	1.246	0.157	1.472	0.005	1.0	9000.0
782	0.309	1.688	0.218	2.224	0.006	0.999	7000.0
783	0.386	2.228	0.24	2.34	0.002	1.0	6000.0
784	0.133	0.726	0.094	0.662	0.003	1.0	6000.0
785	0.233	1.408	0.165	1.589	0.005	1.0	6000.0
786	0.229	1.326	0.162	1.501	0.006	1.0	6000.0
787	0.24	1.443	0.17	1.928	0.002	0.999	6000.0
788	0.267	1.302	0.189	1.867	0.005	0.999	6000.0
789	0.5	2.629	0.334	3.194	0.009	0.998	6000.0
790	0.08	0.458	0.057	0.549	0.001	1.0	6000.0
791	0.0	0.0	0.0	0.0	0.0	1.0	6000.0
792	0.465	2.549	0.307	2.913	0.008	0.999	6000.0
793	0.0	0.0	0.0	0.0	0.0	1.0	6000.0
794	0.0	0.0	0.0	0.0	0.0	1.0	6000.0
795	0.045	0.232	0.027	0.222	0.0	1.0	6000.0
796	0.325	1.777	0.216	1.859	0.005	1.0	6000.0
797	0.0	0.0	0.0	0.0	0.0	1.0	6000.0
798	0.08	0.422	0.057	0.54	0.0	1.0	6000.0
799	0.471	2.538	0.323	2.919	0.007	0.999	6000.0
800	0.0	0.0	0.0	0.0	0.0	1.0	6000.0
801	0.16	0.871	0.113	0.866	0.003	1.0	7000.0
802	0.541	2.838	0.382	3.394	0.018	0.997	6000.0
803	0.2	1.144	0.141	1.315	0.004	1.0	6000.0
804	0.0	0.0	0.0	0.0	0.0	1.0	14000.0
805	1.131	6.144	0.625	5.791	0.026	0.997	6000.0
806	0.233	1.251	0.165	1.559	0.005	1.0	6000.0
807	0.267	1.503	0.166	1.766	0.005	0.999	6000.0
808	0.191	1.035	0.135	1.275	0.003	1.0	6000.0
809	0.259	1.387	0.181	1.817	0.005	0.999	6000.0
810	0.0	0.0	0.0	0.0	0.0	1.0	6000.0
811	0.172	0.928	0.121	1.064	0.003	1.0	6000.0
812	0.0	0.002	0.0	0.002	0.0	1.0	6000.0
813	0.0	0.0	0.0	0.0	0.0	1.0	6000.0
814	0.519	2.92	0.328	2.595	0.012	1.0	6000.0
815	0.0	0.0	0.0	0.0	0.0	1.0	6000.0
816	0.0	0.0	0.0	0.0	0.0	1.0	7000.0
817	0.0	0.0	0.0	0.0	0.0	1.0	6000.0
818	0.08	0.39	0.057	0.508	0.001	1.0	6000.0
819	0.133	0.688	0.094	0.896	0.003	1.0	6000.0
820	0.133	0.651	0.094	0.746	0.003	1.0	6000.0
821	0.0	0.0	0.0	0.0	0.0	1.0	6000.0
822	0.267	1.45	0.189	1.412	0.006	0.999	6000.0
823	0.267	1.527	0.163	1.267	0.011	1.0	6000.0
824	0.725	4.292	0.498	4.88	0.018	0.997	6000.0
825	0.0	0.0	0.0	0.0	0.0	1.0	6000.0
826	0.131	0.766	0.077	0.731	0.001	1.0	10000.0
827	0.0	0.0	0.0	0.0	0.0	1.0	6000.0
828	0.229	1.116	0.162	1.564	0.004	0.999	6000.0
829	0.15	0.826	0.106	1.033	0.003	1.0	6000.0
830	0.826	4.784	0.564	5.501	0.022	0.996	6000.0
831	0.438	2.386	0.309	3.028	0.008	0.999	6000.0
832	0.0	0.0	0.0	0.0	0.0	1.0	6000.0
833	0.0	0.0	0.0	0.0	0.0	1.0	6000.0
834	0.356	2.027	0.251	2.692	0.008	0.999	6000.0
835	0.2	1.077	0.141	1.435	0.004	1.0	6000.0
836	0.0	0.0	0.0	0.0	0.0	1.0	6000.0
837	0.0	0.0	0.0	0.0	0.0	1.0	9000.0
838	0.0	0.0	0.0	0.0	0.0	1.0	6000.0
839	0.448	2.559	0.25	2.637	0.003	1.0	6000.0
840	0.0	0.0	0.0	0.0	0.0	1.0	6000.0
841	0.1	0.55	0.071	0.654	0.002	1.0	9000.0
842	0.133	0.787	0.094	0.971	0.003	1.0	6000.0
843	0.362	2.037	0.215	1.989	0.008	1.0	6000.0
844	0.16	0.781	0.113	0.994	0.003	1.0	6000.0
845	0.24	1.238	0.17	1.384	0.006	1.0	6000.0
846	0.2	1.033	0.141	1.217	0.004	1.0	6000.0
847	0.3	1.785	0.212	2.036	0.004	0.999	6000.0
848	0.0	0.0	0.0	0.0	0.0	1.0	6000.0
849	0.511	2.827	0.345	3.331	0.009	0.999	6000.0
850	0.134	0.764	0.094	1.051	0.003	1.0	6000.0
851	0.512	2.975	0.339	2.582	0.003	0.999	6000.0
852	0.0	0.0	0.0	0.0	0.0	1.0	6000.0
853	0.16	0.87	0.113	0.812	0.003	1.0	6000.0
854	0.0	0.0	0.0	0.0	0.0	1.0	6000.0
855	0.4	2.33	0.256	2.327	0.01	0.999	6000.0
856	0.364	2.062	0.211	1.94	0.001	0.999	6000.0
857	0.2	1.08	0.141	1.42	0.004	1.0	6000.0
858	0.672	3.722	0.415	3.968	0.016	0.997	6000.0
859	0.362	1.911	0.24	2.007	0.008	1.0	6000.0
860	0.295	1.65	0.189	1.56	0.005	1.0	6000.0
861	0.463	2.583	0.303	2.754	0.014	0.999	6000.0
862	0.0	0.0	0.0	0.0	0.0	1.0	6000.0
863	0.2	1.229	0.141	1.321	0.004	1.0	7000.0
864	0.0	0.0	0.0	0.0	0.0	1.0	6000.0
865	0.265	1.483	0.17	1.506	0.005	1.0	6000.0
866	0.1	0.562	0.071	0.686	0.002	1.0	6000.0
867	0.2	1.181	0.142	1.429	0.005	1.0	6000.0
868	0.133	0.688	0.094	0.905	0.003	1.0	6000.0
869	0.134	0.689	0.094	0.776	0.003	1.0	6000.0
870	0.0	0.0	0.0	0.0	0.0	1.0	6000.0
871	0.229	1.328	0.162	1.54	0.006	1.0	6000.0
872	0.0	0.0	0.0	0.0	0.0	1.0	6000.0
873	0.15	0.836	0.106	0.993	0.003	1.0	6000.0
874	0.3	1.734	0.212	2.014	0.007	0.999	6000.0
875	0.16	0.922	0.113	1.205	0.003	1.0	6000.0
876	0.16	0.912	0.113	0.963	0.003	1.0	6000.0
877	0.638	3.547	0.429	4.28	0.014	0.998	6000.0
878	0.1	0.583	0.071	0.695	0.002	1.0	6000.0
879	0.133	0.762	0.094	0.833	0.003	1.0	6000.0
880	0.105	0.576	0.071	0.732	0.0	1.0	6000.0
881	0.24	1.311	0.17	1.761	0.003	0.999	6000.0
882	0.002	0.013	0.002	0.012	0.0	1.0	16000.0
883	0.417	2.406	0.295	2.937	0.009	0.999	6000.0
884	0.658	3.677	0.429	4.012	0.013	0.998	6000.0
885	0.133	0.651	0.094	0.796	0.003	1.0	6000.0
886	0.6	3.499	0.367	3.584	0.019	0.996	6000.0
887	0.171	0.944	0.107	1.002	0.004	1.0	6000.0
888	0.196	1.115	0.127	1.132	0.001	1.0	7000.0
889	0.0	0.0	0.0	0.0	0.0	1.0	6000.0
890	0.373	2.144	0.243	2.25	0.01	0.999	6000.0
891	0.603	3.509	0.423	3.868	0.009	0.998	6000.0
892	0.131	0.769	0.082	0.839	0.002	1.0	6000.0
893	0.115	0.647	0.076	0.705	0.0	1.0	6000.0
894	0.462	2.541	0.326	2.57	0.01	0.998	6000.0
895	0.2	1.088	0.141	1.2	0.008	1.0	6000.0
896	0.355	1.886	0.218	1.825	0.005	1.0	6000.0
897	0.237	1.271	0.155	1.29	0.003	1.0	6000.0
898	0.501	2.722	0.314	2.978	0.005	0.999	7000.0
899	0.645	3.468	0.366	3.428	0.012	0.999	7000.0
900	0.114	0.622	0.081	0.764	0.002	1.0	6000.0
901	0.0	0.0	0.0	0.0	0.0	1.0	11000.0
902	0.533	3.038	0.337	3.427	0.012	0.998	9000.0
903	0.332	1.837	0.234	2.091	0.007	1.0	6000.0
904	0.543	3.091	0.31	3.214	0.014	0.998	6000.0
905	0.08	0.39	0.057	0.472	0.0	1.0	6000.0
906	0.134	0.652	0.094	0.8	0.003	1.0	6000.0
907	0.0	0.0	0.0	0.0	0.0	1.0	6000.0
908	0.0	0.0	0.0	0.0	0.0	1.0	6000.0
909	0.1	0.562	0.071	0.762	0.002	1.0	6000.0
910	0.171	0.836	0.121	1.054	0.003	1.0	6000.0
911	0.267	1.54	0.189	1.758	0.005	1.0	9000.0
912	0.6	3.42	0.386	3.78	0.02	0.998	6000.0
913	0.343	2.079	0.21	2.189	0.008	0.999	6000.0
914	0.915	4.974	0.563	5.331	0.016	0.997	6000.0
915	0.0	0.0	0.0	0.0	0.0	1.0	6000.0
916	0.664	3.713	0.403	3.971	0.015	0.998	6000.0
917	0.243	1.459	0.162	1.376	0.001	1.0	6000.0
918	0.0	0.0	0.0	0.0	0.0	1.0	6000.0
919	0.436	2.357	0.223	2.13	0.001	1.0	6000.0
920	0.0	0.0	0.0	0.0	0.0	1.0	9000.0
921	0.213	1.108	0.13	1.143	0.003	1.0	6000.0
922	0.511	2.768	0.316	3.12	0.014	0.999	6000.0
923	0.1	0.544	0.071	0.598	0.002	1.0	6000.0
924	0.1	0.516	0.071	0.683	0.002	1.0	6000.0
925	0.4	2.141	0.245	2.265	0.009	0.999	7000.0
926	0.64	3.392	0.422	3.662	0.016	0.998	6000.0
927	0.274	1.452	0.194	1.641	0.005	1.0	6000.0
928	0.7	4.249	0.495	4.283	0.021	0.997	6000.0
929	0.46	2.459	0.288	2.301	0.01	0.999	6000.0
930	0.319	1.662	0.198	1.913	0.006	0.999	6000.0
931	0.114	0.686	0.081	0.784	0.002	1.0	6000.0
932	0.717	3.716	0.44	4.199	0.015	0.997	6000.0
933	0.294	1.589	0.207	1.935	0.006	1.0	6000.0
934	0.2	1.143	0.141	1.376	0.005	1.0	6000.0
935	0.234	1.253	0.145	1.23	0.004	1.0	6000.0
936	0.332	1.73	0.22	2.06	0.003	0.999	6000.0
937	0.452	2.529	0.303	3.026	0.009	0.999	8000.0
938	0.001	0.005	0.001	0.006	0.0	1.0	6000.0
939	0.32	1.825	0.193	1.837	0.007	0.999	6000.0
940	0.0	0.0	0.0	0.0	0.0	1.0	6000.0
941	0.304	1.646	0.182	1.658	0.005	1.0	6000.0
942	0.428	2.387	0.262	2.572	0.007	0.999	12000.0
943	0.16	0.781	0.098	0.818	0.003	1.0	6000.0
944	0.0	0.0	0.0	0.0	0.0	1.0	6000.0
945	0.32	1.85	0.199	1.873	0.012	0.999	9000.0
946	0.255	1.396	0.165	1.588	0.004	1.0	6000.0
947	0.29	1.48	0.153	1.376	0.003	1.0	6000.0
948	0.613	3.401	0.412	3.719	0.014	0.999	6000.0
949	0.333	2.034	0.221	2.034	0.008	1.0	6000.0
950	0.226	1.302	0.154	1.452	0.005	1.0	6000.0
951	0.416	2.374	0.286	2.98	0.009	0.999	6000.0
952	0.71	3.834	0.444	3.768	0.004	0.998	7000.0
953	0.069	0.373	0.043	0.368	0.0	1.0	7000.0
954	0.357	2.126	0.211	1.861	0.008	0.999	6000.0
955	0.057	0.294	0.04	0.374	0.0	1.0	6000.0
956	0.554	3.057	0.348	3.015	0.007	0.999	6000.0
957	0.101	0.495	0.071	0.516	0.002	1.0	6000.0
958	0.08	0.435	0.057	0.471	0.001	1.0	6000.0
959	0.067	0.344	0.047	0.436	0.001	1.0	6000.0
960	0.441	2.584	0.308	2.984	0.013	0.999	6000.0
961	0.133	0.688	0.094	0.872	0.003	1.0	6000.0
962	0.69	3.812	0.411	3.82	0.012	0.999	6000.0
963	0.0	0.0	0.0	0.0	0.0	1.0	6000.0
964	0.133	0.75	0.094	0.942	0.001	1.0	6000.0
965	0.133	0.763	0.094	0.817	0.003	1.0	6000.0
966	0.384	2.132	0.237	2.179	0.008	0.999	6000.0
967	0.057	0.326	0.04	0.435	0.0	1.0	6000.0
968	0.077	0.429	0.045	0.408	0.0	1.0	6000.0
969	0.041	0.227	0.023	0.222	0.0	1.0	6000.0
970	0.578	3.264	0.409	3.973	0.013	0.998	6000.0
971	0.228	1.288	0.162	1.682	0.005	0.999	6000.0
972	0.0	0.0	0.0	0.0	0.0	1.0	6000.0
973	0.2	1.057	0.128	1.22	0.003	1.0	6000.0
974	0.0	0.0	0.0	0.0	0.0	1.0	8000.0
975	0.16	0.844	0.098	0.932	0.003	1.0	6000.0
976	0.16	0.781	0.113	1.111	0.003	1.0	6000.0
977	0.133	0.688	0.094	0.88	0.002	1.0	10000.0
978	0.179	1.039	0.119	1.188	0.003	1.0	6000.0
979	0.0	0.0	0.0	0.0	0.0	1.0	6000.0
980	0.711	3.758	0.388	3.359	0.01	0.999	6000.0
981	0.689	3.918	0.46	4.303	0.01	0.998	6000.0
982	0.229	1.179	0.162	1.5	0.005	1.0	6000.0
983	0.233	1.438	0.165	1.699	0.006	0.999	6000.0
984	0.32	1.651	0.226	2.336	0.008	0.998	6000.0
985	0.0	0.0	0.0	0.0	0.0	1.0	6000.0
986	0.333	1.834	0.203	2.164	0.007	0.999	6000.0
987	0.3	1.808	0.212	1.8	0.007	1.0	6000.0
988	0.35	1.994	0.229	2.312	0.008	0.999	6000.0
989	0.133	0.762	0.094	0.882	0.003	1.0	6000.0
990	0.0	0.0	0.0	0.0	0.0	1.0	6000.0
991	0.0	0.0	0.0	0.0	0.0	1.0	6000.0
992	0.532	3.071	0.366	3.323	0.01	0.999	6000.0
993	0.0	0.0	0.0	0.0	0.0	1.0	6000.0
994	0.0	0.0	0.0	0.0	0.0	1.0	6000.0
995	0.426	2.334	0.301	2.717	0.008	0.999	6000.0
996	0.283	1.529	0.2	1.825	0.006	1.0	6000.0
997	0.278	1.568	0.176	1.593	0.006	1.0	9000.0
998	0.783	4.35	0.506	5.063	0.02	0.998	6000.0
999	0.574	3.08	0.351	3.108	0.012	0.999	6000.0
1000	0.0	0.0	0.0	0.0	0.0	1.0	6000.0
