NMF_Replicate	L1	L1 %	L2	L2 %	KL Divergence	Correlation	Convergence Iterations
1	0.772	4.069	0.484	4.627	0.018	0.997	6000.0
2	0.0	0.0	0.0	0.0	0.0	1.0	6000.0
3	0.367	1.914	0.24	2.057	0.007	0.999	6000.0
4	0.873	4.551	0.477	3.629	0.009	0.999	6000.0
5	1.209	6.479	0.652	5.578	0.014	0.998	6000.0
6	1.355	7.42	0.763	6.366	0.01	0.998	6000.0
7	0.134	0.779	0.094	0.924	0.003	1.0	6000.0
8	0.549	3.14	0.296	2.602	0.012	0.999	6000.0
9	1.425	8.147	0.833	8.123	0.025	0.994	6000.0
10	0.52	2.868	0.317	2.911	0.013	0.998	6000.0
11	0.818	4.759	0.47	4.585	0.006	0.999	6000.0
12	1.392	7.669	0.753	6.838	0.026	0.997	6000.0
13	0.467	2.568	0.307	2.648	0.008	0.999	18000.0
14	0.634	3.417	0.391	3.897	0.015	0.999	6000.0
15	1.682	9.643	0.91	7.959	0.034	0.996	6000.0
16	0.4	2.069	0.261	2.466	0.009	0.999	6000.0
17	0.9	4.71	0.564	5.221	0.022	0.996	6000.0
18	0.597	3.391	0.331	3.121	0.006	0.999	6000.0
19	1.176	7.132	0.616	5.595	0.017	0.998	6000.0
20	0.257	1.441	0.16	1.464	0.006	1.0	6000.0
21	0.461	2.596	0.233	2.407	0.011	0.998	6000.0
22	1.142	6.241	0.58	5.345	0.017	0.998	6000.0
23	0.667	3.513	0.442	3.867	0.016	0.998	6000.0
24	0.774	4.475	0.51	5.018	0.018	0.998	6000.0
25	0.858	4.649	0.543	4.234	0.003	0.998	6000.0
26	0.39	2.082	0.263	2.377	0.009	0.999	6000.0
27	1.078	6.107	0.681	6.702	0.028	0.995	6000.0
28	1.174	6.319	0.733	7.373	0.027	0.994	6000.0
29	0.598	3.464	0.369	3.652	0.017	0.999	6000.0
30	0.61	3.43	0.387	3.434	0.014	0.999	6000.0
31	0.636	3.676	0.433	4.101	0.014	0.998	6000.0
32	1.133	6.429	0.684	6.479	0.02	0.997	6000.0
33	0.148	0.799	0.102	0.984	0.002	1.0	6000.0
34	0.267	1.302	0.189	1.598	0.005	0.999	6000.0
35	0.683	3.913	0.387	3.676	0.008	0.999	6000.0
36	0.822	4.461	0.476	4.384	0.013	0.999	6000.0
37	0.56	3.158	0.34	3.353	0.013	0.998	6000.0
38	0.887	4.846	0.518	5.021	0.018	0.997	6000.0
39	0.912	5.175	0.505	4.645	0.008	0.998	6000.0
40	0.632	3.552	0.365	3.465	0.017	0.999	6000.0
41	0.0	0.0	0.0	0.0	0.0	1.0	6000.0
42	1.307	7.061	0.807	7.68	0.033	0.993	6000.0
43	1.094	6.181	0.621	5.774	0.02	0.996	6000.0
44	0.921	5.193	0.517	4.562	0.01	0.999	6000.0
45	1.179	6.702	0.695	6.703	0.021	0.997	6000.0
46	0.913	5.072	0.488	4.502	0.004	0.999	8000.0
47	0.293	1.613	0.199	1.925	0.004	1.0	6000.0
48	0.75	4.132	0.44	3.771	0.003	0.998	6000.0
49	1.066	5.687	0.562	5.32	0.021	0.997	6000.0
50	0.761	4.281	0.438	3.793	0.011	0.999	6000.0
51	0.529	2.943	0.354	3.071	0.011	0.999	6000.0
52	1.042	5.999	0.61	6.012	0.009	0.998	6000.0
53	0.042	0.219	0.028	0.243	0.0	1.0	6000.0
54	1.178	6.289	0.689	6.359	0.016	0.995	6000.0
55	0.133	0.688	0.094	1.058	0.002	1.0	6000.0
56	0.145	0.815	0.094	0.86	0.002	1.0	12000.0
57	0.463	2.512	0.299	2.75	0.01	0.999	6000.0
58	0.65	3.69	0.388	3.135	0.008	1.0	6000.0
59	0.68	3.846	0.408	3.665	0.01	0.999	6000.0
60	1.09	6.099	0.664	5.998	0.026	0.998	6000.0
61	0.32	1.652	0.226	2.194	0.007	0.999	6000.0
62	0.733	3.777	0.432	3.728	0.018	0.998	6000.0
63	0.705	3.763	0.478	4.13	0.02	0.998	7000.0
64	0.52	2.907	0.295	2.681	0.005	1.0	7000.0
65	0.445	2.342	0.275	2.727	0.01	0.999	7000.0
66	0.662	3.567	0.415	4.272	0.017	0.996	6000.0
67	1.216	6.682	0.668	6.092	0.016	0.997	6000.0
68	0.5	2.862	0.316	3.126	0.015	0.998	6000.0
69	0.664	3.641	0.392	3.493	0.008	0.999	6000.0
70	0.606	3.293	0.402	3.663	0.014	0.998	6000.0
71	1.075	5.634	0.554	4.92	0.009	0.998	7000.0
72	0.0	0.0	0.0	0.0	0.0	1.0	6000.0
73	1.076	5.822	0.635	5.846	0.008	0.997	6000.0
74	0.529	3.061	0.337	3.383	0.012	0.998	8000.0
75	0.503	2.874	0.339	2.985	0.017	0.999	6000.0
76	0.115	0.611	0.081	0.754	0.002	1.0	7000.0
77	0.704	3.852	0.443	3.917	0.01	0.999	6000.0
78	0.701	4.098	0.476	4.367	0.019	0.998	6000.0
79	1.017	5.712	0.538	5.283	0.011	0.997	6000.0
80	0.562	3.21	0.339	3.18	0.009	0.999	6000.0
81	1.434	7.792	0.78	7.676	0.024	0.993	7000.0
82	1.005	5.737	0.545	5.389	0.008	0.998	6000.0
83	0.343	1.891	0.242	1.99	0.011	1.0	6000.0
84	0.756	3.968	0.478	4.631	0.015	0.997	6000.0
85	0.2	1.049	0.141	1.217	0.005	1.0	6000.0
86	1.243	7.137	0.674	6.256	0.012	0.997	6000.0
87	1.758	10.096	0.903	8.615	0.024	0.995	7000.0
88	0.77	4.582	0.461	4.497	0.008	0.997	6000.0
89	0.505	2.744	0.323	2.961	0.011	0.999	6000.0
90	1.494	8.543	0.824	7.866	0.042	0.992	6000.0
91	0.209	1.164	0.134	1.204	0.0	1.0	6000.0
92	0.796	4.733	0.498	4.912	0.013	0.998	6000.0
93	0.36	1.962	0.255	2.694	0.008	0.999	6000.0
94	1.263	7.022	0.665	5.939	0.014	0.998	6000.0
95	0.85	4.732	0.519	4.717	0.02	0.997	7000.0
96	0.293	1.55	0.192	1.608	0.005	1.0	6000.0
97	0.908	4.836	0.537	5.088	0.024	0.997	6000.0
98	0.24	1.308	0.17	1.474	0.006	0.999	6000.0
99	0.786	4.241	0.525	5.221	0.015	0.996	6000.0
100	0.934	5.366	0.518	5.296	0.017	0.997	7000.0
101	1.407	8.06	0.793	7.638	0.029	0.994	6000.0
102	0.36	2.056	0.236	2.29	0.008	0.999	6000.0
103	1.004	5.514	0.568	5.475	0.013	0.997	6000.0
104	0.515	2.876	0.319	2.754	0.012	0.999	6000.0
105	0.557	3.053	0.331	3.183	0.014	0.999	6000.0
106	0.666	3.64	0.413	3.75	0.011	0.999	6000.0
107	1.08	6.007	0.56	5.314	0.01	0.998	6000.0
108	0.56	2.957	0.33	2.924	0.011	0.999	6000.0
109	0.272	1.628	0.177	1.603	0.001	1.0	6000.0
110	0.732	4.191	0.472	4.547	0.019	0.998	6000.0
111	0.178	1.003	0.126	1.315	0.004	1.0	6000.0
112	0.808	4.555	0.473	4.5	0.008	0.999	6000.0
113	0.146	0.805	0.103	0.939	0.003	1.0	6000.0
114	0.646	3.412	0.425	3.68	0.015	0.997	6000.0
115	0.809	4.806	0.442	4.498	0.01	0.998	6000.0
116	0.822	4.623	0.456	4.454	0.009	0.998	6000.0
117	0.555	3.18	0.343	3.201	0.006	0.999	7000.0
118	0.836	4.573	0.488	4.052	0.008	0.999	6000.0
119	0.362	2.111	0.2	1.924	0.005	1.0	6000.0
120	0.629	3.609	0.428	3.946	0.016	0.999	6000.0
121	0.98	5.857	0.569	5.219	0.009	0.997	6000.0
122	1.02	5.588	0.528	4.824	0.011	0.998	6000.0
123	0.736	4.2	0.437	4.189	0.01	0.998	6000.0
124	0.747	4.125	0.491	4.724	0.02	0.997	6000.0
125	0.222	1.333	0.157	1.713	0.005	0.999	6000.0
126	0.64	3.569	0.441	3.938	0.014	0.998	6000.0
127	0.234	1.264	0.165	1.419	0.005	1.0	6000.0
128	0.717	4.165	0.368	3.774	0.012	0.998	7000.0
129	0.578	3.2	0.362	3.796	0.012	0.999	7000.0
130	1.029	5.721	0.576	5.408	0.03	0.997	7000.0
131	0.436	2.208	0.265	2.54	0.008	0.999	7000.0
132	1.485	8.392	0.797	7.326	0.023	0.995	6000.0
133	1.105	6.236	0.569	5.702	0.014	0.998	6000.0
134	0.847	4.73	0.466	4.601	0.02	0.998	6000.0
135	0.635	3.361	0.375	3.62	0.013	0.999	6000.0
136	1.832	10.126	1.031	9.768	0.016	0.993	6000.0
137	0.776	4.326	0.493	5.055	0.024	0.997	6000.0
138	0.876	4.982	0.493	4.754	0.009	0.998	6000.0
139	0.992	5.621	0.5	4.763	0.011	0.998	6000.0
140	0.403	2.173	0.275	2.349	0.007	0.999	6000.0
141	0.808	4.298	0.511	4.535	0.016	0.998	6000.0
142	0.28	1.593	0.198	2.205	0.002	0.999	6000.0
143	0.445	2.606	0.314	3.155	0.01	0.998	6000.0
144	0.486	2.679	0.329	2.987	0.013	0.999	6000.0
145	0.432	2.482	0.263	2.426	0.007	0.999	6000.0
146	1.086	6.333	0.666	6.002	0.011	0.997	6000.0
147	0.2	1.081	0.141	1.483	0.004	1.0	6000.0
148	1.157	6.342	0.627	6.293	0.017	0.995	7000.0
149	0.63	3.689	0.349	3.355	0.005	0.999	6000.0
150	0.934	4.964	0.557	5.01	0.021	0.997	6000.0
151	0.608	3.314	0.379	3.384	0.005	0.999	7000.0
152	0.476	2.887	0.239	2.372	0.006	0.999	6000.0
153	0.491	2.831	0.264	2.847	0.007	0.999	11000.0
154	0.806	4.368	0.454	3.883	0.007	0.999	7000.0
155	0.818	4.641	0.416	3.909	0.009	0.999	13000.0
156	0.855	4.733	0.467	4.43	0.008	0.999	10000.0
157	0.57	3.163	0.333	2.997	0.006	0.999	6000.0
158	1.614	9.12	0.839	8.207	0.018	0.996	6000.0
159	1.071	6.179	0.564	5.034	0.022	0.998	6000.0
160	0.333	1.851	0.217	1.817	0.006	1.0	6000.0
161	0.591	3.192	0.388	3.876	0.01	0.998	6000.0
162	0.208	1.142	0.132	1.307	0.001	1.0	6000.0
163	1.153	6.552	0.683	6.282	0.009	0.995	6000.0
164	0.294	1.628	0.207	1.739	0.006	1.0	6000.0
165	0.8	4.395	0.401	3.727	0.011	0.999	6000.0
166	1.023	5.948	0.562	5.098	0.022	0.998	6000.0
167	1.314	6.902	0.856	7.85	0.027	0.994	6000.0
168	0.509	2.788	0.36	3.137	0.013	0.998	6000.0
169	0.833	4.484	0.532	4.74	0.02	0.998	6000.0
170	0.643	3.463	0.392	3.737	0.015	0.999	6000.0
171	0.828	4.388	0.505	4.83	0.018	0.997	6000.0
172	1.072	6.151	0.545	4.962	0.021	0.998	6000.0
173	0.897	5.024	0.5	4.478	0.007	0.998	6000.0
174	0.591	3.249	0.316	2.86	0.007	0.999	8000.0
175	0.714	3.834	0.434	3.943	0.017	0.999	6000.0
176	1.231	6.923	0.698	6.656	0.027	0.996	6000.0
177	0.714	4.242	0.389	3.634	0.004	0.999	6000.0
178	0.2	0.978	0.141	1.215	0.004	1.0	6000.0
179	0.328	1.825	0.211	1.88	0.007	1.0	6000.0
180	0.873	4.798	0.563	5.277	0.025	0.997	6000.0
181	0.4	2.22	0.263	2.399	0.01	0.999	10000.0
182	0.467	2.466	0.33	3.311	0.011	0.997	6000.0
183	0.593	3.417	0.367	3.082	0.01	0.999	6000.0
184	1.294	7.683	0.66	6.18	0.017	0.997	6000.0
185	0.317	1.884	0.204	1.969	0.005	1.0	6000.0
186	0.2	1.074	0.141	1.353	0.004	1.0	6000.0
187	1.234	6.859	0.632	5.865	0.017	0.998	6000.0
188	0.633	3.577	0.371	3.486	0.009	0.998	6000.0
189	1.26	7.158	0.799	7.41	0.047	0.994	6000.0
190	0.505	2.781	0.308	2.574	0.004	1.0	6000.0
191	0.39	2.169	0.249	2.23	0.008	1.0	6000.0
192	1.269	7.203	0.681	6.293	0.028	0.997	6000.0
193	0.774	4.384	0.547	4.974	0.019	0.997	6000.0
194	1.185	7.144	0.659	6.306	0.014	0.995	6000.0
195	1.055	5.988	0.557	5.08	0.012	0.998	6000.0
196	1.466	8.153	0.817	7.185	0.016	0.997	6000.0
197	0.64	3.59	0.388	3.394	0.007	0.999	15000.0
198	0.589	3.364	0.368	3.352	0.013	0.999	6000.0
199	0.964	5.442	0.502	4.548	0.01	0.999	6000.0
200	1.331	7.435	0.64	5.55	0.026	0.997	6000.0
201	0.626	3.469	0.366	3.541	0.002	0.999	9000.0
202	1.286	7.143	0.708	6.918	0.031	0.996	6000.0
203	0.91	5.279	0.512	4.494	0.017	0.999	6000.0
204	0.867	5.096	0.602	5.489	0.033	0.996	6000.0
205	0.4	1.924	0.283	2.436	0.008	0.999	6000.0
206	0.974	5.499	0.562	5.312	0.013	0.997	6000.0
207	0.881	5.133	0.587	5.437	0.035	0.996	6000.0
208	0.343	2.137	0.242	2.338	0.012	0.999	6000.0
209	0.84	4.77	0.459	4.41	0.012	0.999	6000.0
210	0.563	3.164	0.33	2.937	0.005	0.999	6000.0
211	1.065	6.048	0.576	4.964	0.018	0.998	7000.0
212	1.253	7.094	0.764	6.518	0.03	0.997	6000.0
213	1.145	6.313	0.63	5.68	0.027	0.997	7000.0
214	0.48	2.672	0.304	2.873	0.013	0.999	6000.0
215	1.195	6.688	0.702	6.667	0.027	0.995	6000.0
216	0.636	3.347	0.372	3.611	0.012	0.999	6000.0
217	0.412	2.318	0.24	2.213	0.004	1.0	6000.0
218	0.929	5.232	0.512	4.567	0.014	0.999	6000.0
219	0.413	2.34	0.234	2.11	0.005	1.0	6000.0
220	0.225	1.234	0.139	1.274	0.002	1.0	6000.0
221	0.399	2.2	0.263	2.482	0.008	0.999	6000.0
222	0.832	4.615	0.516	5.056	0.022	0.998	6000.0
223	1.019	5.608	0.508	4.442	0.018	0.999	6000.0
224	0.134	0.652	0.094	0.797	0.003	1.0	6000.0
225	0.214	1.16	0.151	1.352	0.002	1.0	6000.0
226	0.515	2.857	0.326	3.012	0.009	0.999	11000.0
227	0.851	4.584	0.451	4.219	0.01	0.999	6000.0
228	0.489	2.96	0.346	3.12	0.017	0.999	6000.0
229	0.946	5.206	0.539	4.823	0.015	0.998	6000.0
230	1.094	6.044	0.581	5.147	0.007	0.998	6000.0
231	0.775	4.381	0.461	4.146	0.013	0.999	6000.0
232	1.237	6.764	0.671	7.037	0.018	0.996	6000.0
233	0.783	4.172	0.46	4.074	0.01	0.998	6000.0
234	1.802	10.321	0.874	8.337	0.025	0.993	6000.0
235	0.473	2.637	0.278	2.485	0.004	1.0	10000.0
236	0.875	4.824	0.498	4.268	0.011	0.999	6000.0
237	0.878	5.037	0.543	4.926	0.024	0.998	6000.0
238	0.968	5.524	0.482	4.306	0.013	0.998	6000.0
239	1.398	7.867	0.74	6.867	0.013	0.996	6000.0
240	1.553	8.536	0.852	8.464	0.021	0.993	6000.0
241	0.6	3.319	0.391	3.299	0.016	0.998	13000.0
242	0.76	4.219	0.458	4.415	0.018	0.998	6000.0
243	0.781	4.342	0.527	5.105	0.022	0.997	6000.0
244	1.187	6.54	0.607	5.688	0.015	0.998	6000.0
245	0.343	1.787	0.21	1.887	0.008	0.999	6000.0
246	0.461	2.52	0.274	2.403	0.003	1.0	6000.0
247	0.322	1.779	0.214	1.76	0.001	1.0	6000.0
248	0.356	1.837	0.236	2.29	0.003	0.999	6000.0
249	1.19	7.031	0.656	6.218	0.009	0.998	6000.0
250	0.907	5.12	0.547	5.238	0.007	0.997	6000.0
251	1.209	6.599	0.594	5.928	0.02	0.996	6000.0
252	0.494	2.695	0.267	2.311	0.004	1.0	6000.0
253	1.488	8.24	0.855	7.823	0.025	0.994	6000.0
254	1.672	9.904	0.872	8.145	0.022	0.994	6000.0
255	0.434	2.437	0.265	2.438	0.009	0.999	6000.0
256	0.883	4.939	0.533	5.062	0.02	0.997	6000.0
257	0.638	3.478	0.38	3.435	0.002	0.999	8000.0
258	0.863	4.84	0.54	4.902	0.016	0.998	6000.0
259	0.692	3.62	0.39	3.707	0.014	0.998	7000.0
260	0.0	0.002	0.0	0.0	0.0	1.0	6000.0
261	0.81	4.273	0.543	4.89	0.024	0.996	6000.0
262	0.9	4.945	0.475	4.124	0.016	0.999	7000.0
263	0.876	5.229	0.501	4.741	0.014	0.997	6000.0
264	1.115	6.517	0.632	5.954	0.021	0.996	6000.0
265	0.44	2.453	0.311	2.98	0.008	0.999	7000.0
266	0.448	2.543	0.257	2.391	0.003	1.0	6000.0
267	1.573	8.505	0.974	8.796	0.047	0.992	6000.0
268	0.666	3.862	0.419	3.806	0.008	0.999	7000.0
269	0.78	4.449	0.505	5.032	0.019	0.997	6000.0
270	0.172	0.934	0.107	0.872	0.004	1.0	6000.0
271	0.902	5.195	0.496	4.558	0.011	0.998	6000.0
272	0.651	3.693	0.404	4.097	0.013	0.998	8000.0
273	0.459	2.836	0.299	2.52	0.003	1.0	6000.0
274	1.324	7.189	0.678	6.452	0.023	0.997	6000.0
275	0.709	4.148	0.451	4.46	0.009	0.998	6000.0
276	1.226	6.913	0.645	6.245	0.015	0.997	6000.0
277	1.217	6.661	0.692	6.371	0.024	0.997	11000.0
278	1.09	6.276	0.674	6.143	0.011	0.996	6000.0
279	0.816	4.859	0.435	4.026	0.019	0.998	6000.0
280	0.4	2.065	0.245	1.947	0.014	0.999	6000.0
281	0.65	3.446	0.361	3.146	0.008	0.999	6000.0
282	0.134	0.726	0.094	0.725	0.003	1.0	6000.0
283	0.968	5.565	0.561	4.671	0.016	0.998	6000.0
284	1.009	5.655	0.581	5.831	0.025	0.997	6000.0
285	0.72	3.818	0.363	3.103	0.008	0.999	6000.0
286	0.875	5.038	0.531	4.918	0.023	0.998	6000.0
287	0.667	3.69	0.42	3.929	0.012	0.999	6000.0
288	1.238	7.011	0.785	7.382	0.031	0.996	6000.0
289	0.874	4.832	0.461	4.228	0.009	0.999	9000.0
290	0.547	3.112	0.342	3.091	0.017	0.999	6000.0
291	0.957	5.324	0.677	6.065	0.017	0.996	6000.0
292	0.842	5.063	0.502	4.829	0.016	0.996	6000.0
293	0.973	5.475	0.607	5.593	0.025	0.998	6000.0
294	0.583	3.081	0.363	3.219	0.012	0.999	6000.0
295	1.147	6.24	0.58	5.697	0.013	0.998	6000.0
296	0.746	4.29	0.48	4.712	0.013	0.998	6000.0
297	0.101	0.554	0.071	0.591	0.002	1.0	9000.0
298	0.267	1.413	0.188	1.654	0.005	1.0	6000.0
299	1.836	10.232	1.011	9.409	0.024	0.994	6000.0
300	0.522	2.847	0.352	3.103	0.013	0.999	6000.0
301	0.88	5.02	0.558	5.233	0.014	0.998	6000.0
302	0.882	4.928	0.537	4.498	0.018	0.998	6000.0
303	0.941	5.11	0.545	4.988	0.017	0.998	6000.0
304	0.886	4.808	0.595	5.497	0.019	0.997	6000.0
305	0.6	3.439	0.377	3.784	0.016	0.997	6000.0
306	0.616	3.666	0.363	3.019	0.008	0.999	6000.0
307	1.255	7.224	0.654	6.01	0.015	0.998	6000.0
308	1.064	5.921	0.604	5.917	0.015	0.996	6000.0
309	0.701	3.961	0.375	3.413	0.007	0.999	6000.0
310	0.32	1.563	0.17	1.427	0.01	0.999	6000.0
311	0.533	2.935	0.358	3.092	0.01	0.999	6000.0
312	0.384	2.096	0.256	2.305	0.009	0.999	6000.0
313	0.217	1.224	0.136	1.245	0.003	1.0	6000.0
314	0.298	1.6	0.192	1.711	0.006	1.0	9000.0
315	0.673	3.622	0.382	3.721	0.015	0.999	6000.0
316	0.534	3.0	0.34	3.648	0.012	0.996	6000.0
317	0.502	2.907	0.325	3.145	0.011	0.999	6000.0
318	1.046	5.984	0.561	5.385	0.012	0.997	6000.0
319	0.836	4.663	0.461	4.644	0.015	0.997	9000.0
320	0.679	3.785	0.439	4.181	0.012	0.999	6000.0
321	0.643	3.457	0.371	3.652	0.013	0.998	6000.0
322	0.502	2.858	0.332	3.235	0.01	0.999	6000.0
323	0.623	3.72	0.38	3.705	0.005	0.999	6000.0
324	0.761	4.254	0.492	4.516	0.017	0.998	6000.0
325	0.886	4.911	0.481	4.407	0.006	0.999	6000.0
326	0.828	4.629	0.451	4.568	0.012	0.998	6000.0
327	0.0	0.0	0.0	0.0	0.0	1.0	6000.0
328	0.6	3.077	0.374	3.223	0.021	0.998	7000.0
329	1.038	6.103	0.582	5.119	0.01	0.998	6000.0
330	1.05	6.083	0.64	5.945	0.011	0.997	6000.0
331	0.089	0.492	0.063	0.665	0.001	1.0	6000.0
332	0.526	2.952	0.344	3.424	0.011	0.999	6000.0
333	1.263	6.876	0.684	5.833	0.017	0.998	8000.0
334	0.193	1.067	0.131	1.21	0.002	1.0	6000.0
335	1.077	5.885	0.626	5.513	0.021	0.998	6000.0
336	0.543	3.065	0.355	3.207	0.016	0.998	6000.0
337	0.723	4.085	0.428	3.752	0.009	0.999	6000.0
338	1.045	5.862	0.553	5.125	0.015	0.998	6000.0
339	1.447	7.946	0.826	8.081	0.032	0.994	6000.0
340	0.571	3.238	0.352	3.806	0.015	0.998	6000.0
341	1.395	7.713	0.766	6.878	0.035	0.995	6000.0
342	0.681	3.505	0.374	3.597	0.011	0.998	6000.0
343	0.625	3.463	0.412	3.927	0.014	0.999	7000.0
344	0.495	2.648	0.259	2.257	0.003	1.0	14000.0
345	0.843	4.552	0.458	4.405	0.01	0.998	6000.0
346	0.178	0.957	0.126	1.158	0.003	1.0	6000.0
347	0.239	1.416	0.169	1.563	0.003	1.0	6000.0
348	0.437	2.391	0.308	3.164	0.01	0.998	6000.0
349	0.851	4.791	0.546	5.035	0.035	0.997	6000.0
350	1.37	7.892	0.731	7.055	0.022	0.997	6000.0
351	1.107	6.408	0.649	6.318	0.012	0.996	6000.0
352	0.36	2.058	0.255	2.277	0.009	0.999	6000.0
353	1.22	6.422	0.689	6.184	0.014	0.997	6000.0
354	0.801	4.363	0.511	4.674	0.017	0.998	6000.0
355	1.51	8.814	0.824	7.592	0.026	0.996	6000.0
356	0.994	5.517	0.623	5.845	0.026	0.997	6000.0
357	0.44	2.55	0.291	2.626	0.012	0.999	6000.0
358	0.217	1.184	0.153	1.314	0.004	1.0	6000.0
359	0.82	4.979	0.492	4.883	0.014	0.998	6000.0
360	0.674	3.862	0.39	3.174	0.005	0.999	13000.0
361	0.4	2.199	0.283	2.684	0.013	0.998	6000.0
362	0.6	3.319	0.389	3.687	0.013	0.999	6000.0
363	0.311	1.774	0.22	1.893	0.009	0.999	6000.0
364	0.632	3.783	0.376	3.139	0.016	0.999	6000.0
365	1.048	6.0	0.641	5.808	0.024	0.997	6000.0
366	0.637	3.753	0.365	3.417	0.009	0.998	6000.0
367	0.347	1.811	0.22	1.946	0.006	0.999	6000.0
368	0.91	5.326	0.436	3.99	0.015	0.998	6000.0
369	0.345	1.947	0.188	1.651	0.002	1.0	6000.0
370	1.109	6.271	0.63	5.596	0.006	0.997	6000.0
371	0.172	0.934	0.099	0.92	0.004	1.0	6000.0
372	0.943	5.397	0.622	5.804	0.022	0.997	6000.0
373	0.68	3.792	0.414	3.695	0.015	0.999	6000.0
374	0.413	2.374	0.28	2.702	0.007	0.999	6000.0
375	1.456	7.887	0.844	6.982	0.012	0.997	6000.0
376	0.503	2.734	0.32	3.082	0.012	0.998	6000.0
377	0.358	1.922	0.216	1.73	0.001	1.0	6000.0
378	1.056	6.142	0.532	4.998	0.015	0.998	6000.0
379	1.774	10.1	0.929	8.926	0.015	0.993	6000.0
380	0.2	1.057	0.141	1.315	0.005	1.0	6000.0
381	0.975	5.498	0.577	5.441	0.012	0.998	6000.0
382	0.783	4.301	0.504	4.487	0.018	0.998	6000.0
383	0.806	4.529	0.465	4.052	0.008	0.999	6000.0
384	0.667	3.754	0.425	3.895	0.016	0.998	6000.0
385	1.202	6.639	0.814	7.939	0.031	0.991	6000.0
386	1.065	5.906	0.617	5.313	0.012	0.997	8000.0
387	0.447	2.468	0.312	2.699	0.009	0.999	6000.0
388	1.969	10.953	1.037	9.933	0.025	0.993	6000.0
389	0.782	4.248	0.469	4.507	0.014	0.998	6000.0
390	0.845	4.886	0.488	4.207	0.006	0.999	6000.0
391	0.646	3.686	0.423	3.828	0.007	0.999	6000.0
392	0.763	4.094	0.417	3.532	0.006	0.999	6000.0
393	0.594	3.309	0.42	4.368	0.013	0.998	6000.0
394	0.24	1.384	0.17	1.563	0.005	1.0	6000.0
395	0.384	2.18	0.246	2.185	0.007	1.0	6000.0
396	0.26	1.436	0.184	1.715	0.005	1.0	6000.0
397	0.422	2.236	0.274	2.545	0.009	0.999	6000.0
398	1.483	8.438	0.885	8.99	0.032	0.99	6000.0
399	0.264	1.432	0.186	1.688	0.003	1.0	6000.0
400	0.604	3.334	0.399	3.548	0.01	0.999	6000.0
401	0.2	0.976	0.141	1.127	0.007	1.0	6000.0
402	0.831	4.544	0.471	4.455	0.014	0.998	6000.0
403	1.086	6.418	0.539	4.852	0.021	0.998	6000.0
404	0.402	2.272	0.224	1.924	0.005	1.0	6000.0
405	0.067	0.367	0.047	0.415	0.001	1.0	6000.0
406	0.773	4.234	0.405	4.048	0.015	0.998	6000.0
407	0.32	1.915	0.226	2.254	0.009	0.999	6000.0
408	0.788	4.345	0.447	4.061	0.022	0.999	6000.0
409	0.214	1.194	0.151	1.378	0.004	1.0	6000.0
410	0.4	2.228	0.283	2.708	0.01	0.999	6000.0
411	0.742	4.022	0.404	3.32	0.01	0.999	6000.0
412	0.771	4.352	0.416	4.214	0.012	0.998	6000.0
413	0.685	3.617	0.349	3.131	0.015	0.999	6000.0
414	0.834	4.679	0.414	3.504	0.014	0.999	8000.0
415	0.363	2.127	0.221	2.471	0.008	0.999	6000.0
416	0.267	1.417	0.189	1.671	0.003	1.0	6000.0
417	0.541	2.991	0.324	3.177	0.007	0.999	7000.0
418	1.069	5.67	0.525	4.934	0.008	0.998	6000.0
419	0.255	1.43	0.176	1.57	0.002	1.0	6000.0
420	0.895	4.852	0.491	4.579	0.013	0.998	9000.0
421	0.613	3.328	0.374	3.353	0.014	0.999	6000.0
422	0.976	5.337	0.516	4.816	0.011	0.998	6000.0
423	0.727	4.143	0.422	4.469	0.017	0.998	6000.0
424	0.122	0.665	0.083	0.774	0.001	1.0	6000.0
425	0.323	1.82	0.201	1.84	0.002	1.0	6000.0
426	0.685	3.949	0.386	3.537	0.01	0.999	6000.0
427	0.761	4.372	0.491	4.831	0.018	0.997	6000.0
428	0.72	4.185	0.452	4.045	0.009	0.999	6000.0
429	1.602	9.233	0.839	8.015	0.033	0.996	6000.0
430	1.894	10.196	0.968	8.67	0.045	0.991	6000.0
431	0.6	3.24	0.424	3.794	0.018	0.998	6000.0
432	0.739	4.229	0.452	4.168	0.009	0.999	13000.0
433	1.034	5.793	0.597	5.428	0.015	0.998	6000.0
434	0.492	2.733	0.278	2.542	0.007	1.0	6000.0
435	1.141	6.394	0.645	6.053	0.026	0.996	6000.0
436	0.648	3.735	0.378	3.403	0.018	0.998	6000.0
437	1.274	7.257	0.675	6.099	0.026	0.997	6000.0
438	1.303	7.334	0.707	6.287	0.011	0.998	6000.0
439	0.1	0.55	0.071	0.66	0.002	1.0	6000.0
440	0.396	2.068	0.272	2.193	0.008	0.999	6000.0
441	0.817	4.495	0.494	5.149	0.017	0.997	6000.0
442	1.118	6.308	0.597	5.962	0.016	0.997	6000.0
443	0.418	2.549	0.273	2.434	0.002	0.999	6000.0
444	1.387	7.807	0.831	7.987	0.021	0.997	6000.0
445	1.586	8.92	0.798	7.094	0.028	0.995	6000.0
446	0.823	4.351	0.548	4.431	0.024	0.998	6000.0
447	0.858	4.762	0.458	4.384	0.006	0.999	6000.0
448	0.574	3.185	0.353	2.946	0.009	1.0	10000.0
449	1.993	11.008	1.028	9.055	0.024	0.995	6000.0
450	0.478	2.583	0.303	2.516	0.003	0.999	11000.0
451	0.848	4.821	0.491	4.651	0.02	0.998	7000.0
452	0.133	0.651	0.094	0.769	0.001	1.0	6000.0
453	0.133	0.714	0.094	0.847	0.003	1.0	6000.0
454	0.292	1.549	0.206	1.903	0.005	0.999	6000.0
455	0.571	3.194	0.314	2.608	0.006	1.0	11000.0
456	0.907	5.438	0.58	5.846	0.026	0.997	6000.0
457	1.102	6.359	0.536	5.138	0.019	0.997	6000.0
458	0.779	4.55	0.484	4.481	0.005	0.998	6000.0
459	1.079	5.977	0.51	4.469	0.012	0.998	6000.0
460	0.539	3.332	0.297	2.791	0.007	0.999	6000.0
461	0.663	3.687	0.338	3.443	0.006	0.999	6000.0
462	0.914	5.235	0.468	4.325	0.016	0.999	6000.0
463	1.244	6.855	0.788	7.468	0.027	0.995	6000.0
464	0.697	3.617	0.418	3.797	0.015	0.998	6000.0
465	1.507	8.278	0.814	7.29	0.024	0.995	7000.0
466	1.114	6.248	0.59	5.723	0.016	0.997	6000.0
467	0.518	2.934	0.352	3.175	0.007	0.999	10000.0
468	0.602	3.454	0.369	3.17	0.013	0.999	6000.0
469	0.601	3.165	0.397	3.825	0.015	0.998	6000.0
470	0.249	1.492	0.172	1.609	0.004	1.0	6000.0
471	0.483	2.79	0.338	3.292	0.01	0.999	6000.0
472	0.959	5.255	0.505	4.328	0.013	0.999	6000.0
473	0.391	2.122	0.252	2.217	0.009	1.0	6000.0
474	1.008	5.646	0.638	6.044	0.027	0.995	6000.0
475	1.139	6.363	0.716	6.472	0.028	0.997	7000.0
476	0.806	4.481	0.498	4.552	0.013	0.999	9000.0
477	0.36	1.959	0.24	2.311	0.008	0.999	6000.0
478	0.0	0.0	0.0	0.0	0.0	1.0	6000.0
479	0.647	3.794	0.362	3.285	0.007	0.999	6000.0
480	0.59	3.406	0.361	3.506	0.018	0.998	6000.0
481	0.273	1.607	0.175	1.452	0.004	1.0	6000.0
482	0.704	4.002	0.431	3.984	0.015	0.997	10000.0
483	0.667	3.782	0.424	4.246	0.02	0.997	6000.0
484	0.407	2.153	0.272	2.573	0.006	0.999	6000.0
485	0.133	0.763	0.094	1.009	0.003	1.0	6000.0
486	0.0	0.0	0.0	0.0	0.0	1.0	6000.0
487	0.998	5.385	0.523	4.493	0.007	0.999	6000.0
488	0.915	4.978	0.494	4.479	0.018	0.997	6000.0
489	0.401	2.252	0.232	2.164	0.003	1.0	6000.0
490	0.682	4.188	0.425	3.977	0.009	0.998	12000.0
491	0.547	3.094	0.309	2.726	0.008	0.999	10000.0
492	0.516	2.978	0.312	2.829	0.005	0.999	6000.0
493	0.4	2.4	0.283	2.703	0.015	0.998	6000.0
494	0.728	4.3	0.374	3.124	0.015	0.999	6000.0
495	0.16	0.782	0.098	0.862	0.003	1.0	6000.0
496	1.185	6.723	0.674	5.665	0.027	0.998	6000.0
497	0.26	1.447	0.184	1.595	0.004	1.0	6000.0
498	0.997	5.518	0.519	5.183	0.017	0.997	18000.0
499	0.35	1.983	0.237	2.126	0.005	1.0	6000.0
500	1.2	6.851	0.664	6.291	0.022	0.996	8000.0
501	1.195	6.485	0.694	6.357	0.033	0.996	6000.0
502	0.162	0.899	0.105	0.845	0.0	1.0	6000.0
503	0.808	4.407	0.455	4.137	0.015	0.999	10000.0
504	0.583	3.425	0.388	3.959	0.014	0.998	6000.0
505	0.53	3.153	0.306	3.065	0.005	0.999	6000.0
506	0.08	0.517	0.057	0.536	0.002	1.0	6000.0
507	0.16	0.825	0.113	1.106	0.003	1.0	6000.0
508	1.02	5.635	0.561	5.371	0.015	0.998	6000.0
509	0.194	1.024	0.127	1.128	0.003	1.0	6000.0
510	0.979	5.458	0.512	4.609	0.012	0.998	6000.0
511	0.2	1.105	0.141	1.113	0.005	1.0	6000.0
512	0.465	2.743	0.291	2.84	0.006	0.999	6000.0
513	1.301	7.462	0.732	6.903	0.013	0.997	6000.0
514	0.542	3.01	0.358	3.543	0.013	0.998	6000.0
515	0.229	1.309	0.162	1.674	0.005	0.999	6000.0
516	1.625	8.815	0.914	8.196	0.017	0.995	6000.0
517	1.585	8.885	0.888	7.932	0.017	0.997	6000.0
518	0.2	1.167	0.141	1.201	0.005	1.0	6000.0
519	0.706	4.018	0.412	3.902	0.01	0.999	6000.0
520	0.527	2.899	0.331	3.105	0.01	0.999	6000.0
521	0.412	2.342	0.247	2.512	0.008	0.999	6000.0
522	0.73	3.957	0.427	4.078	0.014	0.998	6000.0
523	0.964	5.546	0.606	5.577	0.024	0.997	6000.0
524	0.534	3.024	0.358	3.281	0.013	0.999	6000.0
525	0.937	5.081	0.503	4.682	0.008	0.998	6000.0
526	0.347	1.911	0.245	2.282	0.006	1.0	6000.0
527	1.028	5.653	0.672	6.55	0.023	0.996	6000.0
528	0.639	3.565	0.397	3.524	0.013	0.999	6000.0
529	1.384	7.683	0.801	7.21	0.029	0.995	6000.0
530	1.111	6.2	0.671	6.447	0.021	0.996	6000.0
531	0.607	3.349	0.349	2.976	0.01	0.999	6000.0
532	0.26	1.356	0.166	1.593	0.005	1.0	6000.0
533	0.534	2.87	0.34	3.598	0.013	0.997	6000.0
534	0.675	3.629	0.362	3.184	0.01	0.999	8000.0
535	0.497	2.711	0.278	2.361	0.006	1.0	6000.0
536	0.794	4.781	0.514	4.91	0.028	0.997	6000.0
537	1.471	8.227	0.718	6.542	0.019	0.998	12000.0
538	0.134	0.764	0.094	0.901	0.003	1.0	6000.0
539	0.694	3.857	0.42	3.799	0.014	0.999	6000.0
540	0.283	1.63	0.183	1.542	0.003	1.0	6000.0
541	0.1	0.488	0.071	0.569	0.002	1.0	6000.0
542	1.244	7.113	0.607	6.474	0.017	0.997	8000.0
543	0.623	3.447	0.411	4.051	0.014	0.997	6000.0
544	0.133	0.737	0.094	0.845	0.003	1.0	6000.0
545	0.785	4.535	0.525	4.771	0.01	0.997	6000.0
546	0.869	4.49	0.485	4.571	0.023	0.997	6000.0
547	1.056	5.475	0.652	6.553	0.025	0.994	6000.0
548	0.734	4.215	0.468	3.813	0.016	0.999	6000.0
549	0.68	3.822	0.426	3.998	0.016	0.998	6000.0
550	0.744	4.249	0.443	4.126	0.013	0.999	7000.0
551	0.0	0.001	0.0	0.0	0.0	1.0	6000.0
552	0.986	5.664	0.575	5.559	0.009	0.997	6000.0
553	0.25	1.394	0.172	1.593	0.005	1.0	6000.0
554	0.484	2.838	0.307	2.516	0.007	1.0	6000.0
555	0.59	3.311	0.39	4.23	0.013	0.997	6000.0
556	1.172	6.428	0.691	6.006	0.023	0.996	6000.0
557	0.747	4.054	0.448	3.764	0.014	0.999	6000.0
558	0.919	4.987	0.579	5.866	0.021	0.996	6000.0
559	0.36	2.038	0.255	2.045	0.012	1.0	6000.0
560	0.545	2.96	0.385	3.481	0.009	0.999	6000.0
561	0.693	3.994	0.458	4.385	0.016	0.997	6000.0
562	0.84	4.739	0.519	4.759	0.009	0.999	6000.0
563	0.719	4.083	0.387	3.279	0.007	0.999	6000.0
564	0.889	5.212	0.547	5.356	0.021	0.997	6000.0
565	0.424	2.141	0.249	2.118	0.009	0.999	6000.0
566	0.841	4.698	0.48	4.59	0.021	0.998	6000.0
567	0.459	2.687	0.321	2.818	0.004	0.999	6000.0
568	0.495	2.724	0.327	2.93	0.009	0.999	6000.0
569	0.636	3.511	0.435	3.799	0.014	0.998	6000.0
570	0.93	5.244	0.483	4.467	0.013	0.999	6000.0
571	1.399	8.192	0.773	7.539	0.011	0.996	6000.0
572	1.349	7.618	0.712	6.963	0.011	0.996	6000.0
573	0.4	2.2	0.283	2.737	0.01	0.999	6000.0
574	0.684	3.921	0.412	3.709	0.005	0.998	6000.0
575	0.533	2.677	0.301	2.826	0.011	0.998	6000.0
576	1.312	7.211	0.628	6.019	0.015	0.997	6000.0
577	0.134	0.786	0.09	0.77	0.0	1.0	6000.0
578	0.133	0.751	0.094	0.829	0.001	1.0	6000.0
579	0.743	4.094	0.453	4.384	0.022	0.997	6000.0
580	0.685	3.8	0.446	4.344	0.013	0.998	6000.0
581	0.366	2.092	0.224	1.864	0.003	1.0	6000.0
582	0.494	2.791	0.331	3.001	0.013	0.999	6000.0
583	1.226	7.393	0.696	6.712	0.014	0.995	6000.0
584	0.543	2.972	0.371	3.59	0.012	0.998	6000.0
585	0.724	4.12	0.396	3.895	0.006	0.998	6000.0
586	0.787	4.392	0.486	4.505	0.018	0.998	6000.0
587	0.847	4.674	0.511	4.8	0.018	0.998	6000.0
588	0.581	3.374	0.377	3.394	0.003	0.999	6000.0
589	0.44	2.427	0.311	2.902	0.012	0.999	6000.0
590	1.114	6.291	0.655	5.953	0.013	0.997	6000.0
591	0.146	0.834	0.103	1.029	0.003	1.0	6000.0
592	0.954	5.259	0.505	4.645	0.013	0.998	6000.0
593	0.635	3.613	0.436	3.849	0.014	0.999	6000.0
594	0.676	3.825	0.415	3.874	0.006	0.999	6000.0
595	0.614	3.508	0.414	3.96	0.004	0.999	6000.0
596	0.412	2.114	0.254	2.301	0.006	0.999	6000.0
597	0.375	2.241	0.233	2.024	0.001	1.0	6000.0
598	0.385	2.125	0.218	2.08	0.007	1.0	6000.0
599	0.651	3.536	0.407	3.947	0.015	0.999	6000.0
600	0.441	2.462	0.258	2.41	0.007	1.0	6000.0
601	0.61	3.306	0.312	2.672	0.006	0.999	6000.0
602	0.338	1.838	0.223	1.982	0.006	0.999	6000.0
603	0.639	3.799	0.387	3.599	0.007	0.999	6000.0
604	0.438	2.476	0.29	2.88	0.01	0.999	6000.0
605	0.362	2.073	0.256	2.277	0.009	0.999	6000.0
606	0.761	4.392	0.461	4.077	0.021	0.999	6000.0
607	0.856	4.952	0.471	4.66	0.008	0.998	6000.0
608	1.006	5.716	0.538	5.039	0.017	0.998	6000.0
609	0.16	0.832	0.1	0.838	0.0	1.0	9000.0
610	0.778	4.215	0.513	4.57	0.013	0.998	6000.0
611	0.684	3.89	0.397	3.703	0.012	0.999	6000.0
612	0.515	2.915	0.307	2.699	0.008	1.0	6000.0
613	0.78	4.515	0.513	4.666	0.013	0.999	6000.0
614	1.933	10.431	1.042	9.584	0.021	0.993	6000.0
615	0.173	0.935	0.117	1.142	0.002	1.0	6000.0
616	0.919	4.968	0.602	5.462	0.031	0.995	6000.0
617	0.486	2.712	0.326	3.008	0.014	0.999	6000.0
618	0.686	3.863	0.365	3.265	0.007	0.999	10000.0
619	0.821	4.367	0.426	3.58	0.016	0.999	6000.0
620	0.845	4.733	0.479	4.292	0.011	0.999	6000.0
621	0.611	3.273	0.386	3.747	0.013	0.999	6000.0
622	0.55	3.112	0.373	3.745	0.014	0.998	6000.0
623	0.781	4.47	0.453	4.093	0.009	0.999	12000.0
624	0.751	4.257	0.447	4.576	0.014	0.997	6000.0
625	1.222	6.672	0.683	6.081	0.018	0.997	6000.0
626	1.476	8.304	0.849	8.09	0.011	0.995	6000.0
627	1.063	5.95	0.655	6.344	0.025	0.997	6000.0
628	1.01	5.766	0.504	4.5	0.014	0.998	6000.0
629	0.754	4.223	0.478	4.081	0.016	0.999	6000.0
630	0.815	4.596	0.483	4.702	0.018	0.998	6000.0
631	1.149	6.433	0.587	5.326	0.017	0.998	6000.0
632	1.245	7.196	0.714	6.367	0.008	0.998	6000.0
633	0.663	3.552	0.449	3.885	0.009	0.998	6000.0
634	0.89	4.773	0.564	5.057	0.016	0.997	6000.0
635	0.566	3.122	0.325	2.944	0.01	0.999	6000.0
636	0.562	3.128	0.376	3.361	0.013	0.999	6000.0
637	0.888	4.948	0.502	4.398	0.023	0.999	6000.0
638	0.429	2.414	0.303	2.718	0.01	0.999	6000.0
639	0.976	5.215	0.588	5.444	0.023	0.997	6000.0
640	1.351	7.803	0.786	7.077	0.012	0.997	6000.0
641	0.569	3.175	0.344	3.036	0.01	0.999	6000.0
642	0.739	4.124	0.497	4.169	0.015	0.999	6000.0
643	0.498	2.821	0.337	2.959	0.01	0.999	6000.0
644	1.47	8.746	0.915	8.271	0.018	0.996	6000.0
645	0.615	3.305	0.365	3.441	0.016	0.999	6000.0
646	0.681	3.677	0.454	3.956	0.016	0.998	6000.0
647	1.144	6.454	0.685	6.068	0.005	0.997	6000.0
648	0.511	2.9	0.361	3.301	0.01	0.999	6000.0
649	0.895	5.151	0.548	4.815	0.021	0.998	6000.0
650	0.607	3.418	0.378	3.452	0.002	0.999	6000.0
651	0.991	5.647	0.543	4.77	0.017	0.998	6000.0
652	1.035	5.66	0.538	5.145	0.013	0.998	6000.0
653	0.777	4.346	0.48	4.834	0.013	0.998	6000.0
654	0.989	5.491	0.526	4.788	0.014	0.998	6000.0
655	0.753	4.306	0.417	4.091	0.006	0.999	6000.0
656	0.903	5.452	0.494	4.396	0.011	0.998	6000.0
657	1.219	6.817	0.741	6.451	0.025	0.996	6000.0
658	1.566	8.811	0.861	8.358	0.039	0.993	6000.0
659	0.415	2.268	0.294	2.536	0.008	0.999	6000.0
660	1.177	6.072	0.614	5.845	0.024	0.996	6000.0
661	0.572	2.961	0.375	3.485	0.012	0.998	6000.0
662	1.082	6.132	0.648	5.771	0.006	0.997	6000.0
663	1.067	5.869	0.602	5.43	0.015	0.998	6000.0
664	0.5	2.755	0.323	3.069	0.014	0.999	6000.0
665	1.054	5.885	0.665	6.393	0.021	0.997	6000.0
666	1.084	6.105	0.578	5.139	0.007	0.999	6000.0
667	0.842	4.59	0.497	4.396	0.021	0.998	6000.0
668	0.763	4.122	0.489	4.448	0.018	0.998	6000.0
669	0.46	2.456	0.279	2.387	0.013	0.999	6000.0
670	0.293	1.712	0.207	1.892	0.006	1.0	6000.0
671	1.179	6.924	0.833	8.413	0.045	0.991	6000.0
672	1.485	8.538	0.781	7.121	0.017	0.996	6000.0
673	0.822	4.467	0.522	5.089	0.024	0.997	6000.0
674	1.242	6.872	0.633	5.48	0.021	0.997	6000.0
675	0.709	4.014	0.44	4.021	0.011	0.999	8000.0
676	1.292	7.171	0.725	6.912	0.02	0.996	6000.0
677	0.779	4.135	0.465	4.281	0.009	0.998	6000.0
678	0.653	3.569	0.441	4.14	0.015	0.998	6000.0
679	0.752	4.158	0.414	3.473	0.007	0.999	6000.0
680	0.16	0.845	0.113	1.023	0.003	1.0	6000.0
681	1.348	7.404	0.786	7.421	0.034	0.995	6000.0
682	1.187	6.677	0.672	6.085	0.018	0.997	6000.0
683	0.748	4.264	0.466	4.81	0.009	0.997	6000.0
684	0.795	4.608	0.487	4.66	0.008	0.998	11000.0
685	0.71	4.023	0.36	3.473	0.007	0.999	6000.0
686	0.271	1.479	0.165	1.499	0.003	1.0	8000.0
687	0.627	3.408	0.382	3.78	0.018	0.999	6000.0
688	1.171	6.433	0.682	5.963	0.019	0.997	6000.0
689	0.766	4.215	0.439	4.12	0.007	0.999	6000.0
690	0.682	3.966	0.387	3.826	0.007	0.999	7000.0
691	0.66	3.767	0.423	3.788	0.015	0.999	6000.0
692	0.704	3.783	0.39	3.47	0.008	0.999	6000.0
693	0.417	2.229	0.284	2.689	0.009	0.999	6000.0
694	1.258	6.971	0.635	6.331	0.014	0.997	6000.0
695	0.222	1.132	0.157	1.311	0.004	1.0	6000.0
696	0.543	2.951	0.354	3.466	0.012	0.999	6000.0
697	0.868	5.014	0.487	4.106	0.015	0.998	8000.0
698	1.19	6.818	0.661	6.131	0.022	0.997	6000.0
699	0.62	3.444	0.411	3.932	0.013	0.998	6000.0
700	1.091	5.968	0.617	4.934	0.016	0.999	6000.0
701	1.167	6.552	0.621	5.843	0.012	0.997	6000.0
702	1.502	8.407	0.863	8.0	0.02	0.996	6000.0
703	0.543	2.797	0.355	2.845	0.014	0.999	6000.0
704	0.847	4.628	0.474	3.983	0.014	0.999	6000.0
705	0.757	4.123	0.43	3.852	0.013	0.998	6000.0
706	0.596	3.181	0.333	3.057	0.007	0.999	6000.0
707	0.75	4.119	0.477	4.176	0.02	0.998	6000.0
708	1.241	7.19	0.653	5.847	0.018	0.997	6000.0
709	0.893	4.99	0.573	5.563	0.025	0.997	6000.0
710	1.283	6.972	0.706	6.594	0.024	0.995	6000.0
711	0.507	2.999	0.306	2.606	0.009	0.999	6000.0
712	1.04	6.131	0.582	5.291	0.022	0.998	6000.0
713	1.266	7.198	0.759	7.107	0.015	0.995	6000.0
714	0.916	5.267	0.553	5.3	0.013	0.997	6000.0
715	0.229	1.218	0.14	1.074	0.006	1.0	6000.0
716	0.798	4.506	0.442	4.017	0.008	0.999	6000.0
717	0.231	1.314	0.152	1.305	0.003	1.0	10000.0
718	1.106	6.181	0.639	5.536	0.019	0.998	6000.0
719	0.552	3.138	0.354	3.58	0.013	0.998	6000.0
720	0.678	3.866	0.454	4.405	0.015	0.998	6000.0
721	0.547	2.862	0.362	3.632	0.011	0.998	6000.0
722	0.888	4.872	0.512	4.57	0.017	0.998	6000.0
723	0.689	3.616	0.422	3.574	0.013	0.999	6000.0
724	1.069	6.223	0.553	4.989	0.023	0.998	6000.0
725	0.333	1.913	0.215	1.986	0.007	1.0	6000.0
726	0.627	3.457	0.401	3.599	0.017	0.999	6000.0
727	1.5	8.483	0.855	8.635	0.037	0.993	6000.0
728	0.253	1.401	0.175	1.738	0.003	1.0	6000.0
729	0.797	4.761	0.56	5.041	0.025	0.997	6000.0
730	0.668	3.664	0.436	3.733	0.011	0.999	6000.0
731	1.651	8.913	0.847	8.549	0.021	0.995	6000.0
732	1.127	6.411	0.576	5.356	0.019	0.998	6000.0
733	0.781	4.418	0.452	4.2	0.008	0.999	6000.0
734	0.16	0.881	0.113	1.129	0.004	1.0	6000.0
735	0.467	2.818	0.315	3.107	0.017	0.999	6000.0
736	0.629	3.424	0.396	3.892	0.013	0.998	6000.0
737	0.0	0.0	0.0	0.0	0.0	1.0	6000.0
738	1.291	7.063	0.695	6.147	0.02	0.997	6000.0
739	0.35	1.708	0.203	2.053	0.01	0.999	6000.0
740	1.289	7.125	0.806	7.484	0.041	0.995	6000.0
741	0.634	3.51	0.383	3.601	0.013	0.999	6000.0
742	0.634	3.586	0.396	3.365	0.006	0.999	6000.0
743	1.198	6.403	0.65	5.778	0.025	0.994	6000.0
744	1.482	8.024	0.804	8.298	0.032	0.995	6000.0
745	0.81	4.586	0.511	4.622	0.023	0.998	6000.0
746	1.425	7.972	0.913	8.921	0.035	0.992	6000.0
747	0.566	3.019	0.341	2.939	0.01	0.999	6000.0
748	1.144	6.446	0.658	5.662	0.023	0.998	6000.0
749	0.604	3.368	0.391	3.837	0.016	0.998	6000.0
750	0.704	4.104	0.445	4.048	0.018	0.998	6000.0
751	0.396	2.162	0.214	1.854	0.001	1.0	6000.0
752	0.572	3.297	0.387	3.485	0.013	0.999	6000.0
753	0.99	5.417	0.521	4.927	0.017	0.998	6000.0
754	0.942	5.354	0.608	5.888	0.022	0.997	6000.0
755	0.057	0.328	0.04	0.38	0.0	1.0	6000.0
756	0.949	5.431	0.58	5.874	0.016	0.997	7000.0
757	0.954	5.222	0.486	4.442	0.017	0.999	6000.0
758	0.598	3.377	0.412	4.21	0.013	0.997	6000.0
759	2.21	12.763	1.095	11.63	0.033	0.991	6000.0
760	0.889	5.06	0.495	4.38	0.015	0.999	6000.0
761	0.809	4.589	0.422	4.329	0.011	0.998	7000.0
762	0.59	3.266	0.354	3.157	0.006	0.999	6000.0
763	1.387	7.695	0.827	8.016	0.036	0.995	7000.0
764	1.086	5.85	0.706	6.528	0.034	0.994	6000.0
765	0.349	1.959	0.194	1.81	0.002	1.0	6000.0
766	1.387	8.078	0.731	6.5	0.018	0.997	6000.0
767	0.561	3.109	0.325	2.873	0.005	0.999	6000.0
768	0.587	3.32	0.39	3.486	0.009	0.999	6000.0
769	1.262	7.129	0.667	6.458	0.014	0.996	6000.0
770	0.4	2.295	0.254	2.148	0.002	1.0	6000.0
771	0.36	2.026	0.229	2.122	0.008	0.999	6000.0
772	0.429	2.262	0.264	2.455	0.012	0.999	6000.0
773	0.73	4.11	0.456	3.718	0.016	0.999	6000.0
774	0.734	3.987	0.447	3.998	0.012	0.998	6000.0
775	0.36	2.044	0.254	2.291	0.008	1.0	6000.0
776	0.562	3.155	0.317	3.078	0.012	0.999	6000.0
777	1.118	6.18	0.595	4.833	0.012	0.998	6000.0
778	0.676	3.738	0.397	3.883	0.015	0.998	6000.0
779	0.583	3.144	0.398	3.674	0.013	0.999	6000.0
780	0.628	3.626	0.352	3.008	0.006	0.999	6000.0
781	1.012	5.784	0.564	5.098	0.022	0.999	6000.0
782	0.309	1.689	0.218	2.225	0.006	0.999	6000.0
783	0.994	5.664	0.616	5.985	0.011	0.996	6000.0
784	0.78	4.339	0.495	4.295	0.018	0.999	6000.0
785	0.522	2.924	0.327	3.049	0.012	0.999	6000.0
786	0.799	4.33	0.437	4.028	0.007	0.999	6000.0
787	0.44	2.531	0.292	2.98	0.007	0.999	6000.0
788	0.626	3.652	0.343	3.362	0.009	0.999	6000.0
789	0.314	1.735	0.222	2.198	0.007	0.999	6000.0
790	0.54	3.179	0.314	2.918	0.003	1.0	6000.0
791	0.287	1.515	0.202	1.816	0.008	1.0	8000.0
792	0.698	3.86	0.408	3.901	0.013	0.999	10000.0
793	0.769	4.202	0.415	3.871	0.007	0.999	6000.0
794	0.72	3.693	0.449	3.864	0.02	0.997	6000.0
795	0.929	5.404	0.564	5.279	0.011	0.998	6000.0
796	0.325	1.777	0.216	1.859	0.005	1.0	6000.0
797	0.614	3.325	0.363	3.142	0.015	0.998	6000.0
798	0.852	4.715	0.498	4.658	0.015	0.998	6000.0
799	0.471	2.54	0.323	2.919	0.007	0.999	6000.0
800	1.796	9.885	0.962	9.072	0.019	0.994	6000.0
801	0.338	1.788	0.239	1.974	0.007	1.0	6000.0
802	0.822	4.773	0.504	4.491	0.016	0.998	6000.0
803	1.031	5.573	0.601	5.026	0.006	0.999	8000.0
804	0.661	3.432	0.417	3.969	0.017	0.997	6000.0
805	0.463	2.435	0.266	2.349	0.008	0.999	6000.0
806	0.731	4.186	0.422	3.914	0.006	0.999	7000.0
807	1.375	7.685	0.769	6.942	0.024	0.995	10000.0
808	0.706	4.157	0.446	4.082	0.008	0.999	6000.0
809	0.493	2.627	0.313	2.967	0.011	0.999	6000.0
810	0.2	1.088	0.122	1.077	0.005	1.0	6000.0
811	0.344	1.938	0.243	1.94	0.009	1.0	6000.0
812	0.267	1.5	0.189	1.711	0.007	1.0	6000.0
813	1.19	6.964	0.673	6.256	0.026	0.996	6000.0
814	0.612	3.487	0.357	2.902	0.014	0.999	6000.0
815	0.953	5.368	0.597	5.622	0.03	0.998	6000.0
816	1.263	7.722	0.824	7.138	0.017	0.992	6000.0
817	0.78	4.343	0.425	3.803	0.007	0.999	6000.0
818	0.532	2.854	0.303	2.633	0.008	1.0	6000.0
819	0.564	2.987	0.337	3.128	0.013	0.999	6000.0
820	0.385	2.036	0.252	2.167	0.006	1.0	6000.0
821	0.654	3.559	0.355	3.333	0.02	0.998	6000.0
822	0.667	3.583	0.435	3.304	0.016	0.999	6000.0
823	0.484	2.727	0.321	2.752	0.002	1.0	6000.0
824	1.022	5.75	0.59	5.557	0.013	0.998	6000.0
825	0.222	1.143	0.157	1.426	0.005	1.0	6000.0
826	0.807	4.687	0.434	3.67	0.015	0.999	6000.0
827	0.473	2.517	0.279	2.6	0.011	0.999	6000.0
828	1.484	7.849	0.84	7.757	0.014	0.996	6000.0
829	0.213	1.259	0.151	1.395	0.004	1.0	6000.0
830	1.056	6.068	0.541	5.326	0.015	0.996	6000.0
831	0.5	2.706	0.352	3.436	0.009	0.999	6000.0
832	0.7	4.051	0.385	3.406	0.007	0.999	14000.0
833	0.0	0.0	0.0	0.0	0.0	1.0	6000.0
834	1.156	6.523	0.817	8.514	0.039	0.991	6000.0
835	0.931	5.286	0.547	4.94	0.013	0.999	6000.0
836	1.36	7.802	0.767	7.326	0.013	0.995	6000.0
837	0.702	3.993	0.469	4.576	0.022	0.997	6000.0
838	0.4	2.173	0.283	2.871	0.009	0.999	6000.0
839	0.937	5.145	0.504	5.093	0.009	0.998	10000.0
840	0.372	1.98	0.252	2.148	0.007	0.999	6000.0
841	0.839	4.608	0.5	4.721	0.017	0.998	6000.0
842	0.217	1.271	0.134	1.302	0.003	1.0	9000.0
843	1.034	5.85	0.515	4.658	0.023	0.998	10000.0
844	0.912	5.156	0.571	5.102	0.012	0.998	6000.0
845	0.896	4.987	0.485	4.173	0.011	0.999	6000.0
846	0.733	3.86	0.42	3.473	0.014	0.999	6000.0
847	0.78	4.426	0.477	4.323	0.015	0.998	6000.0
848	0.389	2.251	0.275	2.551	0.012	0.999	6000.0
849	0.541	2.928	0.31	2.693	0.009	0.999	6000.0
850	0.977	5.473	0.501	4.904	0.012	0.998	6000.0
851	1.191	6.447	0.618	5.821	0.013	0.997	6000.0
852	0.957	5.446	0.666	6.004	0.031	0.994	6000.0
853	0.68	3.791	0.466	4.017	0.009	0.999	6000.0
854	0.313	1.873	0.206	1.868	0.002	1.0	6000.0
855	1.052	5.829	0.565	4.823	0.008	0.998	6000.0
856	0.915	5.455	0.493	4.873	0.008	0.997	6000.0
857	0.846	4.657	0.458	4.206	0.009	0.999	6000.0
858	0.795	4.454	0.47	4.338	0.015	0.998	6000.0
859	0.465	2.735	0.303	2.75	0.008	1.0	6000.0
860	1.301	7.309	0.749	7.03	0.038	0.993	6000.0
861	0.489	2.604	0.311	2.752	0.011	0.999	6000.0
862	0.921	5.478	0.597	5.111	0.012	0.999	6000.0
863	0.422	2.409	0.298	2.768	0.009	0.999	6000.0
864	0.267	1.558	0.163	1.314	0.011	1.0	6000.0
865	0.309	1.63	0.207	1.909	0.009	1.0	6000.0
866	1.021	5.869	0.607	5.87	0.006	0.998	6000.0
867	1.348	7.795	0.668	6.707	0.018	0.996	6000.0
868	0.709	4.068	0.393	3.563	0.005	0.999	6000.0
869	1.161	6.441	0.638	5.701	0.013	0.998	6000.0
870	0.774	4.337	0.417	4.165	0.007	0.998	6000.0
871	1.476	8.578	0.842	7.513	0.027	0.996	6000.0
872	0.434	2.46	0.296	2.519	0.011	0.999	6000.0
873	0.55	2.97	0.362	3.269	0.012	0.999	6000.0
874	0.428	2.455	0.24	2.203	0.003	1.0	6000.0
875	0.889	5.188	0.455	4.187	0.014	0.999	6000.0
876	1.033	6.079	0.609	5.664	0.012	0.997	6000.0
877	1.196	6.482	0.68	6.609	0.018	0.997	6000.0
878	0.535	2.953	0.321	2.89	0.008	0.999	6000.0
879	0.639	3.521	0.377	3.183	0.009	1.0	6000.0
880	0.571	3.212	0.316	3.003	0.007	0.999	6000.0
881	0.992	5.526	0.54	4.83	0.017	0.999	6000.0
882	0.32	1.795	0.226	2.088	0.011	0.999	6000.0
883	0.579	3.218	0.376	3.774	0.012	0.998	6000.0
884	0.658	3.677	0.429	4.012	0.013	0.998	6000.0
885	0.133	0.651	0.094	0.796	0.003	1.0	6000.0
886	1.017	5.823	0.624	5.978	0.027	0.996	6000.0
887	0.695	3.772	0.477	4.068	0.014	0.998	6000.0
888	1.058	5.943	0.585	5.418	0.018	0.997	12000.0
889	0.806	4.352	0.471	4.446	0.021	0.998	6000.0
890	1.564	8.788	0.827	8.183	0.032	0.992	14000.0
891	1.161	6.549	0.783	7.258	0.032	0.993	6000.0
892	0.463	2.56	0.297	2.87	0.009	0.999	6000.0
893	0.817	4.717	0.426	3.897	0.015	0.999	6000.0
894	0.567	3.086	0.401	3.438	0.013	0.999	6000.0
895	1.385	8.059	0.749	7.08	0.021	0.996	6000.0
896	0.44	2.386	0.257	2.126	0.005	1.0	6000.0
897	0.818	4.688	0.554	5.539	0.029	0.995	6000.0
898	0.71	4.313	0.455	4.108	0.003	0.998	6000.0
899	1.203	6.538	0.69	6.091	0.027	0.996	6000.0
900	0.551	3.092	0.352	3.223	0.012	0.999	10000.0
901	0.374	2.018	0.243	2.122	0.008	1.0	6000.0
902	0.918	5.062	0.508	4.797	0.01	0.998	6000.0
903	0.935	5.319	0.565	5.129	0.016	0.999	6000.0
904	0.618	3.525	0.333	3.405	0.014	0.998	10000.0
905	0.881	4.693	0.596	4.918	0.028	0.997	6000.0
906	0.525	2.855	0.299	2.75	0.006	0.999	6000.0
907	0.343	1.77	0.194	1.718	0.012	0.999	6000.0
908	0.317	1.778	0.224	1.796	0.008	1.0	6000.0
909	1.116	6.439	0.616	6.005	0.021	0.996	6000.0
910	0.311	1.556	0.207	1.674	0.006	1.0	6000.0
911	0.305	1.733	0.215	2.005	0.006	1.0	6000.0
912	0.531	2.796	0.334	3.132	0.011	0.999	6000.0
913	0.741	4.258	0.432	3.993	0.009	0.998	8000.0
914	0.362	1.979	0.234	2.264	0.008	0.999	6000.0
915	0.9	5.04	0.55	5.368	0.024	0.997	6000.0
916	0.742	4.274	0.43	4.24	0.014	0.998	6000.0
917	0.637	3.421	0.415	3.793	0.014	0.998	6000.0
918	0.946	5.224	0.519	4.728	0.015	0.998	6000.0
919	1.47	7.919	0.776	7.308	0.022	0.996	6000.0
920	0.863	4.957	0.46	4.517	0.007	0.998	6000.0
921	0.574	3.166	0.346	2.973	0.013	0.999	6000.0
922	0.463	2.808	0.279	2.587	0.008	0.999	6000.0
923	1.634	8.886	0.997	9.626	0.036	0.992	6000.0
924	0.1	0.516	0.071	0.683	0.002	1.0	6000.0
925	0.777	4.332	0.425	3.666	0.009	0.999	6000.0
926	0.852	4.993	0.48	4.571	0.014	0.998	6000.0
927	0.267	1.431	0.188	1.67	0.006	0.999	6000.0
928	0.894	4.678	0.425	3.665	0.013	0.998	6000.0
929	1.07	6.103	0.586	4.904	0.01	0.998	6000.0
930	0.821	4.501	0.489	4.982	0.021	0.997	6000.0
931	0.38	2.202	0.237	2.2	0.007	1.0	6000.0
932	0.178	0.983	0.109	1.087	0.002	1.0	9000.0
933	1.028	5.885	0.519	4.535	0.014	0.999	6000.0
934	0.807	4.526	0.484	4.225	0.015	0.999	6000.0
935	0.475	2.722	0.282	2.611	0.015	0.999	6000.0
936	1.025	5.844	0.517	4.939	0.015	0.997	6000.0
937	1.309	7.298	0.744	6.524	0.023	0.997	6000.0
938	0.934	5.33	0.509	4.697	0.011	0.998	6000.0
939	0.491	2.882	0.308	3.025	0.01	0.999	6000.0
940	0.749	4.332	0.456	4.07	0.003	0.999	6000.0
941	0.696	4.048	0.357	3.264	0.013	0.999	6000.0
942	0.955	5.42	0.534	5.158	0.024	0.998	6000.0
943	1.107	6.164	0.546	5.221	0.021	0.997	6000.0
944	0.642	3.52	0.396	3.198	0.002	0.999	6000.0
945	0.88	4.968	0.503	4.588	0.012	0.999	6000.0
946	0.849	4.774	0.451	4.081	0.006	0.999	6000.0
947	1.315	7.119	0.656	6.078	0.016	0.997	6000.0
948	0.858	4.654	0.499	4.598	0.02	0.998	6000.0
949	0.467	2.768	0.315	2.892	0.011	0.999	6000.0
950	0.226	1.302	0.154	1.452	0.005	1.0	6000.0
951	0.805	4.636	0.456	3.91	0.007	0.999	6000.0
952	0.523	2.857	0.315	2.68	0.011	0.999	6000.0
953	0.915	5.098	0.466	4.409	0.012	0.999	6000.0
954	0.764	4.451	0.449	4.025	0.007	0.999	6000.0
955	0.171	0.967	0.108	1.017	0.0	1.0	15000.0
956	0.973	5.344	0.561	4.817	0.014	0.998	6000.0
957	0.729	4.089	0.431	3.354	0.015	0.999	6000.0
958	0.446	2.482	0.307	3.08	0.009	0.999	6000.0
959	1.614	9.012	0.804	7.452	0.024	0.997	6000.0
960	0.893	4.993	0.585	5.505	0.024	0.998	6000.0
961	0.682	3.82	0.376	3.305	0.01	0.999	6000.0
962	1.259	7.134	0.711	6.239	0.013	0.998	6000.0
963	0.15	0.838	0.106	0.938	0.003	1.0	6000.0
964	0.988	5.251	0.571	5.281	0.021	0.996	6000.0
965	1.164	6.742	0.606	5.88	0.01	0.998	6000.0
966	0.955	5.418	0.51	4.837	0.008	0.998	6000.0
967	0.572	3.045	0.378	3.623	0.011	0.999	6000.0
968	0.662	3.922	0.388	3.784	0.003	0.999	6000.0
969	0.508	2.723	0.312	3.025	0.018	0.998	6000.0
970	1.17	6.618	0.683	6.577	0.014	0.997	6000.0
971	0.718	4.198	0.426	3.89	0.018	0.999	6000.0
972	1.048	5.71	0.646	6.502	0.027	0.996	6000.0
973	0.759	4.216	0.459	4.229	0.011	0.998	6000.0
974	0.581	3.313	0.363	3.202	0.011	0.999	7000.0
975	0.16	0.844	0.098	0.933	0.003	1.0	7000.0
976	1.525	8.668	0.74	6.694	0.029	0.996	6000.0
977	0.582	3.132	0.382	3.468	0.013	0.999	6000.0
978	0.52	2.878	0.368	3.341	0.012	0.999	6000.0
979	0.0	0.0	0.0	0.0	0.0	1.0	6000.0
980	1.218	6.876	0.698	6.387	0.031	0.997	6000.0
981	1.411	7.994	0.795	6.753	0.023	0.997	7000.0
982	0.49	2.645	0.311	2.965	0.012	0.999	6000.0
983	0.978	5.689	0.519	4.868	0.016	0.998	6000.0
984	0.591	3.39	0.349	3.074	0.009	0.999	6000.0
985	0.778	4.37	0.544	5.28	0.02	0.994	6000.0
986	1.041	6.01	0.577	5.461	0.02	0.997	6000.0
987	0.562	3.17	0.397	3.45	0.013	0.999	6000.0
988	0.511	2.823	0.318	3.006	0.007	0.999	6000.0
989	0.515	2.655	0.34	3.33	0.009	0.999	6000.0
990	0.507	2.791	0.286	2.688	0.011	0.999	6000.0
991	0.2	1.255	0.141	1.326	0.009	1.0	6000.0
992	0.489	2.787	0.345	3.045	0.01	0.999	6000.0
993	0.679	4.026	0.455	4.449	0.018	0.998	6000.0
994	0.493	2.966	0.306	2.929	0.001	1.0	6000.0
995	1.335	7.187	0.635	5.655	0.011	0.998	6000.0
996	0.705	3.971	0.364	3.291	0.008	0.999	6000.0
997	0.318	1.763	0.218	1.892	0.006	1.0	6000.0
998	0.905	5.087	0.529	4.845	0.007	0.998	6000.0
999	1.022	5.392	0.665	6.026	0.028	0.996	6000.0
1000	0.415	2.296	0.272	2.401	0.006	0.999	6000.0
