NMF_Replicate	L1	L1 %	L2	L2 %	KL Divergence	Correlation	Convergence Iterations
1	1.425	4.903	0.61	4.934	0.008	0.998	6000.0
2	1.454	4.965	0.712	5.636	0.005	0.998	6000.0
3	0.963	3.325	0.408	3.516	0.003	0.999	6000.0
4	1.821	6.282	0.945	7.117	0.016	0.996	6000.0
5	1.255	4.368	0.737	6.486	0.009	0.994	9000.0
6	1.779	6.097	0.802	6.392	0.01	0.997	6000.0
7	1.261	4.299	0.577	4.726	0.004	0.998	10000.0
8	0.867	2.974	0.459	3.718	0.004	0.999	15000.0
9	1.306	4.524	0.565	4.59	0.007	0.998	7000.0
10	1.587	5.424	0.697	5.12	0.01	0.998	6000.0
11	0.633	2.173	0.306	2.487	0.001	1.0	10000.0
12	1.241	4.259	0.545	4.391	0.003	0.999	6000.0
13	1.007	3.474	0.463	3.765	0.003	0.999	6000.0
14	0.535	1.82	0.276	2.062	0.004	1.0	6000.0
15	0.569	1.94	0.293	2.232	0.0	1.0	15000.0
16	2.092	7.15	0.961	7.514	0.008	0.996	8000.0
17	1.973	6.734	0.862	6.844	0.009	0.996	6000.0
18	1.526	5.211	0.701	5.943	0.008	0.996	10000.0
19	1.049	3.641	0.553	4.698	0.008	0.998	12000.0
20	0.203	0.699	0.107	0.824	0.0	1.0	12000.0
21	2.493	8.505	1.082	8.581	0.008	0.996	7000.0
22	1.099	3.743	0.523	4.232	0.004	0.998	7000.0
23	1.759	6.026	0.78	6.368	0.008	0.996	6000.0
24	2.159	7.414	1.037	8.543	0.008	0.994	6000.0
25	1.865	6.375	0.811	6.878	0.007	0.996	6000.0
26	1.552	5.298	0.717	5.586	0.004	0.998	6000.0
27	1.186	4.083	0.554	4.535	0.003	0.998	7000.0
28	1.168	3.992	0.578	4.504	0.005	0.998	7000.0
29	0.61	2.089	0.303	2.369	0.004	0.999	6000.0
30	1.451	4.934	0.664	5.1	0.009	0.998	6000.0
31	0.839	2.906	0.351	2.956	0.002	0.999	7000.0
32	1.566	5.392	0.737	6.042	0.008	0.997	8000.0
33	1.369	4.684	0.607	4.765	0.007	0.998	6000.0
34	0.924	3.15	0.451	3.65	0.005	0.999	6000.0
35	1.866	6.396	0.841	6.974	0.013	0.996	9000.0
36	0.669	2.279	0.358	2.698	0.001	0.999	8000.0
37	1.685	5.807	0.906	7.13	0.008	0.995	6000.0
38	1.17	3.993	0.581	4.549	0.005	0.997	6000.0
39	0.643	2.193	0.322	2.651	0.002	1.0	15000.0
40	0.636	2.161	0.295	2.287	0.0	1.0	9000.0
41	1.421	4.864	0.67	5.377	0.003	0.998	6000.0
42	0.779	2.637	0.359	2.813	0.002	0.999	8000.0
43	1.18	4.053	0.571	4.518	0.002	0.998	6000.0
44	1.272	4.365	0.564	4.522	0.007	0.998	6000.0
45	0.842	2.881	0.414	3.229	0.002	0.999	7000.0
46	0.882	3.019	0.409	3.105	0.002	0.999	6000.0
47	0.96	3.301	0.418	3.424	0.002	0.999	6000.0
48	1.225	4.165	0.638	4.98	0.002	0.998	9000.0
49	0.94	3.21	0.459	3.6	0.004	0.999	6000.0
50	1.7	5.771	0.741	5.73	0.007	0.998	6000.0
51	1.441	4.931	0.691	5.36	0.006	0.998	9000.0
52	1.898	6.523	0.832	6.913	0.005	0.996	6000.0
53	1.29	4.466	0.663	5.441	0.005	0.997	7000.0
54	0.462	1.59	0.245	1.975	0.0	1.0	11000.0
55	0.895	3.064	0.391	3.148	0.001	0.999	6000.0
56	1.341	4.549	0.713	5.417	0.006	0.997	6000.0
57	1.62	5.468	0.753	5.562	0.009	0.997	8000.0
58	1.165	4.02	0.562	4.626	0.004	0.998	8000.0
59	1.574	5.405	0.697	5.41	0.004	0.998	8000.0
60	0.799	2.756	0.362	3.017	0.001	0.999	16000.0
61	2.284	7.822	1.003	7.962	0.009	0.995	6000.0
62	0.911	3.114	0.449	3.7	0.004	0.999	7000.0
63	1.451	4.956	0.637	5.207	0.007	0.998	6000.0
64	1.303	4.41	0.549	4.459	0.006	0.998	6000.0
65	1.784	6.149	0.806	6.284	0.008	0.997	6000.0
66	1.402	4.827	0.687	5.474	0.004	0.997	7000.0
67	1.397	4.768	0.61	4.751	0.003	0.999	7000.0
68	1.464	4.992	0.76	6.241	0.004	0.997	6000.0
69	0.878	3.008	0.455	3.715	0.001	0.999	6000.0
70	0.433	1.477	0.194	1.506	0.001	1.0	13000.0
71	1.405	4.804	0.713	5.838	0.004	0.998	11000.0
72	1.503	5.117	0.689	5.777	0.004	0.997	6000.0
73	1.195	4.088	0.626	4.92	0.006	0.998	10000.0
74	1.377	4.727	0.799	6.554	0.009	0.993	10000.0
75	1.629	5.603	0.714	5.831	0.006	0.998	6000.0
76	1.458	4.966	0.689	5.284	0.006	0.998	6000.0
77	1.266	4.341	0.571	4.386	0.007	0.999	16000.0
78	1.251	4.29	0.597	4.751	0.004	0.998	6000.0
79	1.518	5.183	0.64	5.102	0.005	0.998	6000.0
80	1.819	6.229	0.933	7.451	0.01	0.995	6000.0
81	1.384	4.797	0.653	5.506	0.005	0.997	8000.0
82	1.398	4.785	0.635	5.029	0.005	0.998	12000.0
83	1.618	5.529	0.698	5.664	0.006	0.997	6000.0
84	1.397	4.752	0.746	5.663	0.006	0.998	6000.0
85	0.816	2.82	0.372	3.041	0.002	0.999	14000.0
86	1.615	5.522	0.814	6.294	0.005	0.997	6000.0
87	0.672	2.293	0.299	2.494	0.002	1.0	13000.0
88	1.012	3.481	0.462	3.911	0.004	0.999	7000.0
89	1.225	4.177	0.646	5.264	0.004	0.998	6000.0
90	1.085	3.707	0.526	4.253	0.004	0.999	18000.0
91	1.284	4.404	0.602	4.675	0.006	0.998	10000.0
92	0.739	2.536	0.338	2.678	0.001	0.999	8000.0
93	1.2	4.138	0.523	4.424	0.005	0.999	6000.0
94	1.113	3.824	0.54	4.558	0.003	0.998	6000.0
95	1.337	4.57	0.642	4.879	0.004	0.998	9000.0
96	1.352	4.642	0.63	5.118	0.004	0.998	6000.0
97	0.872	2.998	0.429	3.469	0.005	0.999	18000.0
98	1.32	4.517	0.599	4.966	0.005	0.998	10000.0
99	1.089	3.751	0.555	4.692	0.003	0.998	6000.0
100	1.408	4.827	0.658	5.644	0.004	0.997	6000.0
101	1.638	5.657	0.731	6.235	0.007	0.997	10000.0
102	0.453	1.539	0.204	1.64	0.0	1.0	20000.0
103	1.372	4.733	0.643	5.352	0.005	0.997	7000.0
104	0.972	3.333	0.451	3.642	0.002	0.999	6000.0
105	0.658	2.251	0.294	2.536	0.003	1.0	14000.0
106	1.31	4.468	0.608	4.93	0.003	0.998	8000.0
107	1.731	5.96	0.759	6.446	0.008	0.997	6000.0
108	0.799	2.722	0.358	2.938	0.004	0.999	12000.0
109	1.128	3.905	0.56	4.516	0.008	0.998	7000.0
110	2.491	8.492	1.206	9.355	0.011	0.994	6000.0
111	0.83	2.825	0.396	3.319	0.002	0.999	6000.0
112	1.175	4.049	0.657	5.444	0.005	0.997	14000.0
113	2.032	6.937	0.992	7.735	0.008	0.995	7000.0
114	1.615	5.544	0.788	6.435	0.011	0.997	6000.0
115	1.299	4.441	0.592	4.637	0.004	0.999	6000.0
116	0.759	2.604	0.366	3.011	0.003	0.999	10000.0
117	1.414	4.802	0.668	5.204	0.006	0.997	6000.0
118	1.427	4.886	0.642	5.441	0.003	0.998	9000.0
119	1.637	5.601	0.747	5.983	0.006	0.998	6000.0
120	0.425	1.466	0.232	1.901	0.0	1.0	11000.0
121	0.018	0.06	0.009	0.072	0.0	1.0	7000.0
122	1.366	4.709	0.612	4.968	0.005	0.998	7000.0
123	0.892	3.058	0.4	3.261	0.001	0.999	7000.0
124	1.268	4.287	0.651	4.842	0.003	0.998	6000.0
125	0.538	1.83	0.244	1.997	0.001	1.0	10000.0
126	0.453	1.552	0.244	1.944	0.001	1.0	6000.0
127	1.382	4.774	0.646	5.135	0.008	0.998	9000.0
128	1.605	5.441	0.752	5.766	0.009	0.997	7000.0
129	0.671	2.307	0.287	2.303	0.001	1.0	8000.0
130	1.399	4.751	0.702	5.248	0.003	0.998	14000.0
131	1.863	6.456	0.785	6.352	0.011	0.996	6000.0
132	1.225	4.254	0.574	4.729	0.005	0.998	6000.0
133	1.092	3.72	0.518	4.216	0.002	0.999	8000.0
134	1.283	4.396	0.601	4.515	0.004	0.998	9000.0
135	1.235	4.212	0.581	4.711	0.003	0.998	6000.0
136	1.219	4.116	0.518	4.014	0.006	0.999	6000.0
137	1.363	4.663	0.678	5.365	0.004	0.998	6000.0
138	0.977	3.324	0.499	4.042	0.001	0.999	6000.0
139	1.509	5.169	0.654	5.374	0.006	0.997	6000.0
140	0.938	3.246	0.424	3.361	0.001	0.999	6000.0
141	1.322	4.526	0.616	4.561	0.01	0.998	6000.0
142	1.0	3.445	0.501	4.037	0.006	0.999	6000.0
143	1.369	4.707	0.715	5.66	0.006	0.998	14000.0
144	0.813	2.782	0.39	3.065	0.004	1.0	19000.0
145	0.969	3.312	0.429	3.463	0.002	0.999	6000.0
146	1.697	5.769	0.937	7.493	0.01	0.994	6000.0
147	1.244	4.223	0.535	3.983	0.002	0.999	6000.0
148	2.193	7.506	1.047	8.182	0.011	0.996	6000.0
149	2.516	8.737	1.104	9.421	0.01	0.992	6000.0
150	2.145	7.362	0.994	7.717	0.008	0.996	6000.0
151	1.28	4.386	0.576	4.979	0.003	0.998	10000.0
152	1.73	5.969	0.754	6.076	0.004	0.997	6000.0
153	0.708	2.463	0.323	2.847	0.001	0.999	10000.0
154	0.772	2.634	0.334	2.691	0.001	1.0	6000.0
155	0.878	3.028	0.391	3.125	0.001	0.999	7000.0
156	0.768	2.632	0.361	2.88	0.004	1.0	6000.0
157	1.267	4.345	0.642	5.305	0.005	0.997	7000.0
158	1.321	4.569	0.541	4.527	0.006	0.999	10000.0
159	0.801	2.724	0.374	3.021	0.003	0.999	8000.0
160	1.606	5.495	0.694	5.988	0.004	0.997	6000.0
161	0.535	1.829	0.277	2.328	0.001	0.999	7000.0
162	0.894	3.048	0.412	3.137	0.003	0.999	6000.0
163	2.535	8.744	1.101	8.995	0.014	0.994	7000.0
164	1.173	4.037	0.517	4.083	0.005	0.999	6000.0
165	1.487	5.043	0.654	5.191	0.007	0.998	7000.0
166	0.944	3.244	0.453	3.888	0.002	0.998	6000.0
167	0.75	2.568	0.356	2.642	0.002	1.0	6000.0
168	0.863	2.946	0.444	3.627	0.003	0.999	10000.0
169	1.96	6.641	0.903	6.99	0.01	0.996	6000.0
170	1.037	3.558	0.462	3.672	0.004	0.999	6000.0
171	0.6	2.029	0.298	2.268	0.002	1.0	6000.0
172	1.308	4.474	0.711	5.952	0.015	0.997	6000.0
173	1.012	3.487	0.438	3.675	0.002	0.999	6000.0
174	1.31	4.495	0.56	4.687	0.004	0.998	6000.0
175	1.568	5.38	0.813	6.802	0.006	0.996	7000.0
176	0.484	1.669	0.22	1.905	0.0	1.0	11000.0
177	0.717	2.495	0.341	2.885	0.001	0.999	6000.0
178	0.971	3.27	0.426	3.323	0.003	0.999	6000.0
179	1.164	3.953	0.511	4.075	0.004	0.999	6000.0
180	0.912	3.146	0.421	3.481	0.005	0.999	6000.0
181	1.119	3.859	0.547	4.599	0.006	0.998	7000.0
182	0.965	3.278	0.443	3.609	0.001	0.999	6000.0
183	1.092	3.772	0.451	3.695	0.003	0.999	6000.0
184	0.979	3.344	0.425	3.255	0.003	0.999	8000.0
185	1.428	4.89	0.689	5.785	0.006	0.995	6000.0
186	0.897	3.099	0.394	3.138	0.002	0.999	6000.0
187	0.543	1.85	0.267	1.97	0.0	1.0	6000.0
188	0.839	2.864	0.386	3.244	0.001	0.999	7000.0
189	0.931	3.206	0.466	3.691	0.003	0.999	6000.0
190	1.618	5.579	0.74	5.572	0.011	0.997	6000.0
191	1.25	4.282	0.517	4.097	0.005	0.999	6000.0
192	0.863	2.949	0.441	3.497	0.004	0.999	7000.0
193	1.715	5.922	0.791	6.168	0.004	0.997	6000.0
194	1.232	4.206	0.589	4.504	0.002	0.999	7000.0
195	1.467	5.11	0.637	5.008	0.008	0.997	6000.0
196	1.003	3.438	0.431	3.42	0.002	0.999	26000.0
197	0.564	1.951	0.294	2.248	0.001	1.0	10000.0
198	0.456	1.548	0.218	1.74	0.0	1.0	21000.0
199	0.386	1.356	0.219	1.871	0.001	0.999	6000.0
200	0.38	1.306	0.191	1.644	0.0	1.0	14000.0
201	0.506	1.724	0.266	2.108	0.0	1.0	12000.0
202	1.123	3.838	0.566	4.648	0.008	0.998	6000.0
203	1.454	4.921	0.706	5.625	0.004	0.997	7000.0
204	1.322	4.54	0.607	4.936	0.005	0.998	6000.0
205	0.849	2.897	0.418	3.442	0.004	0.999	9000.0
206	1.42	4.9	0.657	5.374	0.009	0.997	6000.0
207	1.147	3.915	0.591	4.287	0.004	0.999	7000.0
208	0.716	2.466	0.393	3.164	0.004	0.999	15000.0
209	0.438	1.501	0.231	1.774	0.0	1.0	6000.0
210	0.261	0.898	0.126	1.112	0.0	1.0	19000.0
211	1.272	4.292	0.614	4.957	0.004	0.997	6000.0
212	1.477	5.056	0.692	4.907	0.009	0.998	6000.0
213	1.148	3.874	0.514	3.947	0.004	0.999	13000.0
214	1.319	4.474	0.652	5.048	0.004	0.997	7000.0
215	1.016	3.484	0.479	3.78	0.005	0.999	6000.0
216	0.56	1.921	0.249	1.89	0.001	1.0	6000.0
217	0.896	3.072	0.44	3.544	0.002	0.999	6000.0
218	1.409	4.878	0.65	5.253	0.007	0.997	6000.0
219	2.187	7.519	0.957	7.463	0.01	0.996	6000.0
220	0.63	2.167	0.29	2.282	0.001	1.0	6000.0
221	0.855	2.909	0.386	2.934	0.002	1.0	10000.0
222	0.555	1.886	0.269	2.003	0.001	1.0	6000.0
223	1.514	5.198	0.744	5.933	0.004	0.998	6000.0
224	1.156	3.973	0.503	4.034	0.007	0.999	9000.0
225	1.445	4.977	0.692	5.399	0.005	0.998	6000.0
226	1.4	4.877	0.618	4.903	0.008	0.998	6000.0
227	1.122	3.812	0.516	4.091	0.002	0.999	6000.0
228	0.626	2.126	0.281	2.247	0.002	0.999	6000.0
229	0.753	2.583	0.347	2.874	0.001	1.0	7000.0
230	1.127	3.84	0.499	4.008	0.004	0.999	6000.0
231	0.242	0.814	0.126	0.864	0.001	1.0	6000.0
232	1.473	5.081	0.691	5.55	0.006	0.997	6000.0
233	1.068	3.614	0.498	3.874	0.006	0.998	6000.0
234	1.541	5.312	0.711	5.596	0.007	0.998	14000.0
235	1.471	5.06	0.677	5.27	0.007	0.998	6000.0
236	1.089	3.702	0.552	4.44	0.005	0.998	6000.0
237	1.545	5.305	0.765	6.193	0.004	0.997	6000.0
238	1.635	5.549	0.872	6.62	0.01	0.997	21000.0
239	0.754	2.591	0.363	2.893	0.003	0.999	7000.0
240	1.185	4.05	0.524	3.768	0.006	0.999	6000.0
241	1.147	3.887	0.604	4.777	0.003	0.997	8000.0
242	1.461	4.975	0.692	5.546	0.004	0.997	10000.0
243	1.283	4.381	0.571	4.745	0.004	0.998	6000.0
244	1.314	4.514	0.662	4.992	0.007	0.998	7000.0
245	0.712	2.415	0.314	2.467	0.003	1.0	7000.0
246	1.132	3.905	0.52	4.156	0.004	0.999	6000.0
247	0.849	2.909	0.402	3.38	0.002	0.999	6000.0
248	1.202	4.186	0.621	4.843	0.005	0.998	6000.0
249	1.839	6.304	0.727	6.041	0.008	0.998	6000.0
250	1.606	5.509	0.742	5.789	0.004	0.998	11000.0
251	1.456	4.94	0.663	5.374	0.006	0.997	8000.0
252	0.683	2.316	0.329	2.582	0.001	1.0	9000.0
253	1.284	4.396	0.589	4.5	0.005	0.999	6000.0
254	0.948	3.261	0.48	3.997	0.003	0.999	18000.0
255	0.679	2.309	0.281	2.248	0.002	1.0	13000.0
256	1.554	5.322	0.707	5.765	0.005	0.997	6000.0
257	1.523	5.228	0.736	5.925	0.005	0.997	7000.0
258	0.518	1.756	0.241	1.931	0.001	1.0	6000.0
259	1.416	4.859	0.623	5.329	0.004	0.998	6000.0
260	1.627	5.573	0.73	6.082	0.008	0.997	6000.0
261	2.349	8.069	1.021	8.239	0.01	0.995	6000.0
262	1.548	5.333	0.657	4.825	0.008	0.998	6000.0
263	1.573	5.396	0.769	6.245	0.007	0.997	7000.0
264	1.512	5.161	0.667	5.216	0.01	0.998	10000.0
265	1.547	5.277	0.694	5.287	0.005	0.998	7000.0
266	1.118	3.811	0.576	4.978	0.004	0.997	10000.0
267	1.106	3.852	0.517	4.243	0.004	0.998	6000.0
268	1.938	6.636	0.899	7.21	0.007	0.996	7000.0
269	0.967	3.321	0.49	3.976	0.005	0.999	6000.0
270	1.432	4.946	0.635	5.204	0.005	0.998	8000.0
271	1.787	6.082	0.901	7.073	0.005	0.997	8000.0
272	0.952	3.283	0.423	3.716	0.004	0.999	8000.0
273	0.761	2.612	0.403	2.906	0.003	0.999	6000.0
274	0.859	2.92	0.474	3.788	0.004	0.998	16000.0
275	0.478	1.617	0.21	1.729	0.002	1.0	9000.0
276	0.402	1.389	0.195	1.649	0.0	1.0	7000.0
277	1.238	4.207	0.579	4.667	0.004	0.998	11000.0
278	1.787	6.129	0.869	7.532	0.016	0.994	6000.0
279	1.003	3.451	0.449	3.77	0.003	0.999	6000.0
280	2.296	7.834	1.079	8.589	0.01	0.995	7000.0
281	2.242	7.636	0.99	7.757	0.007	0.997	6000.0
282	0.785	2.685	0.381	3.02	0.003	1.0	12000.0
283	1.374	4.715	0.581	4.914	0.005	0.998	9000.0
284	1.072	3.644	0.48	3.66	0.003	0.999	7000.0
285	1.563	5.337	0.728	5.572	0.006	0.998	6000.0
286	1.264	4.318	0.622	5.301	0.006	0.997	7000.0
287	1.525	5.243	0.681	5.582	0.01	0.998	6000.0
288	2.102	7.151	0.992	8.122	0.007	0.995	6000.0
289	0.075	0.256	0.04	0.331	0.0	1.0	10000.0
290	0.442	1.509	0.222	1.776	0.002	1.0	7000.0
291	1.655	5.676	0.772	6.121	0.005	0.998	14000.0
292	1.953	6.735	0.941	7.521	0.018	0.995	7000.0
293	1.301	4.409	0.667	5.268	0.003	0.998	11000.0
294	0.653	2.266	0.34	2.913	0.001	0.999	8000.0
295	1.011	3.463	0.459	3.741	0.003	0.999	6000.0
296	1.236	4.234	0.572	4.56	0.006	0.998	7000.0
297	0.972	3.326	0.451	3.539	0.002	0.999	7000.0
298	0.444	1.526	0.219	1.617	0.002	1.0	8000.0
299	1.735	5.943	0.757	6.137	0.007	0.997	6000.0
300	2.258	7.711	1.008	7.689	0.017	0.996	6000.0
301	1.99	6.731	0.959	7.266	0.009	0.996	12000.0
302	1.553	5.309	0.727	5.635	0.008	0.998	6000.0
303	0.574	1.97	0.333	2.477	0.003	0.999	6000.0
304	1.218	4.213	0.595	4.946	0.006	0.999	6000.0
305	0.847	2.9	0.413	3.478	0.007	0.999	7000.0
306	0.074	0.252	0.039	0.332	0.0	1.0	10000.0
307	2.299	7.989	1.115	9.306	0.021	0.989	6000.0
308	1.427	4.868	0.6	4.67	0.004	0.998	6000.0
309	1.775	6.046	0.825	6.479	0.006	0.996	8000.0
310	0.686	2.334	0.34	2.64	0.001	1.0	7000.0
311	1.468	5.041	0.761	6.15	0.005	0.997	9000.0
312	0.371	1.257	0.185	1.464	0.0	1.0	8000.0
313	2.195	7.53	1.045	8.356	0.011	0.994	6000.0
314	1.401	4.844	0.654	5.316	0.004	0.998	6000.0
315	0.755	2.597	0.357	2.898	0.001	0.999	6000.0
316	0.627	2.174	0.333	2.869	0.002	0.999	6000.0
317	1.716	5.854	0.766	6.098	0.004	0.997	6000.0
318	1.328	4.507	0.67	5.565	0.005	0.997	6000.0
319	1.28	4.378	0.584	4.715	0.005	0.998	12000.0
320	0.785	2.651	0.355	2.684	0.002	1.0	8000.0
321	1.73	5.944	0.706	5.962	0.003	0.997	14000.0
322	1.203	4.107	0.568	4.221	0.005	0.999	6000.0
323	0.869	2.971	0.452	3.6	0.003	0.999	6000.0
324	1.002	3.39	0.444	3.264	0.003	0.999	9000.0
325	1.722	5.935	0.837	7.2	0.009	0.997	7000.0
326	0.923	3.158	0.53	4.188	0.004	0.999	11000.0
327	0.909	3.091	0.404	2.989	0.003	0.999	6000.0
328	0.847	2.912	0.389	3.155	0.002	0.999	10000.0
329	1.709	5.774	0.765	5.518	0.006	0.997	6000.0
330	0.68	2.339	0.333	2.682	0.003	1.0	17000.0
331	1.808	6.202	0.788	6.062	0.006	0.998	6000.0
332	1.303	4.484	0.552	4.376	0.004	0.999	6000.0
333	0.784	2.674	0.369	2.782	0.001	1.0	15000.0
334	2.358	8.079	1.103	9.21	0.012	0.994	11000.0
335	0.389	1.331	0.181	1.396	0.0	1.0	6000.0
336	1.692	5.777	0.81	6.326	0.007	0.996	6000.0
337	1.11	3.811	0.559	4.299	0.007	0.998	6000.0
338	1.519	5.242	0.768	6.026	0.006	0.997	6000.0
339	1.802	6.179	0.818	6.706	0.006	0.996	6000.0
340	0.91	3.116	0.424	3.483	0.003	0.999	6000.0
341	0.853	2.942	0.37	2.867	0.002	0.999	7000.0
342	1.198	4.112	0.492	4.038	0.002	0.999	6000.0
343	0.926	3.145	0.487	4.046	0.003	0.999	12000.0
344	1.12	3.826	0.56	4.578	0.004	0.999	10000.0
345	2.612	8.921	1.175	9.243	0.011	0.995	6000.0
346	1.257	4.325	0.689	5.762	0.011	0.997	6000.0
347	0.925	3.151	0.427	3.044	0.003	0.999	16000.0
348	0.85	2.937	0.437	3.117	0.003	0.999	6000.0
349	1.245	4.228	0.58	4.621	0.004	0.998	8000.0
350	0.695	2.378	0.338	2.855	0.002	0.999	6000.0
351	1.322	4.56	0.658	5.406	0.005	0.997	8000.0
352	1.249	4.247	0.581	4.477	0.006	0.999	6000.0
353	0.756	2.582	0.373	3.111	0.002	0.999	8000.0
354	0.464	1.609	0.203	1.67	0.001	1.0	6000.0
355	1.14	3.966	0.609	5.078	0.006	0.997	6000.0
356	1.29	4.337	0.678	5.294	0.005	0.997	6000.0
357	0.56	1.922	0.255	2.168	0.0	1.0	8000.0
358	1.411	4.806	0.616	4.82	0.003	0.998	6000.0
359	0.795	2.73	0.384	2.892	0.002	1.0	13000.0
360	1.062	3.627	0.509	4.069	0.003	0.999	6000.0
361	1.446	4.946	0.72	5.732	0.007	0.998	6000.0
362	1.667	5.718	0.766	6.152	0.011	0.998	6000.0
363	1.073	3.659	0.469	3.652	0.003	0.999	6000.0
364	1.089	3.766	0.489	4.108	0.002	0.999	6000.0
365	0.439	1.492	0.213	1.733	0.001	1.0	16000.0
366	0.883	3.072	0.395	3.407	0.002	0.999	12000.0
367	0.698	2.386	0.349	2.729	0.001	1.0	10000.0
368	0.637	2.189	0.317	2.679	0.004	1.0	10000.0
369	0.719	2.45	0.34	2.744	0.002	0.999	6000.0
370	1.049	3.636	0.528	4.296	0.003	0.998	6000.0
371	1.258	4.333	0.579	4.788	0.005	0.998	6000.0
372	1.704	5.827	0.765	5.949	0.009	0.997	6000.0
373	0.975	3.337	0.501	3.831	0.004	0.999	6000.0
374	1.137	3.851	0.515	4.046	0.002	0.999	15000.0
375	0.882	3.033	0.406	3.207	0.002	0.999	6000.0
376	1.02	3.472	0.476	4.08	0.002	0.999	6000.0
377	1.738	5.927	0.786	5.873	0.009	0.997	6000.0
378	0.672	2.315	0.326	2.516	0.003	1.0	6000.0
379	1.79	6.122	0.804	6.168	0.012	0.998	7000.0
380	0.291	1.004	0.135	1.148	0.0	1.0	6000.0
381	1.349	4.584	0.616	4.83	0.007	0.998	6000.0
382	1.293	4.474	0.601	4.979	0.003	0.998	6000.0
383	1.111	3.817	0.502	4.159	0.003	0.999	7000.0
384	1.691	5.772	0.793	6.335	0.007	0.997	8000.0
385	1.341	4.583	0.583	4.762	0.003	0.998	6000.0
386	0.814	2.786	0.384	3.07	0.001	0.999	6000.0
387	2.123	7.264	0.931	7.393	0.015	0.996	6000.0
388	0.265	0.909	0.131	1.071	0.0	1.0	17000.0
389	1.021	3.51	0.474	4.071	0.008	0.998	6000.0
390	1.27	4.311	0.676	5.368	0.005	0.998	8000.0
391	1.417	4.77	0.632	5.059	0.004	0.997	7000.0
392	1.613	5.515	0.762	5.995	0.008	0.996	6000.0
393	1.015	3.47	0.491	3.9	0.002	0.999	7000.0
394	0.938	3.214	0.451	3.457	0.006	0.999	6000.0
395	1.01	3.436	0.521	3.865	0.003	0.999	6000.0
396	0.819	2.815	0.376	3.039	0.002	0.999	14000.0
397	1.41	4.796	0.702	5.521	0.006	0.997	6000.0
398	0.941	3.21	0.435	3.306	0.002	0.999	6000.0
399	0.74	2.522	0.327	2.576	0.002	1.0	6000.0
400	1.285	4.373	0.622	5.194	0.005	0.998	7000.0
401	1.767	6.075	0.828	6.988	0.006	0.996	6000.0
402	1.429	4.904	0.611	4.932	0.007	0.998	6000.0
403	0.992	3.382	0.535	4.157	0.002	0.998	6000.0
404	1.736	5.952	0.797	6.478	0.006	0.997	14000.0
405	1.123	3.886	0.517	4.259	0.005	0.998	6000.0
406	1.995	6.88	0.867	7.135	0.01	0.996	6000.0
407	1.171	4.016	0.518	4.114	0.003	0.998	6000.0
408	1.727	5.927	0.927	7.989	0.008	0.995	6000.0
409	0.949	3.252	0.444	3.488	0.003	0.999	7000.0
410	1.362	4.67	0.655	5.181	0.006	0.998	20000.0
411	0.859	2.926	0.413	3.26	0.002	0.999	10000.0
412	0.905	3.128	0.413	3.449	0.002	0.998	6000.0
413	1.074	3.696	0.483	4.027	0.003	0.999	6000.0
414	0.628	2.165	0.322	2.742	0.002	0.999	11000.0
415	0.324	1.111	0.149	1.215	0.0	1.0	6000.0
416	1.793	6.143	0.812	6.629	0.005	0.997	6000.0
417	1.731	5.972	0.781	6.304	0.008	0.997	6000.0
418	1.568	5.406	0.796	6.504	0.007	0.996	6000.0
419	0.726	2.485	0.362	2.761	0.001	1.0	15000.0
420	1.165	3.968	0.51	4.063	0.004	0.999	6000.0
421	1.614	5.576	0.803	6.63	0.011	0.996	10000.0
422	1.32	4.551	0.66	5.097	0.007	0.997	10000.0
423	1.251	4.301	0.549	4.685	0.004	0.998	6000.0
424	1.176	4.097	0.54	4.574	0.004	0.998	25000.0
425	1.108	3.807	0.52	4.091	0.005	0.999	11000.0
426	1.98	6.776	0.954	7.617	0.006	0.996	6000.0
427	1.93	6.63	0.861	6.425	0.008	0.997	8000.0
428	2.01	6.814	0.956	7.316	0.011	0.996	6000.0
429	1.862	6.402	0.815	6.777	0.007	0.997	6000.0
430	1.321	4.508	0.7	5.738	0.004	0.997	6000.0
431	1.597	5.425	0.746	5.938	0.013	0.997	10000.0
432	1.074	3.692	0.472	3.812	0.004	0.999	10000.0
433	0.676	2.311	0.321	2.547	0.001	1.0	8000.0
434	1.158	3.916	0.526	4.003	0.003	0.998	6000.0
435	1.441	4.923	0.65	5.173	0.005	0.998	6000.0
436	1.293	4.376	0.592	4.528	0.006	0.998	6000.0
437	0.66	2.273	0.317	2.528	0.001	1.0	6000.0
438	1.133	3.897	0.529	4.261	0.004	0.998	6000.0
439	1.212	4.162	0.524	4.113	0.005	0.999	11000.0
440	1.6	5.531	0.757	6.121	0.006	0.998	10000.0
441	1.688	5.73	0.807	5.942	0.006	0.997	7000.0
442	1.304	4.453	0.588	4.244	0.004	0.998	6000.0
443	1.274	4.383	0.681	5.359	0.005	0.997	6000.0
444	1.743	5.995	0.785	6.676	0.008	0.996	7000.0
445	0.906	3.124	0.448	3.451	0.007	0.999	11000.0
446	1.285	4.402	0.553	4.292	0.006	0.998	6000.0
447	2.154	7.372	1.033	7.966	0.005	0.996	6000.0
448	1.27	4.355	0.584	4.717	0.006	0.998	6000.0
449	1.51	5.192	0.776	6.645	0.004	0.996	9000.0
450	1.626	5.598	0.733	5.888	0.01	0.998	8000.0
451	2.105	7.26	1.091	8.937	0.011	0.992	6000.0
452	1.516	5.18	0.726	6.013	0.009	0.997	6000.0
453	1.404	4.795	0.669	5.214	0.003	0.997	8000.0
454	1.066	3.63	0.445	3.383	0.004	0.999	8000.0
455	1.624	5.531	0.721	5.594	0.005	0.998	7000.0
456	0.935	3.19	0.417	3.323	0.001	1.0	6000.0
457	1.517	5.169	0.755	5.59	0.007	0.998	6000.0
458	1.242	4.26	0.537	4.384	0.003	0.998	7000.0
459	1.441	4.934	0.669	5.404	0.007	0.998	8000.0
460	1.872	6.465	0.807	6.552	0.007	0.997	6000.0
461	0.823	2.802	0.463	3.587	0.008	0.999	6000.0
462	1.672	5.739	0.892	7.34	0.006	0.996	6000.0
463	1.383	4.754	0.625	5.024	0.004	0.998	14000.0
464	1.925	6.607	0.778	6.203	0.007	0.997	6000.0
465	1.921	6.54	0.887	7.053	0.006	0.995	7000.0
466	1.432	4.954	0.679	5.748	0.004	0.996	6000.0
467	1.347	4.623	0.614	5.084	0.005	0.998	6000.0
468	0.532	1.841	0.277	2.4	0.002	0.999	20000.0
469	0.944	3.247	0.502	3.794	0.002	0.999	6000.0
470	1.084	3.715	0.474	3.819	0.003	0.999	13000.0
471	1.441	4.893	0.718	5.988	0.007	0.997	8000.0
472	1.708	5.815	0.85	6.751	0.007	0.996	6000.0
473	0.624	2.149	0.322	2.598	0.002	0.999	7000.0
474	1.869	6.368	0.877	6.53	0.015	0.997	11000.0
475	1.427	4.877	0.665	5.012	0.006	0.998	6000.0
476	0.946	3.234	0.429	3.479	0.003	0.999	6000.0
477	0.136	0.464	0.071	0.56	0.0	1.0	6000.0
478	0.617	2.13	0.295	2.435	0.003	1.0	6000.0
479	2.359	8.096	1.131	9.002	0.016	0.994	6000.0
480	0.99	3.383	0.436	3.346	0.003	0.999	8000.0
481	0.576	1.988	0.271	2.319	0.001	1.0	12000.0
482	1.361	4.703	0.678	5.41	0.003	0.998	6000.0
483	1.372	4.621	0.622	4.951	0.007	0.997	6000.0
484	0.936	3.216	0.412	3.342	0.002	0.999	6000.0
485	1.473	5.048	0.686	5.918	0.007	0.997	6000.0
486	1.196	4.108	0.504	4.09	0.002	0.998	6000.0
487	0.734	2.516	0.351	2.937	0.003	1.0	6000.0
488	1.058	3.588	0.498	3.813	0.003	0.999	6000.0
489	0.969	3.279	0.423	3.332	0.005	0.999	9000.0
490	0.876	3.036	0.377	3.036	0.002	0.999	6000.0
491	1.104	3.781	0.476	3.963	0.003	0.999	6000.0
492	0.726	2.495	0.309	2.644	0.001	1.0	9000.0
493	1.278	4.412	0.593	4.968	0.007	0.998	6000.0
494	0.902	3.048	0.44	3.537	0.002	0.999	8000.0
495	0.593	2.016	0.295	2.212	0.004	1.0	6000.0
496	1.011	3.48	0.51	3.97	0.002	0.999	7000.0
497	1.294	4.421	0.612	4.636	0.004	0.998	6000.0
498	0.987	3.361	0.469	3.399	0.003	0.999	8000.0
499	0.973	3.344	0.464	3.847	0.002	0.999	7000.0
500	0.27	0.912	0.159	1.351	0.001	1.0	6000.0
501	1.056	3.635	0.612	4.885	0.006	0.998	8000.0
502	1.046	3.597	0.482	3.695	0.003	0.999	22000.0
503	0.642	2.205	0.314	2.659	0.001	0.999	9000.0
504	1.4	4.742	0.582	4.524	0.005	0.998	10000.0
505	1.841	6.314	0.847	7.189	0.004	0.996	6000.0
506	0.684	2.323	0.35	2.804	0.003	0.999	6000.0
507	2.265	7.73	1.03	8.221	0.012	0.995	14000.0
508	0.769	2.633	0.406	3.453	0.001	0.999	6000.0
509	0.815	2.787	0.377	3.209	0.004	0.999	6000.0
510	1.132	3.864	0.521	4.139	0.005	0.999	7000.0
511	1.359	4.637	0.62	4.761	0.004	0.999	6000.0
512	1.663	5.682	0.794	6.301	0.006	0.997	6000.0
513	1.289	4.407	0.571	4.541	0.004	0.998	11000.0
514	1.406	4.827	0.603	5.049	0.003	0.998	12000.0
515	1.312	4.534	0.616	4.871	0.006	0.997	7000.0
516	0.963	3.318	0.447	3.566	0.005	0.999	10000.0
517	1.108	3.817	0.512	4.204	0.006	0.999	6000.0
518	1.165	3.953	0.622	4.878	0.008	0.997	7000.0
519	1.464	5.011	0.746	5.81	0.005	0.997	6000.0
520	0.994	3.417	0.46	3.947	0.004	0.999	9000.0
521	2.079	7.108	0.905	7.224	0.013	0.997	6000.0
522	0.318	1.092	0.156	1.312	0.0	1.0	16000.0
523	1.397	4.755	0.768	5.679	0.003	0.998	10000.0
524	0.786	2.666	0.388	3.158	0.003	0.999	7000.0
525	1.572	5.347	0.665	5.064	0.007	0.998	6000.0
526	1.109	3.815	0.512	4.111	0.002	0.999	12000.0
527	1.015	3.505	0.475	3.867	0.001	0.999	13000.0
528	1.834	6.241	0.889	7.01	0.006	0.996	7000.0
529	1.955	6.666	0.887	7.046	0.013	0.995	6000.0
530	0.863	2.931	0.374	2.967	0.003	0.999	8000.0
531	1.334	4.556	0.59	4.614	0.004	0.999	9000.0
532	1.884	6.449	0.889	7.096	0.006	0.996	6000.0
533	1.032	3.487	0.492	3.936	0.003	0.999	12000.0
534	0.393	1.327	0.175	1.396	0.0	1.0	6000.0
535	0.719	2.445	0.349	2.723	0.001	1.0	7000.0
536	1.144	3.916	0.589	4.504	0.009	0.998	6000.0
537	1.94	6.627	0.89	6.814	0.012	0.997	6000.0
538	0.857	2.946	0.397	3.294	0.001	0.999	6000.0
539	1.034	3.566	0.482	3.74	0.003	0.999	6000.0
540	2.071	7.073	0.96	7.472	0.005	0.996	11000.0
541	1.309	4.529	0.694	5.828	0.003	0.997	7000.0
542	0.733	2.494	0.332	2.621	0.002	0.999	6000.0
543	1.208	4.145	0.625	4.942	0.008	0.998	6000.0
544	0.788	2.732	0.39	3.152	0.001	0.999	9000.0
545	1.27	4.326	0.673	5.363	0.006	0.998	6000.0
546	0.848	2.922	0.395	3.3	0.001	0.999	7000.0
547	0.765	2.616	0.427	3.128	0.002	0.999	11000.0
548	1.681	5.742	0.753	5.867	0.004	0.998	7000.0
549	2.303	7.949	1.105	8.853	0.009	0.995	8000.0
550	0.661	2.27	0.309	2.567	0.001	0.999	6000.0
551	1.068	3.651	0.488	3.97	0.004	0.999	6000.0
552	0.451	1.526	0.215	1.706	0.0	1.0	6000.0
553	1.759	5.995	0.859	6.82	0.008	0.997	6000.0
554	1.498	5.107	0.764	5.863	0.014	0.996	7000.0
555	0.961	3.282	0.426	3.603	0.002	0.999	6000.0
556	0.866	2.947	0.427	3.342	0.002	0.999	7000.0
557	1.18	4.093	0.538	4.647	0.008	0.998	9000.0
558	0.531	1.814	0.264	2.048	0.001	1.0	6000.0
559	0.362	1.244	0.174	1.448	0.0	1.0	9000.0
560	1.318	4.498	0.585	4.713	0.002	0.998	12000.0
561	0.963	3.299	0.49	3.941	0.005	0.999	6000.0
562	0.693	2.39	0.315	2.715	0.001	1.0	7000.0
563	0.717	2.45	0.346	2.892	0.001	0.999	10000.0
564	0.657	2.246	0.301	2.439	0.001	1.0	6000.0
565	0.836	2.873	0.401	3.326	0.001	0.999	7000.0
566	1.414	4.827	0.749	5.983	0.006	0.997	6000.0
567	1.056	3.625	0.534	4.443	0.003	0.998	7000.0
568	1.435	4.864	0.698	5.236	0.006	0.998	8000.0
569	1.384	4.818	0.651	5.076	0.01	0.998	11000.0
570	1.006	3.443	0.469	3.813	0.002	0.999	6000.0
571	1.669	5.733	0.78	6.176	0.008	0.997	6000.0
572	1.399	4.777	0.61	4.913	0.002	0.999	6000.0
573	0.952	3.26	0.455	3.648	0.001	0.999	8000.0
574	2.069	7.079	0.97	7.901	0.007	0.996	6000.0
575	1.497	5.142	0.712	5.958	0.004	0.997	6000.0
576	1.965	6.725	0.883	7.208	0.011	0.996	10000.0
577	1.202	4.138	0.606	5.185	0.005	0.998	6000.0
578	1.422	4.86	0.656	5.371	0.005	0.997	10000.0
579	0.336	1.14	0.147	1.158	0.0	1.0	25000.0
580	1.228	4.195	0.546	4.258	0.005	0.998	7000.0
581	1.118	3.858	0.501	4.107	0.003	0.998	6000.0
582	2.333	8.072	1.037	8.464	0.011	0.994	6000.0
583	0.828	2.824	0.425	3.433	0.007	0.999	12000.0
584	0.644	2.173	0.308	2.367	0.003	1.0	7000.0
585	1.084	3.721	0.542	4.512	0.004	0.999	9000.0
586	1.392	4.782	0.59	4.84	0.004	0.999	6000.0
587	1.406	4.77	0.603	4.837	0.006	0.998	6000.0
588	0.906	3.112	0.432	3.423	0.001	0.999	15000.0
589	0.776	2.651	0.39	3.249	0.002	0.999	30000.0
590	1.489	5.087	0.666	5.476	0.004	0.998	8000.0
591	0.831	2.854	0.452	3.635	0.007	0.999	6000.0
592	1.55	5.358	0.734	5.968	0.005	0.997	9000.0
593	1.33	4.56	0.595	4.809	0.007	0.998	6000.0
594	1.378	4.716	0.62	5.219	0.005	0.998	6000.0
595	1.01	3.486	0.522	4.272	0.004	0.998	6000.0
596	0.584	1.999	0.274	2.178	0.002	1.0	13000.0
597	1.559	5.347	0.708	5.582	0.009	0.998	6000.0
598	2.834	9.667	1.345	10.94	0.013	0.993	6000.0
599	2.246	7.738	1.172	9.41	0.011	0.993	7000.0
600	1.089	3.686	0.496	4.008	0.002	0.999	11000.0
601	0.761	2.589	0.406	3.048	0.004	0.999	6000.0
602	1.368	4.669	0.742	5.666	0.006	0.997	8000.0
603	1.525	5.216	0.715	5.717	0.007	0.998	8000.0
604	0.948	3.287	0.447	3.563	0.007	0.999	6000.0
605	1.807	6.19	0.812	6.639	0.006	0.997	6000.0
606	2.244	7.763	0.954	7.752	0.013	0.995	8000.0
607	1.735	5.941	0.78	6.117	0.014	0.997	9000.0
608	1.556	5.294	0.737	5.801	0.004	0.997	6000.0
609	1.147	3.926	0.479	3.991	0.002	0.999	14000.0
610	1.668	5.724	0.801	6.421	0.008	0.997	7000.0
611	1.411	4.876	0.683	5.957	0.008	0.997	6000.0
612	1.572	5.415	0.777	6.187	0.005	0.997	9000.0
613	1.767	6.072	0.791	6.662	0.005	0.997	6000.0
614	1.273	4.326	0.556	4.49	0.002	0.998	6000.0
615	2.805	9.607	1.385	11.128	0.017	0.992	7000.0
616	2.076	7.147	0.968	7.333	0.012	0.996	6000.0
617	0.576	1.966	0.31	2.478	0.004	1.0	13000.0
618	0.964	3.311	0.436	3.776	0.001	0.999	6000.0
619	1.294	4.463	0.625	5.152	0.006	0.998	12000.0
620	0.992	3.396	0.512	4.173	0.003	0.999	6000.0
621	0.904	3.086	0.391	3.005	0.001	0.999	9000.0
622	2.555	8.783	1.2	9.867	0.007	0.994	6000.0
623	2.04	6.982	1.101	8.668	0.007	0.995	6000.0
624	0.698	2.371	0.325	2.643	0.001	1.0	6000.0
625	2.35	7.977	1.12	8.874	0.009	0.994	10000.0
626	1.888	6.433	0.832	6.655	0.009	0.997	7000.0
627	0.566	1.916	0.3	2.229	0.001	0.999	6000.0
628	0.931	3.185	0.433	3.44	0.002	0.999	9000.0
629	1.385	4.749	0.667	5.37	0.005	0.997	8000.0
630	1.215	4.145	0.605	4.758	0.006	0.998	7000.0
631	1.251	4.228	0.693	5.442	0.004	0.996	6000.0
632	0.718	2.419	0.315	2.497	0.001	0.999	6000.0
633	1.352	4.636	0.64	5.399	0.004	0.997	6000.0
634	0.984	3.404	0.445	3.647	0.003	0.999	17000.0
635	1.291	4.412	0.59	4.905	0.007	0.998	8000.0
636	1.298	4.438	0.58	4.879	0.005	0.998	6000.0
637	0.676	2.338	0.32	2.649	0.002	0.999	14000.0
638	0.714	2.444	0.355	2.925	0.002	1.0	6000.0
639	1.343	4.62	0.665	5.644	0.004	0.997	11000.0
640	1.881	6.358	0.896	6.96	0.012	0.994	6000.0
641	0.539	1.841	0.278	2.256	0.002	1.0	6000.0
642	1.161	3.963	0.562	4.521	0.003	0.999	6000.0
643	0.691	2.361	0.326	2.571	0.002	1.0	15000.0
644	1.846	6.279	0.799	6.1	0.011	0.998	6000.0
645	1.019	3.501	0.47	3.551	0.002	0.999	8000.0
646	1.319	4.527	0.6	4.579	0.004	0.998	17000.0
647	1.357	4.664	0.659	5.139	0.005	0.998	6000.0
648	1.225	4.222	0.53	4.27	0.002	0.999	6000.0
649	1.257	4.307	0.616	4.898	0.003	0.998	13000.0
650	0.964	3.283	0.45	3.33	0.001	0.999	7000.0
651	1.594	5.528	0.797	6.423	0.009	0.996	11000.0
652	1.449	5.01	0.702	5.584	0.007	0.996	6000.0
653	1.249	4.294	0.606	5.14	0.005	0.997	13000.0
654	1.647	5.64	0.683	5.458	0.008	0.997	6000.0
655	0.918	3.141	0.414	3.371	0.002	0.999	7000.0
656	0.991	3.366	0.462	3.845	0.003	0.998	7000.0
657	0.894	3.037	0.436	3.688	0.002	0.999	7000.0
658	2.112	7.292	0.942	7.97	0.013	0.994	6000.0
659	1.672	5.712	0.786	5.791	0.009	0.998	10000.0
660	0.82	2.788	0.386	3.052	0.002	0.999	6000.0
661	1.135	3.872	0.595	4.911	0.008	0.998	9000.0
662	1.216	4.158	0.549	4.51	0.005	0.998	8000.0
663	1.562	5.362	0.759	6.466	0.015	0.996	6000.0
664	1.433	4.869	0.689	5.511	0.002	0.997	6000.0
665	2.532	8.693	1.08	8.958	0.008	0.995	6000.0
666	0.396	1.371	0.21	1.72	0.001	1.0	18000.0
667	1.161	3.958	0.481	3.699	0.005	0.999	6000.0
668	0.306	1.074	0.162	1.303	0.0	1.0	14000.0
669	1.663	5.784	0.894	7.712	0.009	0.993	6000.0
670	1.113	3.825	0.552	4.631	0.008	0.998	11000.0
671	1.135	3.835	0.612	4.495	0.011	0.998	6000.0
672	0.588	1.992	0.314	2.321	0.005	1.0	6000.0
673	0.675	2.307	0.347	2.73	0.001	0.999	7000.0
674	1.344	4.577	0.676	5.179	0.006	0.998	6000.0
675	1.262	4.261	0.685	5.044	0.004	0.997	6000.0
676	1.341	4.632	0.735	5.933	0.009	0.996	7000.0
677	1.294	4.438	0.66	5.133	0.004	0.998	10000.0
678	0.618	2.118	0.308	2.416	0.004	1.0	7000.0
679	1.355	4.689	0.68	5.307	0.006	0.998	6000.0
680	1.255	4.294	0.579	4.528	0.003	0.999	6000.0
681	1.925	6.668	0.912	7.154	0.008	0.996	6000.0
682	0.488	1.664	0.234	1.814	0.001	1.0	6000.0
683	0.77	2.638	0.367	2.938	0.002	1.0	8000.0
684	1.18	4.046	0.603	4.743	0.005	0.999	6000.0
685	1.422	4.915	0.643	5.416	0.003	0.997	6000.0
686	1.703	5.827	0.851	6.654	0.007	0.996	12000.0
687	0.961	3.298	0.456	3.564	0.002	0.999	17000.0
688	1.255	4.345	0.575	4.654	0.004	0.998	6000.0
689	1.623	5.521	0.713	5.626	0.006	0.997	6000.0
690	1.41	4.849	0.704	5.375	0.005	0.998	6000.0
691	1.521	5.204	0.64	5.407	0.004	0.998	10000.0
692	1.137	3.942	0.55	4.528	0.005	0.998	6000.0
693	0.827	2.855	0.429	3.321	0.006	0.999	9000.0
694	0.658	2.266	0.327	2.728	0.001	1.0	12000.0
695	1.076	3.688	0.481	3.742	0.006	0.999	6000.0
696	1.638	5.618	0.698	5.617	0.005	0.998	8000.0
697	0.893	3.028	0.402	3.179	0.003	0.999	6000.0
698	0.942	3.226	0.471	3.768	0.002	0.999	8000.0
699	1.491	5.088	0.69	5.471	0.009	0.998	6000.0
700	1.391	4.77	0.731	6.07	0.005	0.997	6000.0
701	1.173	4.038	0.575	4.678	0.008	0.999	6000.0
702	0.567	1.924	0.276	2.186	0.001	1.0	6000.0
703	1.136	3.858	0.579	4.279	0.004	0.998	6000.0
704	1.0	3.435	0.567	4.46	0.004	0.998	7000.0
705	1.02	3.487	0.528	3.858	0.008	0.998	7000.0
706	2.048	7.05	1.009	7.968	0.01	0.995	7000.0
707	0.698	2.374	0.304	2.449	0.003	1.0	8000.0
708	0.838	2.886	0.387	3.02	0.001	1.0	8000.0
709	1.065	3.624	0.509	4.105	0.006	0.998	6000.0
710	1.692	5.784	0.746	6.026	0.006	0.997	6000.0
711	0.842	2.901	0.443	3.562	0.006	0.999	11000.0
712	1.374	4.72	0.64	4.875	0.005	0.998	6000.0
713	1.115	3.846	0.478	3.857	0.002	0.999	6000.0
714	0.571	1.945	0.323	2.607	0.003	0.999	6000.0
715	0.939	3.21	0.454	3.751	0.002	0.998	9000.0
716	1.732	5.924	0.791	6.241	0.006	0.997	6000.0
717	1.304	4.505	0.708	5.54	0.004	0.997	7000.0
718	0.886	3.043	0.495	4.042	0.005	0.999	6000.0
719	0.383	1.306	0.187	1.475	0.001	1.0	20000.0
720	0.909	3.108	0.411	3.326	0.002	0.999	9000.0
721	0.426	1.457	0.185	1.614	0.0	1.0	11000.0
722	1.033	3.513	0.529	4.069	0.005	0.999	6000.0
723	1.523	5.2	0.724	6.0	0.006	0.997	7000.0
724	1.274	4.355	0.604	4.494	0.005	0.999	11000.0
725	0.426	1.456	0.218	1.644	0.001	1.0	10000.0
726	1.102	3.767	0.49	4.042	0.002	0.999	6000.0
727	1.506	5.101	0.688	5.497	0.007	0.997	6000.0
728	1.463	4.977	0.625	5.019	0.007	0.998	6000.0
729	1.019	3.505	0.423	3.626	0.002	0.999	7000.0
730	1.396	4.759	0.708	5.698	0.005	0.997	8000.0
731	0.281	0.958	0.138	0.973	0.002	1.0	6000.0
732	1.509	5.155	0.714	5.758	0.005	0.998	6000.0
733	0.493	1.684	0.244	1.903	0.0	1.0	6000.0
734	1.267	4.336	0.563	4.578	0.006	0.998	6000.0
735	0.338	1.172	0.158	1.274	0.0	1.0	8000.0
736	0.576	1.978	0.286	2.374	0.001	1.0	6000.0
737	2.166	7.477	0.988	7.929	0.014	0.995	6000.0
738	0.827	2.829	0.392	3.309	0.003	0.999	6000.0
739	1.406	4.801	0.66	5.214	0.004	0.997	7000.0
740	1.079	3.659	0.505	4.067	0.002	0.999	6000.0
741	1.276	4.401	0.593	4.774	0.005	0.998	6000.0
742	1.43	4.932	0.655	5.488	0.008	0.997	7000.0
743	1.22	4.205	0.694	5.899	0.01	0.996	6000.0
744	0.968	3.313	0.447	3.534	0.003	0.999	6000.0
745	1.669	5.743	0.84	6.728	0.008	0.996	6000.0
746	1.162	3.98	0.527	3.997	0.003	0.999	7000.0
747	1.236	4.274	0.568	4.518	0.003	0.998	6000.0
748	1.959	6.769	0.839	6.527	0.007	0.997	6000.0
749	1.031	3.549	0.474	3.834	0.003	0.999	7000.0
750	1.58	5.447	0.719	5.566	0.005	0.997	6000.0
751	0.827	2.852	0.387	3.191	0.001	0.999	9000.0
752	1.094	3.754	0.572	4.606	0.007	0.998	6000.0
753	1.497	5.12	0.747	5.492	0.006	0.998	6000.0
754	1.334	4.552	0.612	4.766	0.006	0.998	6000.0
755	1.314	4.5	0.612	4.825	0.005	0.998	6000.0
756	1.355	4.669	0.714	6.075	0.008	0.997	9000.0
757	0.895	3.055	0.396	3.424	0.003	0.998	6000.0
758	1.012	3.463	0.451	3.568	0.004	0.999	7000.0
759	1.413	4.793	0.651	5.246	0.007	0.998	7000.0
760	1.11	3.838	0.501	4.002	0.004	0.999	6000.0
761	0.42	1.43	0.218	1.658	0.001	1.0	13000.0
762	2.102	7.186	0.936	7.567	0.011	0.996	6000.0
763	1.434	4.917	0.637	5.222	0.003	0.998	6000.0
764	1.874	6.358	0.888	7.014	0.009	0.996	6000.0
765	0.988	3.38	0.459	3.586	0.005	0.999	6000.0
766	1.45	5.016	0.729	6.212	0.007	0.997	17000.0
767	0.824	2.836	0.357	2.947	0.002	0.999	7000.0
768	0.778	2.678	0.411	3.062	0.006	0.999	15000.0
769	0.833	2.872	0.392	3.125	0.002	0.999	6000.0
770	0.937	3.196	0.421	3.204	0.002	0.999	9000.0
771	1.363	4.664	0.615	4.53	0.004	0.999	7000.0
772	1.315	4.444	0.594	4.691	0.005	0.998	6000.0
773	0.448	1.523	0.235	1.958	0.0	1.0	9000.0
774	0.858	2.914	0.396	3.052	0.002	1.0	6000.0
775	1.601	5.487	0.773	6.469	0.005	0.997	6000.0
776	0.833	2.858	0.377	2.88	0.001	0.999	6000.0
777	1.69	5.767	0.841	6.463	0.007	0.997	6000.0
778	0.748	2.541	0.348	2.966	0.004	0.999	6000.0
779	0.896	3.087	0.41	3.286	0.004	0.999	14000.0
780	0.754	2.562	0.34	2.591	0.003	1.0	9000.0
781	0.331	1.135	0.173	1.331	0.0	1.0	13000.0
782	1.861	6.354	0.778	6.484	0.005	0.997	7000.0
783	1.302	4.451	0.584	4.786	0.004	0.998	6000.0
784	0.645	2.191	0.334	2.516	0.004	1.0	16000.0
785	1.392	4.751	0.638	5.071	0.003	0.998	12000.0
786	1.441	4.973	0.608	5.065	0.003	0.998	6000.0
787	1.521	5.228	0.74	5.955	0.008	0.998	6000.0
788	0.802	2.752	0.353	2.962	0.002	0.999	7000.0
789	0.787	2.673	0.368	3.048	0.001	0.999	6000.0
790	1.075	3.696	0.565	4.632	0.007	0.998	10000.0
791	1.678	5.758	0.829	6.672	0.013	0.996	7000.0
792	0.401	1.378	0.195	1.616	0.0	1.0	21000.0
793	1.747	6.028	0.788	5.956	0.005	0.997	9000.0
794	1.364	4.674	0.67	5.448	0.005	0.998	6000.0
795	1.264	4.338	0.617	5.169	0.004	0.998	6000.0
796	0.444	1.522	0.221	1.804	0.0	1.0	15000.0
797	1.407	4.791	0.612	4.532	0.006	0.999	7000.0
798	1.177	4.018	0.49	3.916	0.002	0.999	6000.0
799	0.715	2.462	0.345	2.864	0.003	0.999	12000.0
800	1.405	4.834	0.629	4.823	0.007	0.998	9000.0
801	0.82	2.806	0.443	3.527	0.002	0.999	7000.0
802	0.662	2.28	0.31	2.719	0.001	0.999	11000.0
803	1.467	5.023	0.647	5.255	0.005	0.998	9000.0
804	2.246	7.747	1.0	8.229	0.008	0.995	7000.0
805	0.713	2.444	0.366	2.999	0.001	0.999	11000.0
806	1.976	6.76	0.862	7.216	0.011	0.996	7000.0
807	1.617	5.548	0.782	6.338	0.005	0.997	6000.0
808	0.871	2.979	0.506	3.919	0.006	0.999	13000.0
809	1.594	5.44	0.72	5.754	0.003	0.997	8000.0
810	2.063	7.002	0.943	7.217	0.01	0.996	8000.0
811	0.904	3.077	0.407	3.155	0.002	0.999	7000.0
812	0.848	2.949	0.474	3.765	0.004	0.999	6000.0
813	1.132	3.874	0.519	4.238	0.005	0.999	7000.0
814	1.391	4.772	0.645	5.023	0.009	0.998	6000.0
815	0.718	2.473	0.321	2.488	0.001	1.0	10000.0
816	0.911	3.103	0.41	3.415	0.005	0.999	6000.0
817	1.344	4.567	0.669	5.32	0.008	0.998	6000.0
818	0.767	2.632	0.383	3.127	0.001	0.999	8000.0
819	1.216	4.135	0.559	4.587	0.004	0.998	6000.0
820	0.627	2.144	0.301	2.469	0.003	1.0	6000.0
821	0.32	1.114	0.161	1.15	0.001	1.0	6000.0
822	1.944	6.733	0.923	7.605	0.005	0.995	6000.0
823	0.474	1.635	0.236	1.936	0.001	1.0	7000.0
824	0.965	3.31	0.436	3.392	0.001	0.999	10000.0
825	0.405	1.379	0.187	1.44	0.001	1.0	15000.0
826	0.697	2.353	0.312	2.455	0.001	0.999	11000.0
827	0.653	2.241	0.304	2.53	0.001	1.0	6000.0
828	1.627	5.595	0.863	7.044	0.01	0.996	11000.0
829	1.645	5.623	0.713	6.017	0.004	0.997	6000.0
830	1.434	4.905	0.646	5.308	0.004	0.998	6000.0
831	1.563	5.338	0.699	5.518	0.006	0.997	6000.0
832	1.973	6.833	0.905	7.237	0.011	0.995	6000.0
833	1.096	3.749	0.496	4.159	0.004	0.999	6000.0
834	0.982	3.39	0.455	3.68	0.006	0.999	6000.0
835	0.758	2.59	0.392	3.182	0.003	0.999	6000.0
836	1.458	5.039	0.76	6.254	0.007	0.997	8000.0
837	0.387	1.31	0.214	1.71	0.001	1.0	6000.0
838	1.192	4.063	0.517	4.21	0.002	0.999	12000.0
839	0.329	1.124	0.178	1.35	0.002	1.0	9000.0
840	1.48	5.042	0.722	6.135	0.004	0.997	6000.0
841	1.276	4.383	0.576	4.051	0.006	0.999	6000.0
842	1.517	5.18	0.674	5.409	0.005	0.998	10000.0
843	1.081	3.706	0.513	4.281	0.002	0.999	6000.0
844	1.25	4.297	0.61	4.842	0.005	0.998	11000.0
845	1.29	4.381	0.553	4.49	0.003	0.999	6000.0
846	1.32	4.454	0.573	4.563	0.004	0.998	7000.0
847	1.371	4.715	0.618	4.839	0.007	0.998	9000.0
848	0.932	3.214	0.435	3.63	0.002	0.999	9000.0
849	1.834	6.241	0.791	6.696	0.012	0.996	6000.0
850	1.794	6.167	0.807	6.406	0.01	0.996	7000.0
851	0.671	2.295	0.366	3.085	0.004	0.999	15000.0
852	0.659	2.238	0.278	2.326	0.001	1.0	7000.0
853	0.917	3.118	0.403	3.377	0.001	0.999	13000.0
854	1.176	3.993	0.579	4.318	0.003	0.998	6000.0
855	1.222	4.205	0.572	4.795	0.003	0.998	6000.0
856	0.452	1.559	0.244	1.982	0.003	1.0	12000.0
857	1.024	3.506	0.517	4.435	0.003	0.998	13000.0
858	2.208	7.613	1.067	8.348	0.008	0.995	6000.0
859	2.091	7.156	1.033	8.946	0.02	0.992	6000.0
860	1.699	5.855	0.85	6.632	0.014	0.995	6000.0
861	0.644	2.201	0.284	2.268	0.001	1.0	8000.0
862	1.024	3.489	0.494	3.955	0.005	0.999	18000.0
863	1.953	6.712	0.874	7.043	0.005	0.997	6000.0
864	0.574	1.982	0.28	2.354	0.0	1.0	11000.0
865	0.396	1.373	0.221	1.86	0.001	1.0	6000.0
866	1.062	3.587	0.515	3.964	0.006	0.999	6000.0
867	1.116	3.89	0.555	4.679	0.003	0.997	6000.0
868	1.041	3.583	0.472	3.582	0.002	0.999	6000.0
869	0.641	2.207	0.301	2.497	0.001	1.0	11000.0
870	1.043	3.553	0.477	3.854	0.005	0.998	6000.0
871	1.167	3.998	0.528	3.894	0.004	0.999	6000.0
872	2.136	7.387	1.062	8.616	0.011	0.994	6000.0
873	1.854	6.34	0.981	7.965	0.006	0.995	6000.0
874	2.024	6.904	0.875	6.812	0.007	0.997	8000.0
875	1.749	5.925	0.776	5.864	0.006	0.997	7000.0
876	0.848	2.867	0.355	2.768	0.002	0.999	6000.0
877	1.715	5.869	0.818	6.195	0.009	0.998	10000.0
878	0.916	3.144	0.404	3.317	0.001	0.999	14000.0
879	1.235	4.219	0.543	4.099	0.004	0.999	13000.0
880	1.397	4.759	0.634	4.872	0.006	0.998	7000.0
881	0.41	1.395	0.183	1.407	0.0	1.0	11000.0
882	2.136	7.295	1.024	7.68	0.011	0.996	7000.0
883	1.274	4.411	0.586	4.648	0.003	0.999	12000.0
884	1.353	4.654	0.74	5.773	0.006	0.997	6000.0
885	1.137	3.868	0.517	4.311	0.004	0.998	10000.0
886	1.293	4.412	0.677	5.195	0.003	0.998	7000.0
887	1.773	6.104	0.752	6.178	0.009	0.997	6000.0
888	0.754	2.593	0.356	2.94	0.001	0.999	6000.0
889	0.428	1.448	0.231	1.788	0.001	1.0	13000.0
890	0.83	2.818	0.397	3.196	0.004	0.999	6000.0
891	2.133	7.332	0.947	7.681	0.008	0.996	6000.0
892	1.349	4.607	0.664	5.139	0.008	0.998	10000.0
893	1.434	4.95	0.612	5.111	0.004	0.998	8000.0
894	0.754	2.589	0.424	3.385	0.004	0.999	8000.0
895	1.798	6.216	0.808	6.449	0.008	0.997	6000.0
896	1.364	4.657	0.684	5.271	0.008	0.998	6000.0
897	1.024	3.508	0.533	4.192	0.004	0.998	7000.0
898	1.476	5.005	0.66	5.352	0.008	0.997	6000.0
899	1.52	5.238	0.764	6.454	0.009	0.996	6000.0
900	1.335	4.593	0.598	4.998	0.003	0.998	7000.0
901	1.624	5.557	0.819	6.602	0.006	0.997	10000.0
902	0.566	1.957	0.256	1.997	0.002	1.0	7000.0
903	1.161	3.934	0.477	3.993	0.002	0.998	6000.0
904	1.767	6.122	0.759	6.306	0.006	0.997	8000.0
905	1.379	4.705	0.666	5.405	0.008	0.997	6000.0
906	1.175	4.008	0.553	4.41	0.007	0.998	16000.0
907	1.017	3.506	0.477	3.911	0.004	0.998	6000.0
908	1.244	4.264	0.575	4.611	0.006	0.999	17000.0
909	1.771	6.031	0.868	6.598	0.006	0.996	6000.0
910	1.013	3.445	0.563	4.392	0.002	0.998	14000.0
911	2.218	7.628	0.965	7.799	0.014	0.996	6000.0
912	1.371	4.713	0.621	4.768	0.008	0.998	6000.0
913	1.324	4.507	0.598	4.774	0.004	0.999	6000.0
914	1.769	6.072	0.841	6.671	0.01	0.997	7000.0
915	1.305	4.463	0.601	4.73	0.006	0.998	6000.0
916	0.784	2.699	0.397	3.126	0.001	0.999	8000.0
917	0.772	2.656	0.36	2.914	0.001	0.999	6000.0
918	2.184	7.479	1.096	9.412	0.015	0.993	8000.0
919	1.782	6.112	0.836	6.705	0.014	0.997	6000.0
920	0.704	2.401	0.332	2.588	0.001	0.999	11000.0
921	1.258	4.328	0.612	4.563	0.006	0.998	6000.0
922	0.626	2.13	0.291	2.246	0.001	1.0	16000.0
923	0.728	2.488	0.376	2.881	0.001	1.0	8000.0
924	1.624	5.535	0.813	6.519	0.005	0.997	6000.0
925	0.853	2.951	0.42	3.3	0.002	0.999	7000.0
926	1.552	5.35	0.802	6.647	0.006	0.996	9000.0
927	1.122	3.814	0.511	4.29	0.004	0.998	8000.0
928	0.942	3.214	0.499	3.882	0.003	0.999	6000.0
929	1.036	3.554	0.494	3.906	0.007	0.999	10000.0
930	1.971	6.721	0.955	7.126	0.012	0.996	9000.0
931	0.439	1.505	0.226	1.846	0.001	1.0	6000.0
932	1.349	4.631	0.624	5.039	0.008	0.997	6000.0
933	1.974	6.75	0.868	6.896	0.008	0.997	6000.0
934	1.079	3.681	0.537	3.944	0.002	0.999	6000.0
935	0.582	1.988	0.356	2.993	0.002	0.999	7000.0
936	1.813	6.228	0.796	6.424	0.01	0.997	6000.0
937	1.924	6.502	0.906	7.32	0.007	0.995	6000.0
938	0.947	3.251	0.505	4.163	0.008	0.999	6000.0
939	2.044	7.068	0.927	7.757	0.009	0.996	6000.0
940	0.668	2.291	0.288	2.312	0.002	1.0	6000.0
941	1.638	5.575	0.748	5.586	0.007	0.998	6000.0
942	1.741	6.007	0.849	6.934	0.01	0.995	8000.0
943	1.185	4.049	0.557	4.538	0.002	0.999	13000.0
944	1.552	5.312	0.704	5.491	0.013	0.998	6000.0
945	0.826	2.824	0.38	2.934	0.001	0.999	6000.0
946	1.546	5.312	0.774	6.109	0.005	0.997	6000.0
947	1.447	4.939	0.735	5.635	0.007	0.997	11000.0
948	1.525	5.193	0.723	5.89	0.005	0.997	7000.0
949	1.922	6.603	0.799	6.678	0.011	0.996	7000.0
950	0.485	1.661	0.236	1.858	0.001	1.0	7000.0
951	1.888	6.511	0.921	7.104	0.016	0.996	8000.0
952	1.223	4.186	0.54	4.334	0.005	0.999	6000.0
953	0.727	2.483	0.378	2.922	0.001	0.999	11000.0
954	1.479	5.106	0.687	5.643	0.006	0.996	7000.0
955	0.801	2.733	0.373	3.048	0.002	0.999	7000.0
956	1.164	3.998	0.517	4.419	0.003	0.998	11000.0
957	1.499	5.153	0.722	5.648	0.006	0.997	6000.0
958	1.273	4.352	0.591	4.791	0.005	0.998	6000.0
959	1.192	4.096	0.695	5.463	0.005	0.998	12000.0
960	2.055	7.073	0.989	8.255	0.009	0.993	6000.0
961	1.02	3.493	0.526	3.905	0.006	0.999	6000.0
962	0.907	3.121	0.414	3.446	0.003	0.999	6000.0
963	0.577	1.962	0.279	2.195	0.004	0.999	6000.0
964	0.985	3.366	0.501	3.93	0.003	0.999	6000.0
965	2.986	10.257	1.429	11.665	0.014	0.989	6000.0
966	0.891	3.068	0.419	3.207	0.002	0.999	7000.0
967	1.316	4.545	0.62	4.89	0.005	0.998	6000.0
968	1.062	3.684	0.553	4.569	0.003	0.997	9000.0
969	1.377	4.736	0.586	4.862	0.003	0.998	6000.0
970	0.775	2.654	0.401	3.292	0.004	0.999	6000.0
971	1.042	3.543	0.467	3.84	0.006	0.999	11000.0
972	0.721	2.475	0.391	3.374	0.003	0.999	21000.0
973	2.283	7.796	1.108	8.356	0.011	0.996	6000.0
974	2.45	8.419	1.081	8.952	0.013	0.994	6000.0
975	1.486	5.099	0.669	5.157	0.007	0.998	9000.0
976	1.518	5.214	0.703	5.846	0.004	0.998	6000.0
977	0.951	3.22	0.513	3.348	0.003	0.999	6000.0
978	0.473	1.611	0.287	2.306	0.002	1.0	6000.0
979	1.71	5.886	0.758	6.512	0.004	0.997	9000.0
980	2.083	7.119	0.989	7.824	0.01	0.997	7000.0
981	0.869	2.977	0.4	3.192	0.003	0.999	9000.0
982	0.748	2.571	0.345	2.86	0.001	1.0	6000.0
983	0.67	2.308	0.324	2.678	0.002	1.0	19000.0
984	1.695	5.824	0.778	5.978	0.006	0.997	6000.0
985	0.911	3.097	0.427	3.151	0.004	0.999	6000.0
986	0.56	1.933	0.274	2.185	0.001	0.999	6000.0
987	1.731	5.915	0.828	6.604	0.01	0.997	11000.0
988	1.589	5.463	0.737	6.042	0.006	0.998	6000.0
989	0.972	3.321	0.481	3.616	0.003	0.999	6000.0
990	1.857	6.399	0.913	6.944	0.013	0.996	9000.0
991	1.646	5.691	0.728	5.809	0.008	0.997	6000.0
992	2.026	6.88	1.078	8.506	0.009	0.993	14000.0
993	1.28	4.376	0.601	5.06	0.004	0.998	7000.0
994	0.994	3.431	0.449	3.788	0.001	0.999	6000.0
995	0.503	1.738	0.237	1.899	0.0	1.0	7000.0
996	1.084	3.69	0.43	3.459	0.004	0.999	6000.0
997	0.689	2.34	0.332	2.65	0.001	1.0	13000.0
998	1.39	4.748	0.608	4.94	0.004	0.998	6000.0
999	2.281	7.86	1.0	7.942	0.007	0.995	8000.0
1000	1.909	6.594	0.898	6.598	0.011	0.997	6000.0
