NMF_Replicate	L1	L1 %	L2	L2 %	KL Divergence	Correlation	Convergence Iterations
1	5.443	31.236	2.747	25.718	0.147	0.958	6000.0
2	5.022	29.222	2.914	24.441	0.109	0.963	6000.0
3	4.167	22.826	2.042	18.239	0.086	0.982	6000.0
4	5.309	30.068	2.467	21.964	0.147	0.974	6000.0
5	4.643	26.291	2.063	18.205	0.154	0.981	6000.0
6	4.572	25.929	2.186	18.805	0.115	0.983	6000.0
7	4.335	24.541	1.973	18.051	0.127	0.984	6000.0
8	5.161	28.588	2.513	22.146	0.126	0.979	6000.0
9	5.159	27.959	2.358	22.278	0.143	0.97	6000.0
10	5.052	28.452	2.529	23.457	0.113	0.974	6000.0
11	5.54	30.534	2.653	24.483	0.125	0.976	6000.0
12	5.845	33.271	2.824	26.022	0.16	0.967	6000.0
13	4.534	25.763	2.109	18.888	0.141	0.978	6000.0
14	5.278	29.614	2.463	23.461	0.149	0.968	6000.0
15	5.059	28.798	2.412	21.309	0.136	0.977	6000.0
16	3.978	22.212	1.809	16.468	0.107	0.985	6000.0
17	5.766	32.346	2.801	26.971	0.154	0.968	6000.0
18	4.894	27.304	2.374	20.809	0.139	0.978	6000.0
19	5.577	31.234	2.405	21.794	0.155	0.975	6000.0
20	2.947	16.906	1.312	11.69	0.076	0.993	6000.0
21	4.464	24.803	2.371	20.979	0.1	0.979	6000.0
22	6.276	35.419	2.981	27.29	0.177	0.957	6000.0
23	5.055	28.216	2.379	21.61	0.128	0.974	6000.0
24	5.502	30.845	2.496	22.794	0.154	0.971	6000.0
25	5.207	28.702	2.725	24.259	0.12	0.973	6000.0
26	3.963	21.878	1.967	17.515	0.123	0.982	6000.0
27	6.529	36.52	2.844	27.698	0.199	0.958	6000.0
28	5.263	29.389	2.38	22.908	0.156	0.971	6000.0
29	5.475	31.036	2.591	24.522	0.124	0.971	6000.0
30	4.587	25.235	2.022	16.73	0.135	0.989	6000.0
31	6.914	38.317	3.319	30.669	0.167	0.943	6000.0
32	5.676	31.931	2.698	24.992	0.146	0.967	6000.0
33	4.95	27.797	2.473	22.131	0.112	0.974	6000.0
34	3.718	20.518	1.678	15.994	0.094	0.985	6000.0
35	5.814	32.053	2.777	26.36	0.184	0.961	6000.0
36	5.323	29.878	2.673	24.404	0.125	0.964	6000.0
37	4.687	26.923	2.339	21.558	0.124	0.977	6000.0
38	4.957	28.067	2.494	22.743	0.115	0.976	6000.0
39	6.079	33.758	2.897	25.844	0.153	0.964	6000.0
40	4.193	23.479	2.012	18.083	0.099	0.981	6000.0
41	3.244	18.331	1.521	13.29	0.082	0.991	6000.0
42	5.402	30.226	2.54	22.898	0.143	0.978	6000.0
43	6.023	33.645	2.749	25.614	0.168	0.964	6000.0
44	5.802	32.518	2.746	25.141	0.143	0.967	6000.0
45	6.969	38.47	3.352	30.736	0.193	0.952	6000.0
46	5.761	32.695	2.63	24.974	0.158	0.966	6000.0
47	4.997	27.446	2.515	22.984	0.095	0.97	9000.0
48	4.816	27.263	2.459	22.357	0.105	0.973	6000.0
49	6.222	35.225	2.844	25.294	0.176	0.97	6000.0
50	4.845	27.061	2.292	21.038	0.11	0.975	6000.0
51	4.23	23.736	1.976	17.013	0.113	0.984	6000.0
52	6.968	39.016	3.06	29.966	0.196	0.951	6000.0
53	6.221	35.41	3.191	28.3	0.16	0.96	6000.0
54	4.513	25.01	2.046	18.013	0.125	0.983	6000.0
55	5.095	29.003	2.33	22.405	0.135	0.975	6000.0
56	5.616	31.728	2.627	25.887	0.146	0.96	6000.0
57	5.006	27.738	2.565	23.425	0.107	0.966	6000.0
58	4.025	22.755	1.921	16.344	0.096	0.986	6000.0
59	6.229	35.206	2.825	25.652	0.185	0.971	6000.0
60	5.475	31.209	2.718	24.929	0.134	0.962	6000.0
61	5.818	31.787	3.02	26.504	0.114	0.962	6000.0
62	5.724	31.603	2.768	24.042	0.144	0.972	6000.0
63	4.708	26.053	2.352	20.769	0.108	0.97	6000.0
64	5.252	29.497	2.354	21.873	0.137	0.974	6000.0
65	5.841	32.409	2.936	27.697	0.144	0.961	6000.0
66	4.094	22.852	1.78	16.104	0.105	0.988	6000.0
67	5.155	28.365	2.298	22.516	0.154	0.966	6000.0
68	4.744	26.353	2.066	19.376	0.138	0.979	6000.0
69	5.443	30.514	2.53	22.659	0.127	0.976	6000.0
70	5.22	28.742	2.508	22.216	0.135	0.976	6000.0
71	4.859	27.103	2.156	19.834	0.141	0.978	6000.0
72	5.004	28.226	2.596	21.39	0.111	0.977	6000.0
73	7.642	43.92	3.908	36.324	0.192	0.922	6000.0
74	6.44	36.699	3.234	29.234	0.156	0.956	6000.0
75	3.792	20.752	1.784	15.645	0.103	0.989	6000.0
76	3.612	20.594	1.793	15.074	0.084	0.988	6000.0
77	5.773	32.963	2.894	26.463	0.146	0.958	6000.0
78	4.832	26.999	2.154	20.503	0.172	0.971	6000.0
79	5.81	32.443	2.893	27.647	0.139	0.961	6000.0
80	5.967	33.625	2.803	26.388	0.177	0.971	6000.0
81	5.354	29.696	2.405	22.854	0.15	0.972	6000.0
82	5.7	31.784	2.783	26.447	0.162	0.963	6000.0
83	3.302	18.888	1.568	13.902	0.085	0.989	6000.0
84	5.965	34.08	2.814	25.943	0.153	0.961	6000.0
85	4.309	24.855	2.018	18.055	0.134	0.983	6000.0
86	4.739	26.777	2.23	20.474	0.109	0.976	6000.0
87	6.231	35.221	2.929	28.899	0.175	0.955	6000.0
88	5.056	28.715	2.409	21.842	0.134	0.973	6000.0
89	4.731	26.25	2.218	19.287	0.116	0.984	6000.0
90	5.039	28.288	2.322	20.814	0.145	0.976	6000.0
91	4.591	25.773	2.033	17.399	0.113	0.984	6000.0
92	4.623	26.73	2.182	19.716	0.127	0.976	6000.0
93	5.297	30.091	2.441	23.515	0.137	0.974	6000.0
94	5.085	28.337	2.321	20.912	0.149	0.978	6000.0
95	5.166	29.03	2.562	23.045	0.138	0.974	6000.0
96	4.554	25.091	2.178	19.185	0.126	0.983	6000.0
97	4.717	26.982	2.347	20.887	0.124	0.977	6000.0
98	5.694	31.481	2.554	24.291	0.167	0.965	6000.0
99	5.226	29.811	2.786	26.781	0.099	0.959	6000.0
100	4.585	25.391	2.123	20.116	0.113	0.977	6000.0
101	6.088	34.099	2.823	25.398	0.161	0.963	6000.0
102	4.762	26.79	1.998	17.929	0.156	0.983	6000.0
103	4.277	23.767	1.993	18.332	0.105	0.985	6000.0
104	5.712	32.456	2.922	27.088	0.132	0.955	6000.0
105	5.767	32.363	2.657	25.073	0.17	0.97	6000.0
106	3.951	22.041	1.75	15.632	0.105	0.986	6000.0
107	5.744	32.376	2.85	26.455	0.151	0.959	6000.0
108	4.607	25.563	2.293	19.855	0.108	0.979	6000.0
109	5.217	29.268	2.488	22.628	0.168	0.971	6000.0
110	5.531	30.46	2.644	23.647	0.125	0.968	6000.0
111	4.758	26.685	2.235	19.918	0.114	0.981	6000.0
112	4.149	22.947	1.822	16.069	0.112	0.988	6000.0
113	4.388	24.652	2.353	20.293	0.084	0.977	6000.0
114	4.891	27.692	2.501	21.607	0.127	0.976	6000.0
115	7.404	41.256	3.448	34.295	0.19	0.936	6000.0
116	5.516	30.274	2.619	24.839	0.137	0.968	6000.0
117	6.911	38.748	3.632	32.643	0.19	0.946	6000.0
118	3.632	20.611	1.637	14.305	0.12	0.988	6000.0
119	7.635	42.385	3.682	33.659	0.202	0.94	6000.0
120	5.263	29.965	2.548	23.226	0.119	0.969	6000.0
121	3.793	21.241	1.754	15.978	0.104	0.985	6000.0
122	4.832	27.031	2.094	19.507	0.142	0.978	6000.0
123	4.292	24.119	2.095	18.802	0.097	0.98	6000.0
124	4.689	26.45	2.119	19.441	0.153	0.977	6000.0
125	4.581	25.504	2.221	18.811	0.113	0.984	6000.0
126	6.551	37.195	3.201	28.773	0.187	0.957	6000.0
127	5.676	32.278	3.017	25.258	0.131	0.958	6000.0
128	3.924	21.695	1.716	15.424	0.117	0.986	6000.0
129	5.004	28.256	2.357	22.734	0.146	0.971	6000.0
130	4.569	24.933	2.008	17.516	0.122	0.983	6000.0
131	5.66	32.122	2.945	27.599	0.125	0.957	6000.0
132	4.405	24.072	2.054	19.373	0.112	0.977	6000.0
133	5.289	29.59	2.357	22.436	0.133	0.972	6000.0
134	5.074	28.629	2.359	21.802	0.14	0.976	6000.0
135	6.15	33.916	2.965	29.128	0.144	0.946	6000.0
136	5.63	31.867	2.647	25.475	0.152	0.967	6000.0
137	6.338	34.932	3.077	30.055	0.142	0.948	6000.0
138	5.242	29.261	2.391	22.758	0.16	0.969	6000.0
139	5.453	30.649	2.678	24.205	0.145	0.972	6000.0
140	4.654	25.711	2.18	20.043	0.124	0.977	6000.0
141	5.086	28.358	2.422	21.77	0.133	0.978	6000.0
142	4.933	27.289	2.443	23.059	0.093	0.972	6000.0
143	6.627	37.247	2.858	26.671	0.211	0.955	6000.0
144	4.94	28.123	2.48	22.394	0.103	0.972	6000.0
145	5.174	28.596	2.347	21.62	0.121	0.977	6000.0
146	5.315	29.562	2.643	24.601	0.11	0.964	6000.0
147	4.161	23.464	1.983	18.608	0.105	0.98	6000.0
148	4.661	26.407	2.205	20.045	0.129	0.981	6000.0
149	4.925	27.765	2.366	21.544	0.135	0.973	6000.0
150	4.703	26.354	2.115	19.899	0.132	0.974	6000.0
151	4.592	25.85	2.128	19.734	0.133	0.979	6000.0
152	4.617	25.553	2.09	19.012	0.138	0.98	6000.0
153	5.193	28.99	2.389	21.746	0.132	0.974	6000.0
154	4.64	25.958	2.263	20.778	0.136	0.976	6000.0
155	5.221	28.743	2.534	23.358	0.126	0.96	6000.0
156	5.351	30.519	2.366	22.295	0.16	0.973	6000.0
157	6.272	34.82	2.892	28.41	0.174	0.954	6000.0
158	6.73	37.71	3.162	29.269	0.169	0.962	6000.0
159	6.09	33.541	2.585	23.896	0.182	0.972	6000.0
160	4.293	23.578	1.954	17.433	0.108	0.982	6000.0
161	5.736	31.432	2.655	25.397	0.17	0.953	6000.0
162	4.552	25.462	2.446	21.425	0.084	0.969	6000.0
163	6.675	37.351	3.366	29.609	0.157	0.957	6000.0
164	4.654	26.194	2.37	20.828	0.096	0.973	6000.0
165	4.698	26.58	2.211	20.712	0.122	0.977	6000.0
166	4.843	27.122	2.122	19.31	0.127	0.976	6000.0
167	4.618	25.758	2.263	20.696	0.116	0.98	6000.0
168	6.384	36.526	3.422	30.361	0.162	0.936	6000.0
169	6.113	35.102	3.094	28.28	0.176	0.952	6000.0
170	4.544	25.839	2.008	19.544	0.105	0.982	6000.0
171	5.608	31.392	2.691	23.684	0.148	0.972	6000.0
172	4.232	23.2	1.839	17.173	0.121	0.983	6000.0
173	5.371	29.768	2.557	22.686	0.154	0.967	6000.0
174	5.907	32.409	2.731	25.137	0.169	0.972	6000.0
175	6.993	39.162	3.199	28.619	0.189	0.957	6000.0
176	5.164	28.788	2.511	22.517	0.12	0.976	6000.0
177	5.236	29.359	2.515	22.064	0.131	0.978	6000.0
178	4.868	27.034	2.338	21.111	0.128	0.977	6000.0
179	4.357	23.648	2.16	18.5	0.112	0.979	6000.0
180	5.727	32.095	2.792	25.796	0.142	0.965	6000.0
181	5.27	29.576	2.568	22.201	0.157	0.977	6000.0
182	4.224	23.589	2.006	18.459	0.108	0.983	6000.0
183	4.369	24.286	2.052	17.267	0.129	0.985	6000.0
184	6.792	38.409	3.267	30.573	0.167	0.946	6000.0
185	5.264	29.394	2.602	24.622	0.151	0.964	6000.0
186	4.298	24.253	2.034	18.744	0.115	0.984	6000.0
187	5.653	31.54	2.674	24.935	0.132	0.971	6000.0
188	7.585	43.136	3.501	33.152	0.214	0.941	6000.0
189	5.99	33.038	2.613	23.802	0.175	0.974	6000.0
190	5.48	30.558	2.712	24.271	0.129	0.966	6000.0
191	4.666	26.93	2.273	20.892	0.131	0.973	6000.0
192	5.96	33.982	2.858	26.899	0.146	0.964	6000.0
193	5.614	31.326	2.876	26.091	0.134	0.963	6000.0
194	5.758	32.452	2.75	26.033	0.141	0.959	6000.0
195	5.307	30.07	2.55	24.15	0.139	0.968	6000.0
196	5.179	29.521	2.341	22.983	0.155	0.968	6000.0
197	6.356	36.876	2.99	28.89	0.222	0.938	6000.0
198	5.361	30.177	2.53	23.454	0.152	0.97	6000.0
199	5.024	27.825	2.425	21.464	0.135	0.975	6000.0
200	4.204	23.755	1.811	16.164	0.125	0.986	6000.0
201	4.712	26.435	2.368	21.93	0.087	0.974	6000.0
202	6.346	35.172	2.907	27.271	0.156	0.961	6000.0
203	3.854	21.788	1.78	15.367	0.115	0.988	6000.0
204	5.686	32.225	2.998	27.098	0.145	0.948	6000.0
205	5.873	32.834	3.008	28.821	0.131	0.952	6000.0
206	5.564	30.961	2.372	22.078	0.168	0.972	6000.0
207	5.781	32.113	2.858	25.36	0.152	0.966	6000.0
208	5.13	29.654	2.543	23.63	0.112	0.971	6000.0
209	4.82	26.539	2.193	19.955	0.123	0.98	6000.0
210	4.119	23.063	2.01	17.236	0.114	0.984	6000.0
211	5.56	31.2	2.657	23.186	0.155	0.973	6000.0
212	6.495	36.302	3.077	27.255	0.161	0.96	6000.0
213	4.794	27.606	2.381	21.288	0.146	0.976	6000.0
214	5.241	29.615	2.412	22.337	0.143	0.97	6000.0
215	6.208	34.543	2.792	25.859	0.176	0.97	6000.0
216	6.06	33.939	2.811	26.143	0.165	0.964	6000.0
217	4.481	24.905	2.127	20.397	0.124	0.974	6000.0
218	6.03	33.763	2.834	25.118	0.147	0.972	6000.0
219	6.153	34.663	2.865	25.259	0.182	0.958	6000.0
220	5.045	28.25	2.403	22.423	0.133	0.967	6000.0
221	5.208	28.557	2.471	23.192	0.124	0.966	6000.0
222	7.181	40.393	3.492	32.869	0.164	0.941	6000.0
223	5.072	28.095	2.235	19.593	0.171	0.98	6000.0
224	4.777	26.927	2.448	22.801	0.127	0.973	6000.0
225	5.209	28.682	2.642	22.595	0.123	0.973	6000.0
226	4.407	24.117	2.102	18.627	0.105	0.98	6000.0
227	5.264	30.025	2.435	23.254	0.127	0.972	6000.0
228	5.271	29.701	2.611	23.786	0.15	0.974	6000.0
229	4.667	25.89	2.075	18.11	0.132	0.983	11000.0
230	4.059	22.555	1.893	17.18	0.104	0.982	6000.0
231	5.313	29.806	2.617	23.661	0.121	0.966	6000.0
232	6.291	35.084	2.827	28.005	0.168	0.953	6000.0
233	5.086	27.787	2.452	21.623	0.146	0.972	6000.0
234	5.556	31.301	2.601	23.44	0.168	0.97	6000.0
235	4.903	27.813	2.278	21.158	0.134	0.976	6000.0
236	4.531	25.128	2.122	19.182	0.129	0.977	6000.0
237	4.513	25.455	2.201	19.414	0.13	0.981	6000.0
238	6.042	34.182	2.87	26.918	0.158	0.962	6000.0
239	5.622	31.375	2.691	24.693	0.146	0.97	6000.0
240	5.851	33.012	2.74	25.988	0.147	0.968	6000.0
241	4.613	25.684	2.253	20.665	0.15	0.976	11000.0
242	4.803	27.277	2.153	18.824	0.126	0.984	6000.0
243	5.482	31.046	2.5	23.231	0.156	0.97	6000.0
244	5.683	32.222	2.534	25.182	0.169	0.96	6000.0
245	5.667	31.982	2.771	25.588	0.137	0.962	6000.0
246	4.244	24.016	2.088	19.097	0.131	0.982	6000.0
247	4.284	24.239	1.982	16.298	0.128	0.987	6000.0
248	6.732	37.835	3.66	31.286	0.151	0.94	6000.0
249	5.502	30.777	2.483	23.736	0.163	0.968	6000.0
250	5.2	29.426	2.585	24.088	0.136	0.97	6000.0
251	6.328	35.882	3.108	28.724	0.168	0.949	6000.0
252	6.064	34.584	3.081	27.822	0.144	0.963	6000.0
253	6.678	38.494	3.418	31.762	0.165	0.94	6000.0
254	5.39	29.725	2.446	22.127	0.147	0.976	6000.0
255	4.939	27.484	2.42	21.634	0.115	0.973	6000.0
256	6.037	34.033	2.908	26.352	0.181	0.968	6000.0
257	4.335	24.103	2.056	18.541	0.12	0.978	6000.0
258	5.55	31.41	2.583	23.109	0.147	0.976	6000.0
259	4.521	25.089	2.351	21.446	0.097	0.969	6000.0
260	5.623	31.673	3.13	28.011	0.103	0.955	6000.0
261	5.287	29.716	2.513	22.444	0.162	0.973	6000.0
262	5.509	30.434	2.329	22.787	0.158	0.965	6000.0
263	4.435	24.322	2.065	18.421	0.134	0.982	6000.0
264	5.726	32.09	2.692	24.417	0.155	0.971	6000.0
265	6.014	33.36	2.842	25.859	0.176	0.964	6000.0
266	5.924	32.652	2.802	25.821	0.148	0.967	6000.0
267	6.041	33.858	2.814	25.524	0.182	0.959	6000.0
268	4.632	25.988	2.149	19.467	0.128	0.974	6000.0
269	5.003	28.293	2.423	23.55	0.105	0.968	6000.0
270	4.746	26.847	2.476	22.278	0.111	0.973	6000.0
271	4.97	28.173	2.284	20.61	0.138	0.978	6000.0
272	5.249	29.113	2.604	23.124	0.116	0.972	6000.0
273	4.529	25.022	2.297	19.612	0.121	0.979	6000.0
274	6.347	36.305	2.94	27.668	0.171	0.957	6000.0
275	4.242	23.775	1.937	18.344	0.107	0.981	6000.0
276	6.643	36.897	3.097	29.866	0.171	0.952	6000.0
277	5.462	30.505	2.546	22.22	0.178	0.967	6000.0
278	6.082	33.488	2.859	24.585	0.178	0.971	6000.0
279	5.151	28.695	2.258	20.215	0.14	0.98	6000.0
280	4.691	26.726	2.412	21.623	0.116	0.974	6000.0
281	4.647	26.589	2.227	20.76	0.125	0.978	6000.0
282	5.592	31.293	2.86	25.288	0.13	0.967	6000.0
283	4.36	24.202	2.057	17.863	0.116	0.984	6000.0
284	5.793	32.089	2.856	26.346	0.136	0.968	6000.0
285	3.8	21.529	1.745	15.64	0.103	0.988	6000.0
286	6.092	33.976	3.1	27.647	0.154	0.951	6000.0
287	4.579	25.933	2.138	19.713	0.114	0.978	6000.0
288	5.656	32.374	2.693	25.052	0.17	0.965	6000.0
289	5.283	29.88	2.43	21.69	0.143	0.98	6000.0
290	4.742	27.366	2.179	20.963	0.123	0.976	6000.0
291	5.395	30.726	2.668	24.18	0.152	0.97	6000.0
292	5.594	31.066	2.565	23.209	0.163	0.975	6000.0
293	4.773	27.117	2.305	20.213	0.123	0.982	6000.0
294	4.985	28.435	2.35	21.214	0.154	0.976	6000.0
295	6.346	35.349	3.141	29.87	0.16	0.949	6000.0
296	5.14	28.611	2.467	23.38	0.117	0.977	6000.0
297	5.657	31.418	2.918	26.686	0.134	0.954	6000.0
298	4.905	26.964	2.268	20.366	0.125	0.969	6000.0
299	7.961	44.923	3.971	36.231	0.196	0.923	6000.0
300	4.483	24.937	2.221	20.956	0.122	0.967	6000.0
301	5.156	28.835	2.476	22.601	0.177	0.969	6000.0
302	5.097	28.683	2.424	21.149	0.139	0.978	6000.0
303	4.718	26.88	2.077	18.56	0.132	0.982	6000.0
304	5.692	32.089	2.733	26.792	0.138	0.959	6000.0
305	6.129	34.625	3.046	28.083	0.146	0.955	6000.0
306	4.464	24.331	2.145	19.301	0.105	0.974	6000.0
307	6.56	36.356	2.895	29.521	0.18	0.94	6000.0
308	5.203	28.77	2.416	22.632	0.134	0.968	6000.0
309	5.696	31.11	2.625	24.141	0.144	0.967	6000.0
310	4.52	25.535	2.177	19.606	0.105	0.979	6000.0
311	5.328	29.719	2.569	22.671	0.148	0.976	6000.0
312	4.853	27.297	2.366	21.483	0.142	0.978	6000.0
313	5.638	32.035	2.81	25.694	0.128	0.967	6000.0
314	4.33	24.939	2.289	21.385	0.115	0.97	6000.0
315	4.356	24.129	2.122	18.996	0.115	0.982	6000.0
316	4.423	25.012	2.493	21.688	0.095	0.981	6000.0
317	4.855	27.058	2.282	20.627	0.133	0.973	6000.0
318	5.479	30.998	2.733	25.67	0.143	0.969	6000.0
319	4.814	27.122	2.262	21.389	0.124	0.977	6000.0
320	6.06	34.73	2.998	28.085	0.148	0.959	6000.0
321	5.321	29.548	2.696	24.909	0.116	0.96	6000.0
322	4.618	25.731	2.224	20.536	0.125	0.981	6000.0
323	4.753	26.35	2.168	20.375	0.14	0.975	6000.0
324	4.622	25.661	2.186	19.814	0.091	0.978	6000.0
325	4.94	27.553	2.306	20.873	0.138	0.973	6000.0
326	5.535	31.296	2.676	23.861	0.144	0.967	6000.0
327	5.274	29.809	2.74	24.584	0.146	0.969	6000.0
328	5.421	30.604	2.765	23.948	0.12	0.975	6000.0
329	4.946	27.38	2.267	19.665	0.133	0.981	6000.0
330	5.651	31.484	2.655	25.459	0.137	0.965	6000.0
331	4.588	25.8	2.224	21.087	0.114	0.964	6000.0
332	5.195	28.564	2.503	22.494	0.153	0.966	6000.0
333	4.338	24.322	1.906	17.393	0.125	0.983	6000.0
334	5.902	32.579	2.857	26.292	0.167	0.968	6000.0
335	5.578	30.989	2.533	22.464	0.17	0.973	6000.0
336	5.512	30.774	2.768	24.082	0.118	0.968	6000.0
337	5.912	33.593	2.834	24.96	0.179	0.97	6000.0
338	5.871	32.559	2.999	27.5	0.139	0.958	6000.0
339	6.061	33.173	2.668	24.624	0.182	0.968	6000.0
340	5.315	29.598	2.776	26.486	0.102	0.968	6000.0
341	5.29	30.407	2.369	22.736	0.146	0.969	6000.0
342	4.3	23.742	1.866	17.238	0.133	0.98	6000.0
343	4.309	23.87	1.999	18.817	0.104	0.98	6000.0
344	4.838	27.124	2.359	20.276	0.136	0.977	6000.0
345	4.572	25.49	2.066	18.538	0.128	0.982	6000.0
346	4.28	23.93	2.033	17.518	0.128	0.982	6000.0
347	5.297	29.487	2.702	23.904	0.117	0.966	6000.0
348	5.771	32.287	2.811	26.004	0.135	0.961	6000.0
349	5.248	29.588	2.503	22.953	0.147	0.969	6000.0
350	5.71	32.294	2.464	23.996	0.177	0.966	6000.0
351	5.885	32.772	2.737	26.527	0.156	0.961	6000.0
352	5.623	32.351	2.791	25.307	0.13	0.965	6000.0
353	5.273	29.136	2.416	21.82	0.16	0.973	6000.0
354	3.885	21.692	1.802	15.789	0.112	0.985	6000.0
355	6.615	37.086	3.05	27.594	0.2	0.968	6000.0
356	6.622	37.901	3.389	32.13	0.163	0.936	6000.0
357	4.979	27.342	2.34	20.823	0.113	0.977	6000.0
358	3.696	20.525	1.627	14.433	0.108	0.989	6000.0
359	4.875	27.015	2.158	21.046	0.138	0.974	6000.0
360	5.197	28.678	2.54	22.528	0.123	0.969	6000.0
361	4.625	25.734	2.009	18.977	0.135	0.979	6000.0
362	4.121	22.62	1.878	16.942	0.105	0.983	6000.0
363	5.324	30.146	2.596	24.617	0.135	0.965	6000.0
364	4.449	24.492	2.076	18.796	0.108	0.983	6000.0
365	4.426	25.148	2.024	17.815	0.121	0.983	6000.0
366	4.977	28.179	2.48	24.357	0.14	0.965	6000.0
367	5.426	30.453	2.735	23.082	0.149	0.955	6000.0
368	6.08	33.194	2.883	27.094	0.163	0.954	6000.0
369	5.568	31.943	2.885	26.274	0.154	0.958	6000.0
370	5.237	29.744	2.689	24.015	0.115	0.964	6000.0
371	4.327	24.248	2.157	19.834	0.103	0.981	6000.0
372	4.752	26.857	2.349	21.77	0.107	0.974	6000.0
373	5.084	28.173	2.318	19.773	0.126	0.983	6000.0
374	4.655	26.295	2.314	21.068	0.102	0.977	6000.0
375	4.613	26.046	2.212	18.757	0.139	0.982	6000.0
376	4.703	26.386	2.21	21.312	0.114	0.974	6000.0
377	4.429	25.424	2.076	18.318	0.125	0.983	6000.0
378	6.038	34.775	3.015	29.977	0.163	0.945	6000.0
379	6.105	34.705	2.959	28.549	0.153	0.959	6000.0
380	4.748	26.627	2.174	20.707	0.13	0.974	6000.0
381	6.179	34.449	2.753	24.733	0.182	0.972	6000.0
382	3.645	20.66	1.587	14.154	0.104	0.991	6000.0
383	5.763	32.928	2.93	25.668	0.145	0.964	6000.0
384	5.984	33.292	2.753	23.264	0.177	0.976	6000.0
385	5.984	33.837	3.145	28.351	0.147	0.954	6000.0
386	5.615	31.281	2.596	23.781	0.155	0.97	6000.0
387	4.432	25.106	2.043	19.49	0.105	0.981	6000.0
388	6.842	38.616	3.226	30.386	0.195	0.947	6000.0
389	5.941	33.357	2.622	24.661	0.15	0.97	6000.0
390	4.492	24.865	2.082	18.312	0.119	0.979	6000.0
391	4.676	26.18	2.389	21.946	0.091	0.976	6000.0
392	4.712	26.717	2.213	20.966	0.16	0.966	7000.0
393	5.547	30.727	2.552	24.871	0.139	0.957	6000.0
394	4.756	26.218	2.179	19.42	0.12	0.981	6000.0
395	5.57	30.548	2.67	24.039	0.14	0.968	6000.0
396	5.174	29.108	2.441	22.312	0.14	0.979	6000.0
397	4.955	27.695	2.455	22.226	0.105	0.978	6000.0
398	6.614	37.692	3.116	30.248	0.168	0.946	6000.0
399	3.384	18.821	1.654	14.738	0.094	0.986	6000.0
400	5.574	31.654	2.618	24.174	0.139	0.965	6000.0
401	4.081	23.031	1.933	16.756	0.093	0.984	6000.0
402	6.051	34.05	2.999	28.765	0.145	0.956	6000.0
403	5.205	29.26	2.506	22.56	0.14	0.979	6000.0
404	5.21	29.151	2.431	21.873	0.147	0.97	6000.0
405	3.608	20.042	1.965	16.358	0.085	0.988	6000.0
406	5.543	30.401	2.503	22.983	0.157	0.966	6000.0
407	4.294	23.905	2.038	18.259	0.103	0.983	6000.0
408	3.99	22.425	1.84	16.105	0.108	0.988	6000.0
409	5.12	28.44	2.465	21.084	0.159	0.978	6000.0
410	4.541	25.779	2.363	22.452	0.127	0.967	6000.0
411	4.964	28.107	2.413	21.83	0.154	0.974	6000.0
412	5.934	32.672	2.793	27.004	0.167	0.956	6000.0
413	6.149	34.954	2.839	26.932	0.136	0.959	6000.0
414	5.448	31.146	2.57	22.907	0.168	0.969	6000.0
415	5.336	29.423	2.331	22.183	0.158	0.969	6000.0
416	4.19	23.863	1.965	17.498	0.123	0.984	6000.0
417	3.606	20.328	1.674	15.223	0.095	0.988	6000.0
418	5.81	32.768	2.749	26.597	0.131	0.965	6000.0
419	3.863	21.671	1.93	16.663	0.097	0.985	6000.0
420	5.407	30.994	2.424	22.653	0.15	0.974	6000.0
421	4.745	26.739	2.281	19.773	0.126	0.982	6000.0
422	4.756	26.237	2.095	19.559	0.149	0.979	6000.0
423	6.564	36.433	3.011	28.977	0.162	0.953	6000.0
424	4.337	23.874	2.168	18.88	0.102	0.982	6000.0
425	3.83	21.838	1.808	16.819	0.097	0.984	6000.0
426	5.27	29.961	2.51	22.234	0.165	0.969	6000.0
427	5.835	33.487	2.759	26.636	0.14	0.957	6000.0
428	3.642	20.113	1.583	13.791	0.105	0.989	6000.0
429	5.394	30.932	2.391	23.014	0.158	0.969	6000.0
430	4.746	26.296	2.203	19.697	0.134	0.981	6000.0
431	3.898	21.197	1.748	15.048	0.117	0.988	6000.0
432	5.392	29.655	2.585	23.667	0.121	0.972	6000.0
433	6.327	34.638	2.764	25.493	0.18	0.966	6000.0
434	5.619	31.638	2.74	25.865	0.134	0.958	6000.0
435	4.944	27.476	2.407	22.139	0.131	0.97	6000.0
436	5.327	29.806	2.476	22.212	0.149	0.976	6000.0
437	5.977	33.899	2.779	25.63	0.176	0.963	6000.0
438	5.767	32.547	2.584	23.454	0.175	0.973	6000.0
439	4.102	22.342	1.829	15.888	0.121	0.986	6000.0
440	5.534	31.221	2.87	25.026	0.129	0.956	6000.0
441	5.751	32.895	2.721	27.248	0.154	0.96	6000.0
442	5.454	30.712	2.573	24.552	0.148	0.963	6000.0
443	5.803	32.941	2.968	27.243	0.138	0.96	6000.0
444	6.649	38.05	3.344	31.776	0.165	0.943	6000.0
445	4.587	25.394	1.958	17.357	0.151	0.984	6000.0
446	4.727	26.302	2.313	19.833	0.115	0.979	6000.0
447	4.661	26.166	2.183	20.343	0.122	0.983	6000.0
448	4.233	23.988	2.077	19.037	0.12	0.978	6000.0
449	5.156	29.165	2.266	20.966	0.148	0.976	6000.0
450	5.132	28.811	2.717	23.923	0.112	0.959	6000.0
451	5.612	31.333	2.357	21.804	0.185	0.972	6000.0
452	4.962	27.614	2.506	22.217	0.115	0.976	6000.0
453	5.415	29.674	2.839	25.026	0.114	0.97	6000.0
454	5.21	29.035	2.565	22.622	0.121	0.977	6000.0
455	4.827	26.874	2.34	20.625	0.119	0.974	6000.0
456	5.623	31.225	2.591	23.601	0.147	0.976	6000.0
457	6.513	36.21	2.968	28.861	0.167	0.947	6000.0
458	3.649	20.61	1.669	14.775	0.085	0.99	6000.0
459	4.21	23.771	1.853	16.903	0.122	0.985	6000.0
460	5.039	27.295	2.313	22.06	0.123	0.972	6000.0
461	5.549	31.123	2.686	25.383	0.158	0.967	6000.0
462	5.971	33.02	2.923	26.252	0.17	0.966	6000.0
463	5.853	32.725	2.835	25.957	0.145	0.967	6000.0
464	5.606	31.29	2.596	24.932	0.142	0.966	6000.0
465	4.587	26.362	2.131	19.159	0.134	0.983	6000.0
466	6.571	37.007	3.25	29.74	0.145	0.951	6000.0
467	4.759	26.822	2.33	20.952	0.124	0.979	6000.0
468	4.583	25.209	2.211	18.414	0.123	0.981	6000.0
469	6.256	35.727	2.874	27.516	0.182	0.96	6000.0
470	5.252	28.689	2.502	22.487	0.157	0.966	6000.0
471	5.382	30.049	2.547	24.045	0.152	0.969	6000.0
472	4.728	27.127	2.143	19.222	0.137	0.979	6000.0
473	5.194	29.491	2.74	23.114	0.112	0.967	6000.0
474	4.391	24.958	2.268	20.373	0.104	0.977	6000.0
475	4.856	26.807	2.243	19.488	0.139	0.979	6000.0
476	6.359	35.589	2.827	26.087	0.18	0.967	6000.0
477	5.628	31.182	2.702	24.506	0.143	0.971	6000.0
478	3.991	22.29	2.057	16.661	0.102	0.988	6000.0
479	5.272	30.474	2.522	23.14	0.155	0.967	6000.0
480	5.505	31.097	2.617	25.073	0.15	0.97	6000.0
481	4.842	26.916	2.418	21.057	0.153	0.978	6000.0
482	4.942	27.187	2.243	19.921	0.145	0.975	6000.0
483	5.397	30.401	2.62	23.092	0.129	0.973	6000.0
484	3.974	22.758	1.916	17.838	0.105	0.976	6000.0
485	4.24	23.697	2.108	19.728	0.096	0.977	6000.0
486	4.677	26.54	2.4	20.81	0.123	0.978	6000.0
487	5.759	33.194	2.88	25.489	0.148	0.958	6000.0
488	6.66	37.384	3.21	29.322	0.161	0.956	6000.0
489	5.52	29.743	2.479	22.901	0.132	0.966	6000.0
490	4.821	27.361	2.237	20.263	0.139	0.978	6000.0
491	6.515	36.158	3.342	30.115	0.131	0.949	6000.0
492	5.419	30.278	2.678	24.384	0.121	0.971	6000.0
493	4.405	24.605	2.115	18.498	0.128	0.983	6000.0
494	4.664	26.115	2.138	19.487	0.146	0.975	6000.0
495	5.611	31.938	2.837	26.349	0.131	0.961	6000.0
496	5.549	31.5	2.576	23.622	0.173	0.967	6000.0
497	5.073	29.571	2.567	23.68	0.126	0.967	6000.0
498	4.73	26.152	2.205	20.262	0.127	0.976	6000.0
499	5.462	30.531	2.749	25.97	0.139	0.959	6000.0
500	6.455	36.041	3.031	28.663	0.184	0.952	6000.0
501	6.129	34.948	2.816	27.161	0.182	0.954	6000.0
502	4.0	21.957	1.662	15.391	0.118	0.983	6000.0
503	5.12	29.25	2.546	23.474	0.125	0.975	6000.0
504	4.888	27.482	2.368	22.718	0.119	0.974	6000.0
505	6.825	38.377	3.201	30.252	0.17	0.95	6000.0
506	4.169	23.358	2.081	18.003	0.106	0.983	6000.0
507	3.898	21.823	1.809	16.565	0.101	0.986	6000.0
508	5.163	27.906	2.453	23.185	0.111	0.969	6000.0
509	4.48	24.485	2.136	19.417	0.129	0.978	6000.0
510	5.735	32.92	2.893	27.75	0.153	0.968	6000.0
511	4.26	23.73	1.997	17.068	0.116	0.984	6000.0
512	5.289	28.908	2.493	22.475	0.137	0.972	6000.0
513	5.274	29.85	2.365	22.037	0.138	0.977	6000.0
514	6.054	33.982	3.242	30.048	0.139	0.952	6000.0
515	5.859	32.754	2.872	27.204	0.123	0.965	6000.0
516	6.238	34.176	3.117	28.588	0.147	0.957	6000.0
517	5.17	28.875	2.571	23.201	0.135	0.968	6000.0
518	5.553	30.573	2.616	21.96	0.142	0.977	6000.0
519	5.691	32.388	2.955	27.139	0.143	0.961	6000.0
520	6.502	35.735	3.021	28.534	0.168	0.962	6000.0
521	5.954	33.07	2.77	25.251	0.143	0.97	6000.0
522	4.981	27.866	2.35	21.852	0.116	0.975	6000.0
523	5.09	27.886	2.414	20.784	0.141	0.974	6000.0
524	4.677	26.729	2.332	20.927	0.118	0.98	6000.0
525	7.07	40.23	3.783	35.684	0.189	0.919	6000.0
526	5.358	29.078	2.495	22.757	0.134	0.968	6000.0
527	4.489	25.147	2.252	21.179	0.113	0.973	6000.0
528	4.38	24.255	2.045	17.424	0.116	0.986	6000.0
529	5.603	31.861	2.539	23.462	0.178	0.966	6000.0
530	5.349	29.891	2.45	22.691	0.133	0.974	6000.0
531	4.419	25.033	2.116	18.45	0.104	0.983	6000.0
532	4.576	25.755	2.15	19.108	0.115	0.979	6000.0
533	6.046	34.422	2.781	26.625	0.181	0.966	6000.0
534	5.501	31.534	2.786	25.929	0.14	0.968	6000.0
535	5.989	33.612	2.912	26.082	0.154	0.968	6000.0
536	4.857	27.529	2.226	20.512	0.138	0.979	6000.0
537	5.194	28.99	2.179	20.631	0.169	0.97	6000.0
538	5.508	30.702	2.509	22.546	0.14	0.979	6000.0
539	4.581	26.323	2.169	19.793	0.139	0.98	6000.0
540	4.968	27.378	2.569	22.88	0.115	0.978	6000.0
541	5.223	29.247	2.711	24.612	0.117	0.959	6000.0
542	7.01	38.931	3.246	32.779	0.166	0.947	6000.0
543	5.598	31.151	2.737	25.184	0.146	0.966	6000.0
544	4.746	26.127	2.45	21.656	0.099	0.975	6000.0
545	5.476	30.511	2.507	23.44	0.167	0.974	6000.0
546	5.769	32.192	2.868	25.771	0.132	0.969	6000.0
547	5.372	30.076	2.362	22.771	0.174	0.967	6000.0
548	4.51	25.291	2.15	18.935	0.13	0.978	6000.0
549	5.315	30.079	2.474	21.811	0.157	0.976	6000.0
550	4.57	25.453	2.076	19.612	0.12	0.974	6000.0
551	4.775	27.408	2.664	22.89	0.103	0.968	6000.0
552	4.694	26.894	2.108	21.117	0.13	0.971	6000.0
553	4.58	25.403	2.471	21.443	0.078	0.978	6000.0
554	5.39	30.105	2.658	22.941	0.144	0.968	6000.0
555	5.562	31.925	2.846	26.244	0.155	0.966	6000.0
556	5.669	31.359	2.682	24.322	0.147	0.971	6000.0
557	4.984	27.209	2.284	19.462	0.148	0.981	6000.0
558	5.573	30.762	2.557	24.569	0.151	0.959	6000.0
559	4.607	25.657	2.416	20.36	0.093	0.98	6000.0
560	4.525	25.385	2.201	19.972	0.11	0.976	6000.0
561	5.518	30.701	2.58	22.695	0.155	0.972	6000.0
562	3.973	21.665	1.738	15.828	0.115	0.985	6000.0
563	4.714	26.646	2.287	19.275	0.127	0.982	6000.0
564	6.044	33.786	2.881	27.471	0.15	0.962	6000.0
565	5.197	29.309	2.705	24.34	0.116	0.968	6000.0
566	5.997	33.478	2.878	26.619	0.165	0.961	6000.0
567	5.284	29.967	2.561	23.299	0.165	0.97	6000.0
568	5.462	30.691	2.78	25.565	0.125	0.966	6000.0
569	4.961	28.072	2.362	20.16	0.137	0.975	6000.0
570	6.241	34.418	2.876	26.663	0.162	0.961	6000.0
571	5.146	28.542	2.453	23.097	0.133	0.973	6000.0
572	5.758	32.028	2.643	24.635	0.155	0.968	6000.0
573	5.1	28.501	2.404	21.64	0.151	0.976	6000.0
574	6.775	36.855	3.13	28.313	0.17	0.955	6000.0
575	4.994	27.342	2.251	21.106	0.135	0.972	6000.0
576	7.416	41.194	3.251	32.675	0.22	0.942	6000.0
577	5.5	30.782	2.711	24.417	0.148	0.962	6000.0
578	5.975	33.401	3.012	27.706	0.133	0.962	6000.0
579	5.784	32.495	2.674	24.59	0.134	0.961	6000.0
580	3.825	21.307	1.83	16.689	0.1	0.984	6000.0
581	4.81	26.932	2.327	21.271	0.117	0.973	6000.0
582	5.144	29.123	2.54	23.521	0.123	0.97	6000.0
583	5.276	29.438	2.598	23.301	0.135	0.97	6000.0
584	4.861	27.072	2.331	20.172	0.14	0.981	6000.0
585	4.225	23.673	1.945	16.952	0.122	0.984	6000.0
586	5.263	29.661	2.54	22.422	0.147	0.976	6000.0
587	4.91	27.215	2.305	20.172	0.155	0.976	6000.0
588	5.719	31.79	2.725	24.712	0.132	0.963	6000.0
589	5.001	27.876	2.365	21.116	0.134	0.976	6000.0
590	5.72	32.686	3.02	27.407	0.149	0.963	6000.0
591	4.869	26.772	2.574	23.145	0.153	0.964	6000.0
592	5.492	31.609	2.516	22.504	0.175	0.97	6000.0
593	5.392	30.207	2.629	23.124	0.144	0.971	6000.0
594	6.324	35.676	2.757	27.686	0.199	0.949	6000.0
595	4.915	27.71	2.397	21.922	0.112	0.978	6000.0
596	5.182	28.643	2.493	22.295	0.14	0.972	6000.0
597	5.553	31.113	2.635	24.187	0.15	0.97	6000.0
598	4.533	25.316	2.069	20.136	0.116	0.978	6000.0
599	4.758	26.296	2.175	21.208	0.125	0.972	6000.0
600	7.574	42.543	3.678	33.016	0.18	0.938	6000.0
601	6.969	39.042	3.383	31.022	0.161	0.945	6000.0
602	4.804	26.354	2.256	19.126	0.128	0.983	6000.0
603	4.587	25.555	1.989	18.522	0.14	0.982	6000.0
604	6.755	37.943	3.217	30.052	0.158	0.961	6000.0
605	4.95	27.635	2.399	21.857	0.117	0.975	6000.0
606	4.716	26.4	2.029	18.75	0.134	0.982	6000.0
607	5.287	29.582	2.629	25.223	0.12	0.964	6000.0
608	5.238	30.204	2.456	22.523	0.143	0.973	6000.0
609	4.622	25.186	2.445	20.034	0.098	0.976	6000.0
610	5.041	28.639	2.56	22.699	0.112	0.973	6000.0
611	5.467	30.809	2.553	23.545	0.128	0.968	6000.0
612	5.019	28.082	2.265	21.314	0.135	0.974	6000.0
613	5.379	29.936	2.629	23.356	0.141	0.97	6000.0
614	5.299	29.745	2.671	25.175	0.128	0.968	6000.0
615	5.213	29.264	2.646	24.206	0.133	0.963	6000.0
616	4.778	26.476	2.2	19.204	0.135	0.982	6000.0
617	5.297	29.444	2.502	22.415	0.117	0.975	6000.0
618	5.209	28.728	2.359	21.491	0.147	0.972	6000.0
619	5.005	29.047	2.386	22.438	0.155	0.968	6000.0
620	4.046	22.925	1.728	16.784	0.104	0.986	6000.0
621	6.296	35.541	3.081	28.536	0.166	0.95	6000.0
622	4.852	26.799	2.19	20.868	0.142	0.971	6000.0
623	4.93	27.571	2.465	21.516	0.12	0.975	6000.0
624	4.871	27.075	2.45	21.617	0.132	0.976	6000.0
625	5.086	28.684	2.205	20.108	0.161	0.978	6000.0
626	5.049	28.43	2.413	22.843	0.123	0.972	6000.0
627	5.608	31.222	2.552	24.235	0.158	0.969	6000.0
628	6.179	33.985	2.939	26.941	0.171	0.964	6000.0
629	4.707	25.721	2.044	18.033	0.151	0.983	6000.0
630	5.322	30.431	2.587	24.444	0.138	0.967	6000.0
631	6.149	34.554	3.062	27.332	0.15	0.959	6000.0
632	4.515	24.984	1.961	17.633	0.135	0.981	6000.0
633	3.936	21.773	1.823	15.92	0.1	0.987	6000.0
634	5.048	27.711	2.503	22.479	0.138	0.975	6000.0
635	4.931	28.201	2.266	21.253	0.134	0.973	6000.0
636	5.428	30.552	2.739	23.982	0.131	0.972	6000.0
637	5.617	31.169	2.519	23.368	0.15	0.972	6000.0
638	4.285	23.74	1.833	16.122	0.114	0.986	6000.0
639	4.409	24.645	1.946	18.214	0.125	0.983	6000.0
640	6.799	37.541	3.354	30.878	0.153	0.951	6000.0
641	4.419	25.226	2.291	19.612	0.115	0.982	6000.0
642	4.972	27.808	2.335	20.768	0.145	0.975	6000.0
643	4.606	25.82	2.029	17.614	0.135	0.987	6000.0
644	5.595	31.19	2.564	23.735	0.122	0.972	6000.0
645	4.64	25.078	2.126	18.671	0.124	0.984	6000.0
646	3.588	20.263	1.708	15.463	0.094	0.985	6000.0
647	4.38	24.042	2.239	19.414	0.095	0.978	6000.0
648	5.106	29.535	2.423	21.962	0.16	0.969	6000.0
649	5.638	31.712	2.672	24.199	0.172	0.962	6000.0
650	5.357	30.432	2.563	23.238	0.144	0.973	7000.0
651	5.371	30.692	2.397	22.251	0.152	0.974	6000.0
652	6.408	36.276	2.881	27.128	0.16	0.957	6000.0
653	5.601	31.034	2.59	25.375	0.136	0.959	6000.0
654	5.644	31.211	2.506	23.133	0.17	0.969	6000.0
655	5.669	31.511	2.814	26.028	0.134	0.962	6000.0
656	4.762	26.809	2.206	18.847	0.139	0.983	6000.0
657	6.472	37.189	3.215	27.986	0.192	0.957	6000.0
658	5.254	29.803	2.363	21.999	0.156	0.972	6000.0
659	4.251	23.617	2.245	19.466	0.09	0.978	6000.0
660	4.497	24.901	1.998	20.028	0.111	0.975	6000.0
661	5.149	28.44	2.345	21.588	0.136	0.971	6000.0
662	5.218	29.286	2.51	22.316	0.138	0.976	6000.0
663	5.852	32.231	2.776	25.626	0.175	0.959	6000.0
664	5.021	27.807	2.363	22.634	0.129	0.971	6000.0
665	6.761	38.182	3.134	29.364	0.175	0.945	6000.0
666	5.358	29.949	2.586	22.715	0.13	0.977	6000.0
667	4.895	27.625	2.253	20.748	0.134	0.975	6000.0
668	5.335	29.54	2.372	21.56	0.151	0.972	6000.0
669	4.332	24.28	1.955	17.194	0.128	0.986	6000.0
670	4.879	27.139	2.414	20.355	0.121	0.979	6000.0
671	6.648	37.336	3.079	29.528	0.184	0.952	6000.0
672	5.388	30.811	2.589	24.44	0.132	0.968	6000.0
673	3.234	17.867	1.527	14.149	0.093	0.986	6000.0
674	4.949	27.581	2.373	20.522	0.12	0.979	6000.0
675	6.151	33.689	2.9	25.248	0.172	0.968	6000.0
676	5.753	31.808	2.554	24.749	0.185	0.956	6000.0
677	5.417	30.817	2.46	22.817	0.163	0.969	6000.0
678	5.013	28.173	2.409	21.409	0.148	0.972	6000.0
679	4.53	25.597	2.011	19.301	0.128	0.976	8000.0
680	4.331	24.115	2.061	18.739	0.097	0.977	6000.0
681	5.984	32.931	2.714	24.709	0.174	0.967	6000.0
682	6.422	35.513	3.178	27.85	0.153	0.956	6000.0
683	4.651	25.887	2.12	19.822	0.122	0.981	6000.0
684	4.924	27.933	2.314	21.324	0.143	0.979	6000.0
685	4.931	27.72	2.21	20.782	0.121	0.978	6000.0
686	5.915	33.515	3.123	28.649	0.118	0.958	6000.0
687	4.169	23.242	1.868	17.094	0.109	0.982	6000.0
688	5.2	29.61	2.433	22.461	0.156	0.974	6000.0
689	5.137	28.809	2.377	21.632	0.144	0.978	6000.0
690	5.617	31.754	2.709	25.813	0.133	0.961	6000.0
691	4.72	26.225	2.11	17.893	0.122	0.985	6000.0
692	6.071	34.421	3.042	28.099	0.148	0.95	6000.0
693	4.934	27.762	2.387	21.689	0.121	0.977	6000.0
694	5.578	31.179	2.615	25.202	0.121	0.966	6000.0
695	4.746	27.3	2.467	21.899	0.104	0.977	6000.0
696	5.696	31.93	2.829	25.185	0.137	0.975	6000.0
697	5.438	30.304	2.474	22.295	0.136	0.975	6000.0
698	5.025	28.196	2.365	22.344	0.138	0.967	6000.0
699	4.98	28.13	2.432	22.254	0.125	0.975	6000.0
700	5.352	30.049	2.598	23.662	0.127	0.97	6000.0
701	5.084	28.601	2.435	22.015	0.141	0.973	6000.0
702	6.04	34.366	2.737	25.416	0.16	0.966	6000.0
703	5.846	33.16	2.914	25.48	0.154	0.966	6000.0
704	6.014	33.406	2.882	25.515	0.22	0.963	6000.0
705	3.939	22.099	1.781	16.944	0.098	0.984	6000.0
706	4.28	24.274	2.075	19.594	0.1	0.976	6000.0
707	4.502	24.659	2.275	20.54	0.103	0.974	6000.0
708	4.586	25.71	2.201	19.932	0.109	0.98	6000.0
709	4.057	22.102	1.829	16.393	0.105	0.984	6000.0
710	5.404	29.931	2.526	22.658	0.172	0.975	6000.0
711	5.838	32.006	2.769	24.36	0.157	0.974	6000.0
712	5.651	30.797	2.655	24.711	0.15	0.965	6000.0
713	7.933	44.377	3.724	35.484	0.207	0.922	6000.0
714	5.504	30.893	2.699	24.773	0.122	0.967	6000.0
715	5.026	28.424	2.437	21.927	0.137	0.977	6000.0
716	5.39	30.654	2.648	24.803	0.132	0.967	6000.0
717	4.313	23.782	2.146	18.11	0.102	0.984	6000.0
718	5.002	27.83	2.191	19.095	0.154	0.977	6000.0
719	5.917	33.441	2.991	27.615	0.143	0.955	6000.0
720	6.706	37.504	3.305	30.502	0.146	0.94	6000.0
721	4.17	22.629	1.941	17.927	0.098	0.979	6000.0
722	4.511	25.041	2.33	20.282	0.12	0.979	6000.0
723	4.573	25.613	2.052	17.432	0.123	0.986	6000.0
724	5.036	27.634	2.313	20.346	0.135	0.977	6000.0
725	5.847	32.055	2.631	24.39	0.155	0.961	6000.0
726	5.708	31.496	2.541	23.082	0.167	0.973	6000.0
727	6.495	37.2	3.016	29.16	0.183	0.95	6000.0
728	5.086	28.645	2.799	25.151	0.101	0.962	6000.0
729	4.982	27.738	2.443	21.814	0.119	0.973	6000.0
730	4.557	25.393	2.143	18.406	0.112	0.985	6000.0
731	6.292	35.943	2.758	28.016	0.158	0.96	6000.0
732	6.749	38.188	3.175	29.333	0.2	0.944	6000.0
733	4.501	25.367	2.056	18.852	0.137	0.981	6000.0
734	5.056	28.27	2.514	22.698	0.138	0.976	6000.0
735	4.924	27.289	2.207	20.397	0.162	0.975	6000.0
736	5.734	31.342	2.71	25.076	0.132	0.971	6000.0
737	5.101	28.686	2.66	23.531	0.11	0.976	6000.0
738	6.263	34.832	2.979	28.763	0.183	0.944	6000.0
739	6.05	35.535	3.313	28.987	0.18	0.936	6000.0
740	4.931	28.515	2.265	21.637	0.156	0.968	6000.0
741	4.961	28.103	2.254	20.687	0.121	0.98	6000.0
742	5.427	30.112	2.493	22.156	0.139	0.976	6000.0
743	5.67	31.554	2.521	23.668	0.16	0.971	6000.0
744	6.096	33.716	2.702	26.423	0.157	0.959	6000.0
745	4.207	23.056	1.843	16.091	0.115	0.984	6000.0
746	5.064	28.612	2.384	21.87	0.125	0.975	6000.0
747	6.019	33.841	3.03	25.987	0.19	0.962	6000.0
748	4.502	25.796	2.076	18.006	0.145	0.981	6000.0
749	5.53	30.664	2.7	23.817	0.158	0.97	6000.0
750	5.152	29.235	2.357	22.389	0.151	0.968	6000.0
751	3.31	18.53	1.542	13.547	0.103	0.988	6000.0
752	5.24	29.834	2.428	20.799	0.123	0.979	6000.0
753	4.574	25.052	2.162	19.59	0.139	0.975	6000.0
754	5.024	28.335	2.296	21.416	0.141	0.977	6000.0
755	4.985	28.565	2.459	22.742	0.121	0.967	6000.0
756	5.977	33.811	2.854	27.828	0.155	0.959	6000.0
757	5.931	33.94	2.829	26.851	0.132	0.954	6000.0
758	5.109	28.768	2.56	23.272	0.127	0.965	6000.0
759	6.381	35.46	2.957	30.658	0.16	0.944	6000.0
760	4.689	26.242	2.139	18.88	0.121	0.983	6000.0
761	5.671	32.195	2.626	26.098	0.117	0.965	6000.0
762	3.523	19.611	1.586	13.462	0.11	0.991	6000.0
763	6.141	34.001	2.83	26.788	0.146	0.959	6000.0
764	4.201	23.043	2.08	18.117	0.109	0.979	6000.0
765	4.634	25.516	2.228	19.925	0.103	0.978	6000.0
766	6.02	34.129	3.017	28.172	0.156	0.961	6000.0
767	4.377	24.791	2.079	19.38	0.117	0.977	6000.0
768	5.396	30.289	2.609	22.614	0.14	0.972	6000.0
769	5.928	33.451	2.69	24.711	0.164	0.969	6000.0
770	4.692	26.871	2.461	22.243	0.112	0.974	6000.0
771	3.69	20.694	1.931	17.189	0.083	0.982	6000.0
772	5.443	29.555	2.681	25.267	0.138	0.964	6000.0
773	4.556	25.404	2.013	17.825	0.133	0.985	6000.0
774	6.219	34.712	3.306	27.328	0.147	0.958	6000.0
775	4.822	26.729	2.198	19.764	0.151	0.977	6000.0
776	5.841	32.618	2.874	26.268	0.168	0.965	6000.0
777	5.104	28.397	2.552	22.533	0.115	0.974	6000.0
778	5.151	29.551	2.546	23.908	0.131	0.97	6000.0
779	5.079	27.844	2.419	21.653	0.148	0.975	6000.0
780	4.875	26.631	2.183	18.844	0.138	0.979	6000.0
781	5.452	30.304	2.586	22.722	0.141	0.975	6000.0
782	5.781	32.45	3.002	27.685	0.121	0.962	6000.0
783	6.093	34.611	2.795	26.566	0.192	0.959	6000.0
784	3.47	19.312	1.539	13.43	0.1	0.99	6000.0
785	3.997	22.302	1.957	18.058	0.08	0.98	6000.0
786	5.338	29.672	2.297	22.017	0.147	0.974	6000.0
787	4.699	26.56	2.261	21.834	0.119	0.97	6000.0
788	6.209	34.832	2.881	26.803	0.185	0.959	6000.0
789	5.203	28.972	2.494	23.984	0.139	0.964	6000.0
790	5.654	31.783	2.661	24.774	0.13	0.962	6000.0
791	4.515	25.208	2.121	19.565	0.09	0.979	6000.0
792	5.998	33.303	2.635	23.797	0.166	0.972	6000.0
793	5.316	30.168	2.41	21.997	0.138	0.977	6000.0
794	5.175	28.616	2.563	22.248	0.133	0.971	6000.0
795	5.777	32.431	2.613	23.837	0.174	0.97	6000.0
796	4.714	25.816	2.255	19.81	0.152	0.976	6000.0
797	7.247	40.656	3.444	32.038	0.186	0.943	6000.0
798	6.775	37.999	3.239	29.863	0.159	0.946	6000.0
799	3.552	19.779	1.715	15.071	0.092	0.985	6000.0
800	5.898	32.851	2.704	25.007	0.164	0.962	6000.0
801	3.717	20.606	1.68	14.338	0.109	0.988	6000.0
802	5.119	28.37	2.279	20.376	0.16	0.979	6000.0
803	5.435	30.279	2.53	22.452	0.166	0.975	6000.0
804	6.204	34.146	2.82	27.407	0.174	0.953	6000.0
805	4.58	25.29	2.056	18.788	0.122	0.981	6000.0
806	5.367	30.453	2.519	22.549	0.14	0.974	6000.0
807	5.183	28.742	2.37	22.012	0.15	0.972	6000.0
808	5.775	32.432	3.009	26.959	0.125	0.962	6000.0
809	4.317	24.422	2.103	19.661	0.098	0.979	6000.0
810	4.827	27.302	2.536	22.222	0.094	0.974	6000.0
811	4.476	24.801	2.153	19.046	0.129	0.98	6000.0
812	4.854	26.945	2.395	20.896	0.111	0.982	6000.0
813	5.677	31.736	2.739	24.773	0.141	0.967	6000.0
814	5.228	28.817	2.493	21.099	0.167	0.973	6000.0
815	5.023	28.204	2.274	20.78	0.15	0.975	6000.0
816	4.059	22.904	2.004	18.061	0.095	0.98	6000.0
817	4.747	26.317	2.085	19.771	0.143	0.977	6000.0
818	5.074	28.071	2.247	19.429	0.143	0.977	6000.0
819	4.665	26.507	2.359	21.495	0.098	0.977	6000.0
820	4.615	26.056	2.204	19.181	0.113	0.984	6000.0
821	4.496	25.498	2.176	19.58	0.114	0.981	6000.0
822	7.037	39.222	3.528	29.792	0.183	0.938	6000.0
823	4.372	24.609	2.182	18.976	0.115	0.98	6000.0
824	5.675	31.653	2.476	23.661	0.157	0.966	6000.0
825	5.131	28.697	2.359	21.825	0.144	0.976	6000.0
826	6.755	36.135	3.085	27.69	0.198	0.94	6000.0
827	6.039	33.676	3.135	28.889	0.138	0.955	6000.0
828	6.023	33.037	2.707	26.135	0.192	0.953	6000.0
829	3.264	17.826	1.472	12.978	0.111	0.988	6000.0
830	5.998	33.919	2.645	25.601	0.205	0.957	6000.0
831	7.032	39.262	3.605	32.675	0.159	0.949	6000.0
832	4.781	27.171	2.41	21.899	0.102	0.973	6000.0
833	5.58	31.496	3.081	26.712	0.128	0.962	6000.0
834	7.155	41.088	3.353	33.474	0.213	0.941	6000.0
835	5.286	29.962	2.443	21.921	0.137	0.975	6000.0
836	6.955	38.836	3.084	29.244	0.181	0.951	6000.0
837	5.686	32.642	2.649	25.076	0.146	0.959	6000.0
838	5.522	31.013	2.996	26.554	0.115	0.959	6000.0
839	6.124	34.096	2.769	27.115	0.139	0.962	6000.0
840	4.686	26.059	2.348	21.056	0.115	0.965	6000.0
841	4.926	27.208	2.279	21.189	0.133	0.978	6000.0
842	4.959	28.015	2.425	21.195	0.119	0.974	6000.0
843	5.282	29.539	2.496	23.109	0.149	0.968	6000.0
844	6.948	39.255	3.513	33.27	0.168	0.937	6000.0
845	4.442	24.893	2.021	18.053	0.144	0.977	6000.0
846	5.065	28.684	2.215	21.981	0.156	0.971	6000.0
847	4.711	26.851	2.192	19.205	0.124	0.982	6000.0
848	4.292	24.607	2.155	19.402	0.107	0.982	6000.0
849	5.981	33.628	2.827	26.214	0.139	0.963	6000.0
850	6.211	34.559	2.936	27.962	0.154	0.95	6000.0
851	5.405	29.778	2.48	22.316	0.154	0.972	6000.0
852	6.887	39.092	3.693	32.381	0.157	0.94	6000.0
853	5.516	30.777	2.614	22.318	0.131	0.978	6000.0
854	4.888	27.166	2.432	22.046	0.133	0.966	6000.0
855	5.506	30.868	2.586	23.377	0.136	0.968	6000.0
856	5.592	31.436	2.774	25.508	0.135	0.965	6000.0
857	3.549	20.128	1.657	14.224	0.097	0.99	6000.0
858	5.708	32.045	2.682	24.083	0.176	0.973	6000.0
859	4.036	22.752	1.87	16.419	0.107	0.983	6000.0
860	6.096	34.168	2.845	26.106	0.17	0.966	6000.0
861	4.08	23.592	2.084	19.19	0.086	0.979	6000.0
862	5.94	33.11	2.804	24.132	0.166	0.975	6000.0
863	4.385	24.517	2.13	19.255	0.113	0.982	6000.0
864	4.375	23.781	1.956	17.705	0.132	0.977	6000.0
865	5.695	31.498	2.959	25.072	0.126	0.969	6000.0
866	4.427	24.622	2.089	19.206	0.103	0.98	6000.0
867	6.328	35.622	2.982	27.076	0.162	0.965	6000.0
868	4.372	24.891	2.148	19.467	0.094	0.98	6000.0
869	5.141	28.684	2.414	21.105	0.134	0.977	6000.0
870	5.437	31.096	2.52	23.153	0.163	0.968	6000.0
871	5.473	31.074	2.361	21.071	0.171	0.973	6000.0
872	3.45	19.077	1.701	14.217	0.095	0.992	6000.0
873	4.275	23.804	2.151	18.631	0.11	0.982	6000.0
874	5.642	32.517	2.797	25.391	0.114	0.972	6000.0
875	6.823	38.02	3.337	31.946	0.174	0.944	6000.0
876	4.862	27.359	2.235	20.344	0.12	0.974	6000.0
877	6.348	35.303	3.096	29.708	0.159	0.956	6000.0
878	4.274	24.378	2.219	20.698	0.083	0.973	6000.0
879	5.198	29.293	2.435	21.776	0.137	0.975	6000.0
880	4.294	24.401	1.992	19.005	0.111	0.974	6000.0
881	4.276	23.964	1.974	18.316	0.128	0.98	6000.0
882	4.97	27.628	2.258	19.639	0.13	0.983	6000.0
883	4.117	22.846	1.987	19.339	0.114	0.975	6000.0
884	4.902	27.303	2.358	21.958	0.17	0.968	6000.0
885	5.358	30.245	2.751	24.53	0.108	0.963	6000.0
886	4.497	25.274	2.231	19.931	0.093	0.979	6000.0
887	5.655	31.733	2.732	23.921	0.149	0.978	6000.0
888	4.324	24.304	2.073	18.748	0.119	0.978	6000.0
889	5.52	31.089	2.546	23.474	0.142	0.972	6000.0
890	6.173	35.025	2.994	28.753	0.177	0.952	6000.0
891	7.65	43.866	3.729	34.062	0.211	0.923	6000.0
892	5.36	30.068	2.502	23.676	0.133	0.965	6000.0
893	6.62	37.367	3.164	30.99	0.181	0.947	6000.0
894	6.5	36.366	3.112	27.18	0.179	0.965	6000.0
895	4.412	25.071	1.995	19.323	0.137	0.973	6000.0
896	4.883	27.09	2.661	21.9	0.094	0.969	6000.0
897	5.822	31.769	3.055	26.219	0.144	0.948	6000.0
898	6.219	34.68	3.158	29.331	0.128	0.949	6000.0
899	4.896	27.527	2.194	19.326	0.136	0.985	6000.0
900	4.853	26.304	2.217	20.425	0.136	0.975	6000.0
901	4.098	23.181	2.091	17.71	0.095	0.988	6000.0
902	5.534	30.342	2.526	23.924	0.141	0.967	6000.0
903	4.964	27.801	2.272	21.122	0.155	0.974	6000.0
904	4.553	25.514	2.069	19.75	0.143	0.977	6000.0
905	5.815	32.061	2.657	23.291	0.183	0.974	6000.0
906	3.562	19.558	1.709	15.56	0.082	0.984	6000.0
907	4.335	23.27	2.004	17.985	0.129	0.98	6000.0
908	5.147	28.816	2.359	20.202	0.149	0.982	6000.0
909	5.373	31.202	2.733	25.763	0.146	0.958	6000.0
910	5.288	29.45	2.655	23.294	0.144	0.97	6000.0
911	4.754	26.614	2.177	19.315	0.146	0.973	6000.0
912	6.334	36.429	3.179	30.01	0.16	0.943	6000.0
913	4.501	24.841	2.087	19.246	0.116	0.977	6000.0
914	4.974	27.954	2.397	20.45	0.133	0.983	6000.0
915	5.816	32.645	2.981	26.076	0.117	0.973	6000.0
916	7.494	43.183	3.732	34.906	0.195	0.934	6000.0
917	4.463	24.659	2.168	19.797	0.159	0.977	6000.0
918	5.249	29.035	2.47	22.336	0.143	0.97	6000.0
919	6.035	33.697	2.542	24.367	0.191	0.968	6000.0
920	5.604	31.555	2.689	25.935	0.126	0.959	6000.0
921	4.52	25.153	2.177	19.246	0.127	0.979	6000.0
922	6.328	35.426	3.277	31.422	0.146	0.948	6000.0
923	6.846	38.72	3.248	30.118	0.157	0.949	6000.0
924	4.66	25.572	2.287	21.296	0.118	0.971	6000.0
925	5.12	29.526	2.74	24.227	0.113	0.97	6000.0
926	5.009	28.002	2.401	21.869	0.138	0.975	6000.0
927	4.421	25.388	2.172	19.592	0.119	0.98	6000.0
928	4.5	25.185	2.173	18.502	0.111	0.986	6000.0
929	5.647	31.562	2.649	22.636	0.165	0.972	6000.0
930	5.738	32.351	2.659	25.586	0.154	0.964	6000.0
931	4.994	27.272	2.557	21.892	0.125	0.977	6000.0
932	5.213	28.338	2.424	22.567	0.139	0.972	6000.0
933	6.006	33.653	3.107	26.795	0.121	0.962	6000.0
934	5.176	29.225	2.366	21.013	0.161	0.978	6000.0
935	6.927	39.027	3.155	29.563	0.191	0.966	6000.0
936	5.448	31.062	2.415	22.153	0.155	0.973	6000.0
937	5.958	32.323	2.675	24.773	0.155	0.964	6000.0
938	5.122	28.8	2.414	22.051	0.146	0.972	6000.0
939	4.665	25.637	2.071	19.401	0.115	0.978	6000.0
940	4.754	26.053	2.425	21.855	0.107	0.971	6000.0
941	5.617	31.158	2.597	22.414	0.17	0.978	6000.0
942	4.281	23.779	2.005	18.632	0.121	0.979	6000.0
943	5.189	28.546	2.336	21.166	0.136	0.973	6000.0
944	5.171	29.318	2.551	22.614	0.145	0.97	6000.0
945	4.795	26.566	2.255	20.9	0.116	0.976	6000.0
946	4.554	25.302	2.167	19.829	0.139	0.978	6000.0
947	5.804	32.408	2.614	24.136	0.168	0.97	6000.0
948	5.638	31.479	2.756	24.873	0.14	0.972	6000.0
949	4.075	22.592	1.822	15.722	0.125	0.988	6000.0
950	4.342	24.077	2.206	19.549	0.111	0.981	6000.0
951	5.379	29.947	2.678	23.64	0.138	0.971	6000.0
952	5.62	31.71	2.598	23.555	0.146	0.973	6000.0
953	5.467	30.929	2.48	23.112	0.165	0.969	6000.0
954	6.04	33.795	2.85	26.211	0.159	0.961	6000.0
955	4.014	22.407	2.007	17.57	0.092	0.985	6000.0
956	6.182	35.16	2.846	26.193	0.18	0.953	6000.0
957	5.771	32.432	2.777	23.151	0.188	0.968	6000.0
958	5.864	32.187	2.675	24.819	0.148	0.966	6000.0
959	5.867	31.719	2.687	25.004	0.161	0.959	6000.0
960	4.615	24.944	1.935	17.698	0.12	0.981	6000.0
961	5.32	29.761	2.529	23.141	0.144	0.966	6000.0
962	6.295	34.718	2.754	25.781	0.187	0.962	6000.0
963	6.577	37.091	3.701	32.502	0.135	0.933	6000.0
964	5.459	31.083	2.645	22.584	0.155	0.969	6000.0
965	5.815	33.41	2.865	25.859	0.16	0.957	6000.0
966	5.873	33.587	2.902	27.92	0.146	0.963	6000.0
967	6.37	35.907	2.97	28.481	0.17	0.957	6000.0
968	5.106	28.938	2.532	23.05	0.108	0.966	6000.0
969	5.932	33.108	2.862	27.016	0.138	0.958	6000.0
970	6.003	33.532	2.804	25.231	0.159	0.966	6000.0
971	6.203	35.091	3.07	28.539	0.151	0.964	6000.0
972	5.639	31.782	2.65	24.91	0.138	0.962	6000.0
973	4.962	27.163	2.374	22.154	0.137	0.962	6000.0
974	5.181	29.342	2.431	21.699	0.137	0.976	6000.0
975	5.166	28.703	2.476	22.364	0.134	0.971	6000.0
976	7.865	44.994	4.006	34.866	0.217	0.927	6000.0
977	4.888	26.969	2.215	20.612	0.13	0.977	6000.0
978	5.25	29.15	2.577	23.664	0.152	0.967	6000.0
979	3.455	19.643	1.773	14.95	0.087	0.988	6000.0
980	5.177	28.906	2.223	19.81	0.153	0.981	6000.0
981	5.513	31.149	2.409	22.312	0.177	0.971	6000.0
982	5.809	32.382	2.702	24.83	0.146	0.967	6000.0
983	6.282	34.605	2.894	26.951	0.167	0.959	6000.0
984	5.037	28.266	2.263	21.295	0.126	0.976	6000.0
985	5.072	28.13	2.549	23.342	0.135	0.972	6000.0
986	5.037	28.416	2.43	23.014	0.142	0.973	6000.0
987	5.143	28.23	2.391	20.642	0.155	0.976	6000.0
988	5.627	31.405	2.642	25.518	0.143	0.958	6000.0
989	5.392	31.007	2.81	25.177	0.128	0.955	6000.0
990	5.156	28.664	2.551	23.001	0.132	0.973	6000.0
991	3.931	22.013	1.881	16.842	0.083	0.983	6000.0
992	3.535	19.396	1.716	14.923	0.099	0.985	6000.0
993	5.33	29.606	2.464	22.313	0.158	0.971	6000.0
994	4.62	26.077	2.241	20.125	0.118	0.978	6000.0
995	5.97	34.019	2.634	24.556	0.172	0.969	6000.0
996	5.538	31.763	2.703	25.106	0.156	0.967	6000.0
997	5.184	28.687	2.676	23.594	0.121	0.975	6000.0
998	5.662	31.016	2.613	24.295	0.145	0.969	6000.0
999	5.53	31.062	2.575	23.186	0.153	0.97	6000.0
1000	5.264	29.347	2.418	21.265	0.156	0.98	6000.0
