NMF_Replicate	L1	L1 %	L2	L2 %	KL Divergence	Correlation	Convergence Iterations
1	2.923	10.007	1.25	9.867	0.02	0.995	6000.0
2	2.756	9.48	1.228	9.561	0.023	0.994	6000.0
3	2.307	7.888	0.967	7.944	0.01	0.996	6000.0
4	3.402	11.576	1.405	10.988	0.026	0.992	6000.0
5	2.476	8.444	1.089	9.081	0.009	0.992	6000.0
6	4.492	15.358	2.071	16.47	0.036	0.98	6000.0
7	2.388	8.128	1.035	8.193	0.015	0.994	6000.0
8	2.539	8.719	1.099	8.841	0.013	0.995	6000.0
9	3.475	11.879	1.478	11.776	0.019	0.991	6000.0
10	3.618	12.387	1.532	11.422	0.038	0.991	10000.0
11	3.374	11.558	1.613	13.228	0.018	0.989	10000.0
12	2.951	10.101	1.197	9.617	0.018	0.994	6000.0
13	2.577	8.843	1.131	9.068	0.015	0.995	6000.0
14	2.911	9.923	1.275	9.922	0.017	0.994	6000.0
15	3.169	10.938	1.491	11.818	0.022	0.99	6000.0
16	2.622	8.955	1.138	8.962	0.016	0.995	6000.0
17	3.449	11.775	1.54	12.524	0.023	0.989	6000.0
18	2.602	8.878	1.132	9.195	0.015	0.994	6000.0
19	3.635	12.526	1.486	12.032	0.022	0.991	6000.0
20	3.592	12.266	1.518	12.223	0.032	0.989	10000.0
21	4.606	15.847	2.111	17.224	0.027	0.983	7000.0
22	2.977	10.176	1.31	10.794	0.017	0.991	6000.0
23	3.962	13.613	1.653	13.474	0.019	0.987	6000.0
24	3.62	12.372	1.5	12.408	0.019	0.991	11000.0
25	2.861	9.832	1.353	11.172	0.015	0.991	6000.0
26	3.485	11.95	1.641	13.194	0.019	0.987	9000.0
27	3.264	11.184	1.43	11.503	0.022	0.99	6000.0
28	3.017	10.326	1.473	11.346	0.015	0.992	6000.0
29	2.867	9.84	1.174	9.45	0.014	0.994	6000.0
30	4.1	14.04	1.772	14.052	0.027	0.988	6000.0
31	3.366	11.559	1.564	12.882	0.022	0.989	6000.0
32	3.936	13.563	1.631	13.366	0.021	0.988	6000.0
33	3.051	10.454	1.179	9.287	0.021	0.995	6000.0
34	2.912	10.04	1.201	10.091	0.016	0.993	6000.0
35	3.322	11.267	1.421	11.84	0.029	0.989	6000.0
36	2.08	7.135	0.945	7.445	0.012	0.995	6000.0
37	3.756	12.844	1.758	14.042	0.02	0.984	6000.0
38	3.163	10.889	1.467	11.826	0.02	0.991	6000.0
39	2.418	8.316	1.01	8.675	0.014	0.994	7000.0
40	1.823	6.2	0.786	6.117	0.007	0.997	6000.0
41	2.94	10.055	1.351	10.841	0.018	0.992	6000.0
42	3.916	13.448	1.799	14.503	0.022	0.983	6000.0
43	4.045	13.757	1.738	13.627	0.022	0.988	6000.0
44	3.458	11.876	1.542	11.948	0.026	0.99	6000.0
45	2.714	9.359	1.235	9.685	0.021	0.993	10000.0
46	3.015	10.437	1.305	10.288	0.016	0.992	6000.0
47	4.55	15.643	1.947	15.874	0.035	0.984	6000.0
48	2.416	8.325	1.041	8.227	0.014	0.995	6000.0
49	1.985	6.772	0.863	6.654	0.012	0.997	6000.0
50	2.521	8.671	1.105	8.885	0.018	0.994	6000.0
51	2.144	7.343	0.981	7.788	0.013	0.996	7000.0
52	3.022	10.341	1.299	10.541	0.023	0.991	6000.0
53	3.02	10.352	1.312	10.762	0.011	0.993	6000.0
54	1.898	6.47	0.875	7.138	0.009	0.997	6000.0
55	2.634	8.988	1.193	9.599	0.01	0.995	6000.0
56	3.546	12.19	1.591	12.645	0.017	0.991	6000.0
57	2.304	7.886	0.991	7.441	0.01	0.996	6000.0
58	2.209	7.595	0.915	7.429	0.011	0.995	9000.0
59	3.128	10.621	1.285	10.585	0.028	0.99	6000.0
60	2.676	9.208	1.132	9.232	0.016	0.994	6000.0
61	3.367	11.536	1.45	11.217	0.027	0.992	6000.0
62	2.731	9.438	1.217	10.111	0.016	0.993	6000.0
63	4.604	15.747	1.976	16.405	0.033	0.983	7000.0
64	3.226	11.026	1.484	12.122	0.019	0.991	9000.0
65	4.918	16.812	2.15	16.512	0.044	0.983	6000.0
66	3.313	11.357	1.534	12.188	0.02	0.99	6000.0
67	3.274	11.298	1.361	11.458	0.025	0.986	6000.0
68	4.109	14.053	1.914	15.765	0.02	0.983	6000.0
69	1.879	6.454	0.878	7.183	0.008	0.997	8000.0
70	2.495	8.508	1.089	8.077	0.015	0.996	6000.0
71	2.699	9.274	1.161	9.67	0.012	0.993	6000.0
72	3.125	10.667	1.382	11.401	0.021	0.989	6000.0
73	2.255	7.679	0.989	7.692	0.014	0.996	6000.0
74	2.806	9.634	1.321	10.786	0.015	0.993	6000.0
75	3.486	11.991	1.506	12.043	0.02	0.99	6000.0
76	3.127	10.7	1.443	10.996	0.023	0.991	6000.0
77	2.618	8.975	1.156	9.032	0.015	0.994	7000.0
78	3.3	11.26	1.477	11.866	0.025	0.989	6000.0
79	3.668	12.606	1.516	12.739	0.029	0.988	6000.0
80	4.922	16.88	2.133	16.964	0.036	0.981	6000.0
81	3.319	11.286	1.531	12.46	0.026	0.989	6000.0
82	3.472	11.831	1.411	11.573	0.02	0.991	6000.0
83	2.791	9.558	1.227	10.385	0.022	0.991	6000.0
84	2.858	9.811	1.298	9.982	0.021	0.992	8000.0
85	2.661	9.101	1.16	9.442	0.012	0.994	12000.0
86	4.169	14.33	1.758	14.081	0.03	0.985	6000.0
87	3.494	11.986	1.42	11.88	0.025	0.991	6000.0
88	2.427	8.352	1.173	9.851	0.011	0.994	7000.0
89	2.668	9.17	1.152	9.668	0.018	0.992	6000.0
90	2.911	9.958	1.157	9.665	0.019	0.993	6000.0
91	2.515	8.579	1.056	8.135	0.019	0.996	6000.0
92	2.113	7.256	0.898	7.281	0.007	0.996	6000.0
93	2.847	9.788	1.269	10.656	0.016	0.991	6000.0
94	2.519	8.589	1.1	9.208	0.012	0.992	6000.0
95	3.017	10.292	1.397	10.894	0.016	0.989	6000.0
96	2.929	10.019	1.275	10.583	0.024	0.99	6000.0
97	2.808	9.61	1.222	9.77	0.019	0.992	6000.0
98	2.951	10.153	1.29	10.769	0.018	0.992	6000.0
99	2.514	8.662	1.113	8.962	0.018	0.995	6000.0
100	2.679	9.209	1.103	9.271	0.012	0.994	6000.0
101	3.55	12.213	1.46	12.404	0.017	0.989	6000.0
102	1.712	5.805	0.738	6.235	0.008	0.996	6000.0
103	4.044	13.917	1.66	13.792	0.028	0.988	6000.0
104	2.657	9.016	1.185	9.745	0.017	0.992	6000.0
105	2.534	8.65	1.083	9.093	0.013	0.995	7000.0
106	2.441	8.394	1.041	8.788	0.017	0.995	6000.0
107	3.706	12.631	1.443	12.237	0.027	0.987	6000.0
108	4.089	13.869	1.733	13.783	0.02	0.986	6000.0
109	3.272	11.142	1.457	11.466	0.022	0.991	6000.0
110	4.382	15.127	1.86	15.209	0.033	0.986	6000.0
111	3.675	12.584	1.716	13.792	0.029	0.984	6000.0
112	3.341	11.506	1.561	12.787	0.016	0.989	6000.0
113	3.367	11.515	1.509	12.384	0.024	0.988	6000.0
114	4.275	14.628	1.813	14.665	0.023	0.986	6000.0
115	3.471	11.795	1.667	12.658	0.017	0.989	6000.0
116	3.635	12.404	1.587	12.652	0.024	0.989	6000.0
117	3.998	13.664	1.786	13.68	0.026	0.988	6000.0
118	2.478	8.478	1.068	8.836	0.016	0.995	6000.0
119	4.122	14.147	1.739	13.994	0.023	0.985	6000.0
120	2.908	9.923	1.21	9.683	0.016	0.994	6000.0
121	3.139	10.754	1.369	11.057	0.016	0.99	6000.0
122	2.507	8.6	1.092	8.705	0.017	0.996	6000.0
123	3.004	10.306	1.321	11.021	0.015	0.991	6000.0
124	3.463	11.933	1.491	11.64	0.019	0.991	6000.0
125	2.557	8.749	1.073	8.735	0.018	0.994	6000.0
126	3.384	11.636	1.496	11.549	0.019	0.99	6000.0
127	2.591	8.841	1.146	8.97	0.011	0.995	6000.0
128	2.907	9.925	1.291	9.912	0.02	0.994	6000.0
129	2.629	9.036	1.147	8.831	0.01	0.995	6000.0
130	2.645	9.031	1.238	9.568	0.014	0.994	6000.0
131	3.041	10.416	1.396	11.016	0.018	0.991	6000.0
132	2.694	9.256	1.308	10.57	0.016	0.991	6000.0
133	3.565	12.191	1.623	12.976	0.023	0.991	6000.0
134	2.544	8.723	1.125	8.873	0.02	0.993	13000.0
135	3.292	11.285	1.502	12.724	0.022	0.988	6000.0
136	3.361	11.475	1.467	11.779	0.018	0.99	7000.0
137	2.482	8.458	0.994	7.753	0.014	0.996	6000.0
138	3.241	11.129	1.374	11.44	0.02	0.991	6000.0
139	2.986	10.311	1.322	11.247	0.018	0.988	6000.0
140	2.789	9.58	1.256	9.557	0.019	0.994	6000.0
141	2.212	7.604	1.003	7.719	0.009	0.996	8000.0
142	3.114	10.661	1.333	10.631	0.016	0.994	6000.0
143	2.416	8.295	0.995	7.938	0.012	0.996	6000.0
144	1.591	5.468	0.68	5.292	0.007	0.998	6000.0
145	3.322	11.352	1.48	11.545	0.024	0.99	6000.0
146	4.007	13.53	1.74	14.072	0.026	0.981	6000.0
147	4.453	15.266	2.034	15.241	0.027	0.986	6000.0
148	4.002	13.698	1.899	14.992	0.02	0.986	6000.0
149	3.267	11.221	1.402	11.736	0.019	0.991	6000.0
150	4.492	15.479	1.885	15.464	0.029	0.983	6000.0
151	3.404	11.765	1.437	12.355	0.023	0.989	6000.0
152	2.912	9.891	1.288	9.603	0.017	0.99	6000.0
153	2.837	9.664	1.325	10.354	0.016	0.992	7000.0
154	2.161	7.386	0.964	8.076	0.013	0.993	9000.0
155	2.312	7.966	1.027	8.307	0.015	0.996	6000.0
156	2.557	8.814	1.122	8.793	0.011	0.994	6000.0
157	2.853	9.726	1.225	9.665	0.014	0.994	7000.0
158	3.038	10.401	1.312	10.612	0.017	0.992	6000.0
159	3.309	11.321	1.517	12.449	0.022	0.987	9000.0
160	3.11	10.658	1.445	12.088	0.016	0.99	7000.0
161	2.222	7.58	0.969	7.781	0.01	0.996	6000.0
162	2.648	9.105	1.269	9.962	0.021	0.993	6000.0
163	3.511	12.059	1.452	11.777	0.022	0.99	6000.0
164	2.931	9.982	1.252	9.847	0.015	0.991	6000.0
165	3.969	13.594	1.741	14.245	0.026	0.988	6000.0
166	3.069	10.458	1.346	10.946	0.016	0.991	6000.0
167	3.339	11.363	1.47	11.316	0.023	0.99	6000.0
168	2.773	9.566	1.211	10.152	0.017	0.993	6000.0
169	3.161	10.886	1.4	11.121	0.026	0.991	6000.0
170	2.557	8.792	1.065	8.662	0.015	0.993	6000.0
171	4.245	14.424	1.826	14.605	0.031	0.984	6000.0
172	2.798	9.613	1.132	9.653	0.02	0.992	6000.0
173	2.398	8.208	1.031	8.502	0.015	0.995	6000.0
174	2.707	9.224	1.247	10.025	0.015	0.994	6000.0
175	3.329	11.406	1.526	12.854	0.022	0.987	6000.0
176	3.201	11.014	1.407	11.99	0.02	0.987	7000.0
177	2.063	7.089	0.99	8.075	0.01	0.995	7000.0
178	2.163	7.448	0.903	7.177	0.015	0.996	7000.0
179	2.556	8.748	1.041	8.467	0.013	0.996	6000.0
180	2.701	9.256	1.206	9.623	0.018	0.993	6000.0
181	3.669	12.529	1.734	13.67	0.036	0.985	6000.0
182	2.563	8.768	1.128	9.313	0.011	0.994	6000.0
183	3.484	11.941	1.395	11.309	0.026	0.989	9000.0
184	2.388	8.16	0.987	7.739	0.018	0.996	8000.0
185	3.394	11.596	1.549	12.202	0.019	0.988	6000.0
186	2.46	8.433	1.153	9.183	0.019	0.994	9000.0
187	2.361	8.06	1.167	8.875	0.008	0.995	6000.0
188	1.929	6.593	0.844	7.028	0.009	0.996	6000.0
189	3.134	10.739	1.455	11.574	0.012	0.991	7000.0
190	3.662	12.589	1.661	13.276	0.024	0.988	6000.0
191	2.792	9.566	1.256	9.841	0.016	0.995	6000.0
192	3.755	12.861	1.6	13.122	0.021	0.988	6000.0
193	3.867	13.285	1.713	13.812	0.024	0.988	6000.0
194	2.994	10.319	1.41	10.79	0.013	0.992	6000.0
195	4.4	15.036	1.896	15.152	0.026	0.985	6000.0
196	3.489	11.855	1.567	13.005	0.014	0.988	6000.0
197	3.771	12.98	1.717	13.561	0.02	0.989	6000.0
198	1.535	5.181	0.791	6.029	0.005	0.996	6000.0
199	2.981	10.163	1.263	9.944	0.023	0.992	6000.0
200	1.895	6.516	0.86	7.164	0.015	0.996	6000.0
201	3.797	12.984	1.865	15.159	0.023	0.981	6000.0
202	3.07	10.589	1.532	11.984	0.019	0.989	6000.0
203	2.987	10.26	1.475	11.61	0.017	0.992	6000.0
204	3.087	10.592	1.333	10.997	0.012	0.991	11000.0
205	2.335	8.007	0.961	7.955	0.018	0.995	6000.0
206	2.742	9.396	1.282	10.082	0.016	0.994	6000.0
207	2.094	7.218	0.954	7.401	0.01	0.996	12000.0
208	2.808	9.591	1.265	10.458	0.015	0.993	6000.0
209	2.849	9.69	1.366	10.701	0.011	0.992	6000.0
210	3.464	11.875	1.508	13.163	0.019	0.988	10000.0
211	3.474	11.947	1.499	12.417	0.018	0.99	6000.0
212	4.218	14.484	1.914	13.442	0.032	0.988	6000.0
213	3.424	11.713	1.537	11.976	0.016	0.991	6000.0
214	3.035	10.495	1.33	11.072	0.023	0.991	6000.0
215	2.464	8.427	1.091	8.298	0.018	0.996	6000.0
216	2.861	9.893	1.148	9.194	0.016	0.994	6000.0
217	2.63	8.983	1.173	9.275	0.016	0.994	6000.0
218	3.335	11.441	1.475	11.905	0.02	0.992	6000.0
219	3.477	11.904	1.547	11.842	0.029	0.991	6000.0
220	2.293	7.9	1.021	8.259	0.01	0.995	9000.0
221	2.17	7.437	0.958	7.26	0.009	0.996	6000.0
222	2.131	7.303	0.97	7.513	0.013	0.997	6000.0
223	3.308	11.312	1.41	11.265	0.017	0.991	6000.0
224	3.155	10.749	1.303	10.499	0.021	0.992	6000.0
225	3.056	10.536	1.269	10.054	0.018	0.993	6000.0
226	2.512	8.659	1.016	7.844	0.016	0.995	6000.0
227	2.579	8.78	1.166	9.495	0.011	0.992	6000.0
228	3.086	10.513	1.307	10.095	0.016	0.993	7000.0
229	3.071	10.521	1.341	11.038	0.013	0.993	6000.0
230	2.686	9.256	1.082	9.035	0.018	0.994	6000.0
231	3.554	12.194	1.589	12.214	0.028	0.989	6000.0
232	3.558	12.272	1.421	11.739	0.026	0.99	6000.0
233	3.2	10.936	1.387	10.658	0.018	0.993	9000.0
234	4.573	15.752	2.013	15.852	0.036	0.98	6000.0
235	2.744	9.38	1.205	9.62	0.016	0.993	6000.0
236	2.75	9.418	1.18	9.652	0.009	0.993	6000.0
237	4.701	16.132	2.27	17.922	0.033	0.979	6000.0
238	3.831	13.119	1.585	12.817	0.024	0.988	6000.0
239	3.094	10.566	1.343	10.883	0.021	0.991	6000.0
240	3.618	12.432	1.668	13.512	0.047	0.979	6000.0
241	2.655	9.155	1.156	9.411	0.014	0.993	6000.0
242	3.645	12.535	1.606	12.937	0.023	0.99	6000.0
243	3.169	10.724	1.371	11.138	0.017	0.99	7000.0
244	4.7	16.037	2.148	16.288	0.029	0.983	7000.0
245	4.253	14.589	1.86	15.105	0.019	0.984	6000.0
246	2.71	9.243	1.142	9.184	0.012	0.994	6000.0
247	3.991	13.692	1.775	15.053	0.035	0.983	6000.0
248	2.487	8.546	1.164	9.031	0.013	0.995	6000.0
249	3.064	10.478	1.242	10.241	0.017	0.993	6000.0
250	3.451	11.784	1.579	12.344	0.023	0.987	6000.0
251	3.533	12.124	1.636	12.991	0.023	0.986	10000.0
252	3.666	12.491	1.686	13.417	0.018	0.986	6000.0
253	4.706	16.08	1.857	14.852	0.039	0.985	6000.0
254	3.744	12.825	1.681	13.175	0.017	0.988	8000.0
255	2.807	9.556	1.198	9.509	0.013	0.993	6000.0
256	4.828	16.577	2.092	16.739	0.027	0.982	6000.0
257	3.54	12.126	1.533	11.915	0.031	0.989	6000.0
258	3.779	12.891	1.652	12.754	0.028	0.989	6000.0
259	3.282	11.31	1.443	12.085	0.021	0.991	6000.0
260	3.005	10.27	1.358	11.094	0.017	0.993	6000.0
261	3.418	11.804	1.527	12.356	0.022	0.989	9000.0
262	3.569	12.35	1.551	11.902	0.025	0.987	8000.0
263	3.99	13.69	1.757	13.935	0.03	0.987	6000.0
264	2.983	10.206	1.337	10.784	0.016	0.991	6000.0
265	3.313	11.286	1.399	10.857	0.021	0.993	6000.0
266	2.781	9.538	1.238	10.036	0.012	0.993	6000.0
267	2.933	10.019	1.232	9.682	0.016	0.994	8000.0
268	2.998	10.332	1.331	10.991	0.024	0.99	6000.0
269	3.046	10.473	1.446	11.446	0.019	0.991	6000.0
270	3.07	10.505	1.302	10.261	0.015	0.993	10000.0
271	3.357	11.533	1.52	11.978	0.02	0.99	6000.0
272	2.372	8.152	1.027	8.856	0.008	0.995	6000.0
273	2.869	9.892	1.346	10.428	0.024	0.992	9000.0
274	2.734	9.332	1.223	9.262	0.013	0.995	6000.0
275	3.184	10.954	1.463	12.089	0.017	0.989	6000.0
276	2.699	9.264	1.167	9.588	0.013	0.993	6000.0
277	2.957	10.095	1.39	11.396	0.015	0.991	6000.0
278	3.315	11.337	1.463	11.821	0.015	0.991	6000.0
279	3.223	11.014	1.411	11.634	0.022	0.991	10000.0
280	2.703	9.31	1.195	10.1	0.017	0.992	6000.0
281	3.802	13.139	1.635	13.593	0.03	0.983	6000.0
282	2.035	6.892	0.962	7.597	0.007	0.995	6000.0
283	3.281	11.109	1.394	11.176	0.016	0.991	6000.0
284	3.117	10.726	1.554	12.609	0.023	0.984	6000.0
285	4.046	13.828	1.813	14.175	0.032	0.986	7000.0
286	3.273	11.207	1.559	12.698	0.021	0.986	6000.0
287	3.226	11.079	1.398	11.324	0.021	0.992	6000.0
288	3.214	11.01	1.361	11.387	0.017	0.991	6000.0
289	1.94	6.626	0.892	7.196	0.006	0.996	7000.0
290	2.105	7.21	0.929	7.272	0.011	0.996	6000.0
291	3.204	10.91	1.435	10.976	0.015	0.992	6000.0
292	3.605	12.447	1.662	13.123	0.024	0.985	6000.0
293	2.275	7.801	1.014	8.494	0.007	0.995	6000.0
294	4.472	15.178	2.046	15.997	0.03	0.98	7000.0
295	3.735	12.698	1.623	13.611	0.019	0.986	6000.0
296	4.243	14.578	1.798	13.921	0.034	0.985	6000.0
297	2.763	9.468	1.158	9.349	0.016	0.994	6000.0
298	1.569	5.374	0.674	4.821	0.008	0.998	6000.0
299	3.036	10.446	1.336	10.998	0.02	0.991	6000.0
300	3.436	11.734	1.45	11.051	0.027	0.991	6000.0
301	2.62	8.998	1.116	8.334	0.015	0.995	6000.0
302	2.362	8.035	1.103	8.363	0.015	0.995	6000.0
303	3.27	11.092	1.615	11.901	0.019	0.986	6000.0
304	2.598	8.909	1.084	8.804	0.014	0.995	7000.0
305	3.64	12.491	1.737	13.9	0.023	0.988	6000.0
306	2.336	8.029	1.018	8.522	0.014	0.994	6000.0
307	4.541	15.564	1.924	15.224	0.033	0.985	6000.0
308	2.737	9.351	1.272	10.014	0.02	0.993	6000.0
309	3.866	13.391	1.711	13.711	0.031	0.987	6000.0
310	3.309	11.251	1.393	11.293	0.019	0.99	12000.0
311	3.298	11.227	1.481	11.852	0.017	0.991	6000.0
312	3.665	12.542	1.675	13.698	0.013	0.987	6000.0
313	4.233	14.55	1.858	14.707	0.029	0.987	6000.0
314	2.371	8.112	1.05	8.116	0.013	0.996	6000.0
315	3.815	12.982	1.699	13.831	0.023	0.987	6000.0
316	3.598	12.308	1.578	12.664	0.018	0.99	11000.0
317	3.63	12.434	1.559	12.431	0.024	0.99	6000.0
318	3.061	10.477	1.297	10.878	0.018	0.992	6000.0
319	3.549	12.136	1.435	11.642	0.023	0.99	7000.0
320	3.158	10.811	1.485	11.441	0.017	0.991	6000.0
321	4.105	14.026	1.757	14.781	0.023	0.986	6000.0
322	2.505	8.548	1.13	8.341	0.016	0.995	6000.0
323	2.218	7.53	1.064	7.974	0.015	0.996	6000.0
324	1.739	6.036	0.72	5.994	0.008	0.997	14000.0
325	4.378	14.985	1.966	16.433	0.027	0.98	6000.0
326	2.604	8.936	1.238	9.92	0.017	0.994	6000.0
327	2.714	9.325	1.268	9.399	0.025	0.995	6000.0
328	1.699	5.847	0.728	5.922	0.012	0.998	6000.0
329	4.174	14.39	1.754	13.645	0.028	0.987	6000.0
330	2.89	10.025	1.351	11.029	0.021	0.99	6000.0
331	3.556	12.259	1.441	11.475	0.022	0.989	9000.0
332	2.829	9.756	1.28	10.072	0.018	0.993	7000.0
333	2.83	9.726	1.243	10.205	0.014	0.992	6000.0
334	4.666	15.973	1.888	15.652	0.031	0.983	6000.0
335	2.369	8.114	1.044	8.468	0.01	0.995	6000.0
336	3.639	12.512	1.663	13.511	0.025	0.986	6000.0
337	2.229	7.704	1.018	8.096	0.018	0.994	6000.0
338	2.932	9.967	1.381	10.444	0.017	0.994	6000.0
339	4.593	15.711	2.0	15.61	0.033	0.985	7000.0
340	3.269	11.219	1.485	12.298	0.026	0.987	6000.0
341	2.176	7.459	0.98	7.985	0.012	0.995	6000.0
342	3.456	11.821	1.418	11.527	0.015	0.993	7000.0
343	2.522	8.661	1.124	9.183	0.011	0.994	6000.0
344	2.419	8.225	1.066	8.714	0.012	0.995	6000.0
345	3.797	12.977	1.665	13.335	0.037	0.984	6000.0
346	3.377	11.53	1.544	12.526	0.019	0.988	6000.0
347	3.069	10.461	1.348	10.08	0.02	0.994	6000.0
348	4.128	14.061	1.761	13.302	0.024	0.989	6000.0
349	3.517	12.051	1.618	13.407	0.022	0.988	7000.0
350	3.555	12.162	1.576	12.837	0.024	0.987	8000.0
351	2.231	7.684	0.957	7.725	0.011	0.995	6000.0
352	2.873	9.771	1.189	9.095	0.016	0.994	8000.0
353	2.717	9.23	1.246	10.079	0.014	0.993	6000.0
354	2.769	9.498	1.22	9.739	0.016	0.992	6000.0
355	3.033	10.426	1.409	10.996	0.021	0.992	6000.0
356	3.311	11.256	1.495	11.794	0.02	0.988	6000.0
357	2.854	9.743	1.231	10.21	0.021	0.993	6000.0
358	3.265	11.142	1.391	11.053	0.019	0.993	6000.0
359	2.798	9.563	1.43	10.741	0.025	0.993	11000.0
360	3.251	11.105	1.312	10.728	0.02	0.992	6000.0
361	4.095	14.03	1.841	14.857	0.027	0.987	6000.0
362	2.792	9.556	1.259	10.323	0.018	0.99	6000.0
363	4.313	14.776	1.955	15.496	0.034	0.982	6000.0
364	1.983	6.827	0.871	7.255	0.008	0.996	6000.0
365	3.229	11.089	1.392	11.365	0.014	0.992	7000.0
366	2.654	9.141	1.117	9.177	0.012	0.995	7000.0
367	2.816	9.668	1.23	10.391	0.013	0.992	6000.0
368	3.726	12.82	1.617	13.677	0.019	0.988	6000.0
369	3.216	11.028	1.461	11.751	0.022	0.988	6000.0
370	2.826	9.695	1.229	9.619	0.017	0.993	6000.0
371	3.037	10.476	1.319	10.939	0.019	0.991	6000.0
372	4.11	14.184	1.662	13.173	0.029	0.987	6000.0
373	2.79	9.589	1.259	9.795	0.025	0.994	8000.0
374	3.332	11.359	1.424	11.887	0.016	0.989	6000.0
375	2.779	9.542	1.244	9.629	0.012	0.994	6000.0
376	2.938	10.0	1.35	11.493	0.019	0.991	6000.0
377	3.251	11.153	1.412	10.831	0.021	0.992	6000.0
378	3.145	10.828	1.376	10.899	0.026	0.992	6000.0
379	2.826	9.635	1.207	9.272	0.018	0.995	6000.0
380	1.874	6.421	0.806	6.61	0.005	0.997	6000.0
381	3.968	13.538	1.689	13.324	0.027	0.988	6000.0
382	3.43	11.746	1.519	12.471	0.02	0.989	8000.0
383	3.014	10.337	1.327	11.101	0.015	0.992	6000.0
384	3.757	12.92	1.67	13.145	0.024	0.987	6000.0
385	2.866	9.797	1.234	9.949	0.013	0.994	6000.0
386	3.689	12.597	1.674	13.582	0.02	0.989	6000.0
387	2.482	8.467	1.114	8.957	0.02	0.995	6000.0
388	2.558	8.752	1.144	9.226	0.014	0.994	9000.0
389	4.074	13.87	1.837	14.462	0.028	0.983	6000.0
390	2.772	9.534	1.217	10.059	0.013	0.993	6000.0
391	2.689	9.152	1.162	9.15	0.013	0.994	6000.0
392	2.989	10.218	1.397	10.472	0.02	0.994	6000.0
393	2.8	9.554	1.27	10.423	0.014	0.992	8000.0
394	2.546	8.715	1.217	9.196	0.018	0.995	6000.0
395	2.424	8.27	1.026	7.946	0.01	0.996	6000.0
396	2.57	8.778	1.162	9.024	0.015	0.996	10000.0
397	3.97	13.67	1.861	15.326	0.031	0.984	6000.0
398	3.2	10.868	1.564	11.438	0.015	0.988	6000.0
399	2.918	9.992	1.236	9.978	0.016	0.992	6000.0
400	2.799	9.6	1.187	9.873	0.012	0.993	6000.0
401	2.737	9.41	1.187	9.812	0.018	0.993	7000.0
402	2.982	10.252	1.295	10.787	0.02	0.992	6000.0
403	2.405	8.31	1.061	8.534	0.021	0.993	6000.0
404	3.307	11.297	1.422	11.473	0.016	0.991	6000.0
405	2.966	10.171	1.304	10.856	0.027	0.992	6000.0
406	3.752	12.992	1.601	13.367	0.035	0.984	6000.0
407	2.187	7.477	0.94	7.58	0.012	0.996	6000.0
408	3.629	12.457	1.526	13.304	0.021	0.984	8000.0
409	2.641	9.063	1.095	8.907	0.019	0.995	6000.0
410	2.72	9.353	1.204	9.258	0.013	0.995	6000.0
411	3.912	13.517	1.778	14.285	0.028	0.986	6000.0
412	3.323	11.39	1.539	12.477	0.019	0.99	6000.0
413	2.783	9.56	1.266	10.357	0.015	0.993	6000.0
414	1.97	6.762	0.868	7.37	0.012	0.995	7000.0
415	2.285	7.851	0.988	7.913	0.007	0.995	7000.0
416	3.115	10.685	1.317	11.207	0.017	0.989	6000.0
417	2.88	9.803	1.307	9.961	0.02	0.994	6000.0
418	4.72	16.231	2.111	16.903	0.026	0.982	6000.0
419	1.804	6.147	0.807	6.39	0.009	0.997	6000.0
420	3.049	10.432	1.34	10.749	0.021	0.992	6000.0
421	3.179	10.936	1.37	11.131	0.02	0.991	6000.0
422	2.588	8.822	1.121	8.642	0.013	0.996	6000.0
423	2.17	7.413	1.005	8.405	0.012	0.993	6000.0
424	3.763	12.87	1.597	12.813	0.024	0.989	13000.0
425	2.903	9.903	1.175	8.909	0.018	0.994	6000.0
426	3.452	11.842	1.413	11.374	0.017	0.992	6000.0
427	2.78	9.477	1.214	9.102	0.017	0.995	6000.0
428	3.547	12.094	1.564	11.993	0.024	0.99	6000.0
429	1.794	6.186	0.788	6.658	0.014	0.997	7000.0
430	3.103	10.598	1.316	10.55	0.017	0.993	7000.0
431	3.65	12.522	1.587	12.898	0.017	0.991	6000.0
432	2.236	7.632	1.003	7.96	0.015	0.996	6000.0
433	2.131	7.279	0.893	7.251	0.011	0.996	6000.0
434	2.861	9.74	1.337	10.711	0.016	0.992	6000.0
435	3.699	12.644	1.587	12.484	0.026	0.99	6000.0
436	4.432	15.078	1.94	14.793	0.03	0.986	6000.0
437	2.374	8.118	1.085	8.509	0.008	0.996	7000.0
438	4.104	14.104	1.684	13.308	0.031	0.986	6000.0
439	3.309	11.364	1.451	11.317	0.019	0.991	6000.0
440	3.95	13.537	1.621	13.067	0.031	0.99	6000.0
441	2.971	10.233	1.379	10.884	0.015	0.992	6000.0
442	3.169	10.806	1.44	10.96	0.023	0.991	8000.0
443	4.139	14.161	1.818	14.116	0.029	0.989	6000.0
444	4.508	15.416	1.884	15.676	0.03	0.986	6000.0
445	3.288	11.296	1.463	11.577	0.019	0.99	6000.0
446	2.413	8.177	0.994	7.441	0.014	0.994	6000.0
447	3.13	10.675	1.3	10.1	0.016	0.992	6000.0
448	4.049	13.885	1.74	14.581	0.027	0.984	7000.0
449	2.998	10.317	1.45	12.058	0.02	0.989	8000.0
450	3.51	12.035	1.614	12.838	0.027	0.988	6000.0
451	4.076	13.965	1.793	14.143	0.032	0.986	6000.0
452	3.081	10.552	1.3	10.834	0.019	0.991	6000.0
453	2.687	9.184	1.277	9.609	0.015	0.993	6000.0
454	2.919	10.009	1.253	9.988	0.019	0.993	6000.0
455	2.806	9.61	1.118	9.01	0.02	0.995	6000.0
456	2.971	10.194	1.36	11.011	0.01	0.991	7000.0
457	3.042	10.455	1.361	10.116	0.018	0.993	6000.0
458	2.961	10.193	1.244	10.192	0.017	0.993	6000.0
459	3.118	10.662	1.316	10.58	0.02	0.991	10000.0
460	3.293	11.374	1.419	11.476	0.028	0.989	6000.0
461	3.426	11.698	1.487	12.079	0.023	0.988	6000.0
462	4.325	14.778	1.858	14.914	0.023	0.986	6000.0
463	3.127	10.723	1.344	10.753	0.018	0.991	6000.0
464	2.882	9.894	1.217	9.821	0.02	0.994	6000.0
465	2.63	8.968	1.213	9.714	0.009	0.993	6000.0
466	2.712	9.296	1.186	9.677	0.014	0.994	7000.0
467	3.637	12.527	1.645	13.278	0.025	0.988	6000.0
468	2.722	9.366	1.159	9.493	0.016	0.994	11000.0
469	2.894	9.954	1.309	10.205	0.017	0.993	6000.0
470	3.922	13.399	1.547	12.005	0.023	0.99	6000.0
471	2.797	9.612	1.31	10.984	0.016	0.988	6000.0
472	3.184	10.816	1.385	11.01	0.015	0.992	6000.0
473	2.369	8.075	1.046	8.035	0.008	0.996	8000.0
474	2.654	9.12	1.098	8.533	0.015	0.996	6000.0
475	3.42	11.553	1.49	11.174	0.023	0.989	6000.0
476	1.972	6.718	0.883	7.127	0.013	0.997	6000.0
477	2.806	9.588	1.311	10.285	0.015	0.993	6000.0
478	2.229	7.63	1.041	7.984	0.013	0.996	6000.0
479	3.311	11.38	1.435	11.559	0.026	0.991	6000.0
480	3.547	12.118	1.595	12.58	0.02	0.988	6000.0
481	2.968	10.211	1.307	11.192	0.012	0.991	6000.0
482	3.006	10.294	1.29	10.152	0.015	0.994	6000.0
483	3.084	10.421	1.281	10.06	0.02	0.993	6000.0
484	2.508	8.593	1.065	8.369	0.012	0.996	7000.0
485	2.726	9.315	1.139	9.88	0.016	0.993	6000.0
486	3.627	12.417	1.579	12.549	0.02	0.989	6000.0
487	2.25	7.762	0.973	8.019	0.011	0.995	6000.0
488	4.478	15.37	1.901	15.563	0.032	0.984	6000.0
489	2.61	8.872	1.113	8.79	0.016	0.994	10000.0
490	2.911	9.928	1.222	9.702	0.018	0.991	6000.0
491	2.663	9.125	1.092	9.102	0.011	0.994	6000.0
492	1.785	6.131	0.802	6.684	0.003	0.997	6000.0
493	3.069	10.476	1.334	10.891	0.015	0.992	7000.0
494	2.679	9.224	1.313	10.947	0.017	0.992	6000.0
495	3.535	12.138	1.513	11.851	0.028	0.991	8000.0
496	2.453	8.425	1.173	9.221	0.013	0.994	8000.0
497	3.23	11.007	1.454	11.246	0.021	0.992	6000.0
498	3.036	10.326	1.37	10.579	0.014	0.992	6000.0
499	3.594	12.279	1.614	12.755	0.02	0.989	6000.0
500	2.864	9.768	1.317	11.269	0.018	0.991	6000.0
501	2.908	9.951	1.27	9.9	0.019	0.993	6000.0
502	2.408	8.262	0.963	7.749	0.012	0.996	11000.0
503	2.455	8.386	1.202	10.033	0.008	0.993	6000.0
504	2.647	9.046	1.241	9.357	0.014	0.994	6000.0
505	3.26	11.168	1.3	10.948	0.015	0.992	6000.0
506	3.903	13.284	1.819	14.157	0.025	0.988	6000.0
507	3.239	11.17	1.331	11.175	0.017	0.991	11000.0
508	2.864	9.856	1.293	10.3	0.02	0.993	6000.0
509	2.933	10.084	1.317	10.337	0.016	0.994	6000.0
510	3.854	13.241	1.729	13.705	0.021	0.985	6000.0
511	3.544	12.161	1.701	13.484	0.028	0.985	6000.0
512	3.56	12.178	1.521	12.175	0.017	0.99	6000.0
513	2.739	9.472	1.19	9.725	0.023	0.992	8000.0
514	3.735	12.781	1.576	12.868	0.016	0.991	6000.0
515	3.203	10.924	1.444	11.028	0.016	0.992	6000.0
516	2.645	8.978	1.099	8.279	0.014	0.995	7000.0
517	2.955	10.186	1.248	9.964	0.023	0.993	6000.0
518	3.828	13.05	1.622	12.546	0.022	0.988	6000.0
519	4.077	13.883	1.719	13.536	0.021	0.988	7000.0
520	3.349	11.532	1.378	11.702	0.017	0.991	6000.0
521	3.141	10.775	1.336	10.54	0.024	0.993	10000.0
522	1.633	5.606	0.751	6.234	0.005	0.998	6000.0
523	3.298	11.219	1.48	11.335	0.016	0.991	7000.0
524	2.511	8.617	1.026	8.46	0.017	0.996	6000.0
525	3.732	12.693	1.654	12.786	0.026	0.989	6000.0
526	2.891	9.948	1.396	11.076	0.011	0.992	6000.0
527	2.588	8.929	1.076	8.663	0.013	0.996	6000.0
528	3.696	12.72	1.691	13.534	0.02	0.988	6000.0
529	3.165	10.881	1.303	10.454	0.022	0.992	6000.0
530	4.04	13.805	1.716	13.471	0.02	0.988	6000.0
531	3.459	11.858	1.509	11.95	0.019	0.992	6000.0
532	3.812	13.011	1.638	12.849	0.029	0.991	7000.0
533	3.628	12.35	1.559	12.243	0.028	0.989	6000.0
534	2.388	8.173	1.047	8.288	0.009	0.995	9000.0
535	2.373	8.157	1.048	8.252	0.01	0.996	6000.0
536	2.631	9.006	1.138	8.77	0.017	0.995	6000.0
537	4.448	15.269	1.941	14.841	0.034	0.987	6000.0
538	3.516	12.033	1.663	13.524	0.025	0.988	6000.0
539	3.932	13.353	1.827	13.895	0.029	0.987	6000.0
540	4.709	16.161	2.107	16.404	0.025	0.982	6000.0
541	2.896	9.919	1.3	10.8	0.011	0.992	6000.0
542	3.114	10.658	1.415	11.094	0.015	0.992	6000.0
543	3.728	12.715	1.606	12.128	0.024	0.99	6000.0
544	2.813	9.685	1.244	10.073	0.012	0.992	9000.0
545	3.605	12.436	1.609	12.691	0.021	0.989	6000.0
546	2.916	10.008	1.327	10.73	0.015	0.992	6000.0
547	2.022	6.967	0.894	6.711	0.018	0.997	13000.0
548	2.663	9.117	1.106	8.627	0.014	0.995	6000.0
549	4.783	16.444	2.337	18.413	0.035	0.979	6000.0
550	2.183	7.49	0.944	7.81	0.011	0.996	6000.0
551	1.797	6.155	0.769	6.239	0.013	0.997	6000.0
552	3.184	10.867	1.379	11.208	0.018	0.992	6000.0
553	3.148	10.782	1.306	10.565	0.023	0.992	6000.0
554	3.558	12.18	1.514	11.713	0.025	0.992	6000.0
555	2.934	10.054	1.237	10.447	0.013	0.992	11000.0
556	3.246	11.116	1.42	11.199	0.019	0.991	7000.0
557	3.615	12.269	1.585	13.036	0.017	0.987	6000.0
558	3.448	11.878	1.433	11.655	0.025	0.99	6000.0
559	3.214	11.036	1.432	12.173	0.02	0.989	6000.0
560	3.264	11.113	1.446	11.643	0.018	0.99	6000.0
561	2.759	9.38	1.219	9.891	0.016	0.992	6000.0
562	2.612	8.962	1.048	9.017	0.014	0.994	6000.0
563	2.537	8.625	1.12	9.054	0.01	0.995	6000.0
564	2.35	8.029	1.051	8.223	0.012	0.996	8000.0
565	3.016	10.371	1.345	10.792	0.011	0.993	6000.0
566	3.311	11.354	1.496	12.036	0.025	0.991	8000.0
567	3.427	11.72	1.432	11.639	0.017	0.99	10000.0
568	2.358	7.952	0.993	7.708	0.012	0.994	6000.0
569	3.787	12.982	1.584	12.232	0.03	0.991	6000.0
570	4.132	14.141	1.91	15.341	0.016	0.985	6000.0
571	2.297	7.867	1.041	8.391	0.013	0.996	6000.0
572	2.928	10.001	1.31	10.51	0.018	0.992	6000.0
573	2.847	9.726	1.253	10.524	0.009	0.992	6000.0
574	3.68	12.709	1.574	12.932	0.025	0.986	6000.0
575	2.603	8.927	1.089	9.282	0.014	0.994	6000.0
576	3.322	11.404	1.459	11.512	0.023	0.992	6000.0
577	4.007	13.6	1.718	13.925	0.025	0.984	6000.0
578	5.602	19.401	2.38	19.054	0.041	0.975	6000.0
579	1.562	5.392	0.699	5.63	0.004	0.998	13000.0
580	2.693	9.275	1.147	9.23	0.015	0.994	6000.0
581	3.639	12.557	1.558	12.664	0.028	0.988	6000.0
582	3.186	10.917	1.443	11.321	0.024	0.991	6000.0
583	2.137	7.3	0.878	7.038	0.014	0.997	6000.0
584	2.713	9.205	1.148	9.272	0.012	0.993	6000.0
585	3.142	10.807	1.403	11.686	0.019	0.99	6000.0
586	4.111	14.039	1.801	14.817	0.028	0.986	11000.0
587	3.847	13.268	1.618	13.269	0.026	0.988	6000.0
588	2.874	9.888	1.403	10.959	0.017	0.992	6000.0
589	2.049	7.048	0.943	7.831	0.008	0.996	6000.0
590	3.851	13.156	1.764	13.976	0.019	0.989	6000.0
591	3.402	11.61	1.426	11.352	0.022	0.989	6000.0
592	3.553	12.139	1.536	12.43	0.023	0.988	6000.0
593	4.78	16.387	2.32	18.34	0.035	0.979	6000.0
594	2.757	9.481	1.151	9.758	0.013	0.992	6000.0
595	3.342	11.441	1.423	11.305	0.019	0.99	6000.0
596	2.52	8.608	1.179	9.063	0.012	0.995	6000.0
597	4.399	15.03	1.956	14.805	0.041	0.985	6000.0
598	5.268	18.0	2.333	18.796	0.033	0.975	6000.0
599	4.533	15.515	1.95	15.691	0.032	0.986	13000.0
600	3.227	11.055	1.416	11.535	0.017	0.991	6000.0
601	2.734	9.25	1.313	9.908	0.017	0.992	6000.0
602	3.015	10.322	1.306	10.27	0.02	0.994	6000.0
603	3.896	13.297	1.736	13.56	0.02	0.989	6000.0
604	2.617	8.983	1.089	8.677	0.02	0.995	6000.0
605	3.262	11.214	1.432	11.746	0.023	0.992	7000.0
606	4.712	16.18	1.905	15.96	0.039	0.984	6000.0
607	2.112	7.246	0.951	7.372	0.015	0.996	6000.0
608	5.098	17.536	2.254	17.552	0.033	0.982	6000.0
609	2.983	10.203	1.29	10.821	0.011	0.992	6000.0
610	3.053	10.419	1.419	11.248	0.017	0.992	6000.0
611	3.103	10.538	1.39	10.977	0.016	0.989	11000.0
612	2.707	9.254	1.336	10.302	0.015	0.994	6000.0
613	3.136	10.733	1.413	11.366	0.019	0.992	6000.0
614	3.025	10.287	1.313	10.403	0.017	0.993	11000.0
615	3.233	11.226	1.371	10.787	0.031	0.989	6000.0
616	3.826	13.074	1.787	13.36	0.032	0.988	6000.0
617	2.927	10.062	1.439	11.481	0.024	0.992	6000.0
618	2.883	9.817	1.273	10.419	0.01	0.992	6000.0
619	4.604	15.779	1.945	15.796	0.03	0.984	6000.0
620	3.055	10.454	1.361	10.824	0.025	0.991	6000.0
621	2.466	8.429	1.066	8.073	0.013	0.996	6000.0
622	2.965	10.228	1.208	9.702	0.017	0.992	6000.0
623	4.214	14.495	1.789	14.234	0.024	0.988	6000.0
624	2.647	9.069	1.189	9.885	0.018	0.994	6000.0
625	4.359	14.825	1.82	14.568	0.027	0.988	6000.0
626	3.272	11.206	1.491	11.964	0.018	0.99	6000.0
627	2.52	8.661	1.137	9.397	0.016	0.991	6000.0
628	2.924	9.941	1.305	10.635	0.016	0.992	6000.0
629	3.272	11.281	1.484	11.67	0.023	0.992	6000.0
630	4.813	16.387	2.131	16.194	0.029	0.983	6000.0
631	3.126	10.691	1.391	11.328	0.015	0.99	8000.0
632	2.746	9.5	1.214	9.719	0.018	0.994	7000.0
633	3.388	11.595	1.472	11.999	0.019	0.989	6000.0
634	3.013	10.328	1.325	10.635	0.018	0.993	6000.0
635	2.658	9.098	1.113	9.107	0.011	0.994	6000.0
636	2.817	9.648	1.24	10.041	0.012	0.994	6000.0
637	2.612	8.926	1.265	9.389	0.014	0.995	6000.0
638	2.881	9.879	1.169	9.713	0.011	0.995	6000.0
639	2.77	9.559	1.188	10.073	0.019	0.991	6000.0
640	3.531	12.058	1.595	12.195	0.029	0.989	6000.0
641	3.031	10.317	1.467	11.06	0.015	0.991	6000.0
642	2.792	9.525	1.277	10.496	0.019	0.991	9000.0
643	3.029	10.382	1.218	9.901	0.014	0.994	6000.0
644	3.814	13.043	1.696	13.477	0.021	0.989	6000.0
645	2.776	9.525	1.159	8.927	0.016	0.995	8000.0
646	2.514	8.627	1.073	8.346	0.012	0.996	13000.0
647	3.29	11.299	1.421	11.888	0.025	0.99	6000.0
648	2.984	10.252	1.217	10.08	0.023	0.993	6000.0
649	2.738	9.398	1.174	9.572	0.014	0.993	6000.0
650	3.199	11.015	1.328	10.655	0.022	0.989	6000.0
651	2.878	9.896	1.264	9.982	0.024	0.993	6000.0
652	3.221	11.051	1.569	12.326	0.023	0.988	6000.0
653	2.446	8.349	1.134	9.458	0.018	0.993	18000.0
654	5.276	18.144	2.144	17.698	0.037	0.98	6000.0
655	2.897	9.97	1.3	10.263	0.022	0.993	9000.0
656	3.02	10.284	1.196	9.956	0.016	0.992	16000.0
657	3.646	12.388	1.614	13.901	0.018	0.986	6000.0
658	3.901	13.277	1.63	13.384	0.023	0.987	6000.0
659	2.985	10.233	1.254	9.442	0.023	0.995	6000.0
660	3.648	12.497	1.482	12.254	0.026	0.991	6000.0
661	3.485	11.94	1.486	12.538	0.017	0.989	6000.0
662	2.649	9.114	1.223	10.112	0.016	0.994	6000.0
663	4.284	14.656	1.723	14.127	0.039	0.985	6000.0
664	3.316	11.342	1.446	11.812	0.022	0.991	6000.0
665	2.792	9.438	1.117	8.849	0.018	0.993	6000.0
666	2.782	9.543	1.228	9.985	0.01	0.993	7000.0
667	2.855	9.809	1.209	9.698	0.012	0.994	6000.0
668	3.123	10.776	1.396	11.234	0.017	0.992	6000.0
669	4.202	14.45	1.872	14.873	0.025	0.987	6000.0
670	2.928	10.039	1.324	10.345	0.016	0.992	6000.0
671	2.57	8.827	1.167	9.045	0.015	0.995	6000.0
672	3.951	13.439	1.917	14.356	0.028	0.986	6000.0
673	3.399	11.685	1.625	13.217	0.029	0.987	6000.0
674	3.858	13.178	1.788	13.659	0.021	0.989	6000.0
675	2.68	9.126	1.184	9.644	0.019	0.991	6000.0
676	3.594	12.318	1.61	12.629	0.028	0.99	6000.0
677	3.555	12.215	1.608	13.063	0.021	0.989	6000.0
678	3.4	11.574	1.516	11.247	0.018	0.991	6000.0
679	3.074	10.481	1.307	9.415	0.018	0.994	6000.0
680	2.976	10.187	1.525	12.359	0.019	0.989	6000.0
681	4.066	13.909	1.809	14.243	0.021	0.987	6000.0
682	3.622	12.395	1.515	12.3	0.023	0.991	6000.0
683	2.769	9.496	1.157	9.377	0.023	0.993	6000.0
684	2.867	9.794	1.283	9.968	0.013	0.994	6000.0
685	3.491	11.934	1.423	11.276	0.022	0.99	6000.0
686	2.386	8.213	1.027	8.405	0.011	0.994	6000.0
687	2.909	9.972	1.195	9.565	0.015	0.993	6000.0
688	3.942	13.476	1.693	13.32	0.025	0.988	6000.0
689	3.901	13.405	1.711	13.88	0.03	0.987	6000.0
690	2.941	10.072	1.353	10.663	0.025	0.993	8000.0
691	3.448	11.876	1.463	12.914	0.019	0.986	6000.0
692	2.913	10.011	1.28	10.584	0.016	0.993	6000.0
693	4.053	13.904	1.762	13.393	0.027	0.99	6000.0
694	3.609	12.492	1.53	12.43	0.017	0.989	6000.0
695	1.898	6.467	0.845	6.544	0.011	0.996	6000.0
696	3.124	10.577	1.351	10.746	0.022	0.989	6000.0
697	2.949	9.938	1.399	10.68	0.016	0.989	6000.0
698	3.274	11.211	1.43	11.255	0.02	0.992	6000.0
699	3.116	10.77	1.349	10.993	0.018	0.992	6000.0
700	4.174	14.288	1.831	14.206	0.018	0.988	6000.0
701	3.835	13.155	1.588	12.775	0.022	0.989	6000.0
702	2.936	10.036	1.325	10.206	0.009	0.994	6000.0
703	3.186	10.863	1.406	10.928	0.02	0.99	8000.0
704	2.322	7.964	0.928	7.382	0.012	0.996	6000.0
705	3.602	12.28	1.604	11.646	0.024	0.99	6000.0
706	3.415	11.766	1.572	12.587	0.022	0.987	7000.0
707	2.83	9.689	1.226	10.307	0.016	0.991	11000.0
708	2.903	9.941	1.2	9.48	0.019	0.993	6000.0
709	3.101	10.647	1.487	12.154	0.03	0.986	7000.0
710	4.36	14.891	1.88	14.894	0.024	0.987	9000.0
711	2.5	8.554	1.145	9.223	0.021	0.993	7000.0
712	3.148	10.776	1.309	10.213	0.024	0.994	6000.0
713	3.663	12.573	1.602	12.763	0.02	0.989	6000.0
714	3.076	10.497	1.287	9.937	0.017	0.993	6000.0
715	2.955	10.166	1.266	10.717	0.022	0.99	6000.0
716	3.532	12.134	1.56	12.957	0.034	0.982	6000.0
717	2.751	9.451	1.193	9.891	0.011	0.992	6000.0
718	2.115	7.196	0.942	7.61	0.02	0.995	7000.0
719	2.946	10.149	1.228	10.048	0.014	0.993	6000.0
720	2.689	9.193	1.243	10.559	0.011	0.991	6000.0
721	1.356	4.646	0.666	5.837	0.003	0.997	8000.0
722	2.509	8.571	1.037	8.424	0.013	0.995	6000.0
723	2.784	9.522	1.26	10.231	0.025	0.992	6000.0
724	2.884	9.85	1.241	9.421	0.017	0.995	6000.0
725	2.558	8.783	1.162	9.362	0.013	0.994	8000.0
726	2.696	9.248	1.211	10.118	0.014	0.993	6000.0
727	3.125	10.617	1.292	10.3	0.015	0.992	7000.0
728	1.635	5.575	0.681	5.497	0.008	0.997	6000.0
729	4.039	13.834	1.617	13.506	0.023	0.988	7000.0
730	2.46	8.379	1.074	8.423	0.018	0.994	10000.0
731	3.393	11.637	1.459	11.217	0.026	0.99	6000.0
732	3.572	12.242	1.481	12.101	0.022	0.989	7000.0
733	2.821	9.609	1.314	10.211	0.015	0.993	6000.0
734	3.284	11.295	1.477	11.848	0.024	0.991	6000.0
735	2.198	7.59	0.946	7.44	0.007	0.996	6000.0
736	2.107	7.179	0.853	6.826	0.01	0.997	6000.0
737	2.92	9.964	1.138	9.173	0.017	0.994	6000.0
738	3.21	11.026	1.34	11.057	0.017	0.993	6000.0
739	3.09	10.544	1.324	11.0	0.022	0.992	6000.0
740	3.078	10.589	1.46	11.982	0.018	0.988	6000.0
741	2.324	7.983	1.085	8.745	0.01	0.994	6000.0
742	3.69	12.703	1.553	12.629	0.021	0.988	6000.0
743	4.065	13.887	1.786	14.528	0.022	0.987	6000.0
744	2.65	9.103	1.177	9.381	0.017	0.994	9000.0
745	3.515	12.101	1.589	11.978	0.029	0.99	6000.0
746	3.111	10.756	1.35	10.248	0.025	0.992	6000.0
747	3.143	10.786	1.402	10.858	0.021	0.991	6000.0
748	3.574	12.192	1.485	11.841	0.023	0.991	6000.0
749	3.338	11.464	1.463	11.467	0.021	0.99	6000.0
750	3.545	12.266	1.49	11.733	0.029	0.986	6000.0
751	2.505	8.609	1.086	8.727	0.012	0.996	6000.0
752	3.014	10.291	1.293	10.263	0.017	0.993	6000.0
753	2.915	9.988	1.282	9.388	0.014	0.995	6000.0
754	2.731	9.329	1.204	9.529	0.018	0.994	6000.0
755	3.339	11.501	1.42	11.532	0.017	0.989	6000.0
756	2.846	9.772	1.219	10.349	0.02	0.993	6000.0
757	3.619	12.406	1.621	13.136	0.021	0.988	6000.0
758	2.704	9.254	1.059	8.247	0.02	0.996	8000.0
759	3.099	10.615	1.275	10.455	0.019	0.991	6000.0
760	3.405	11.639	1.474	11.924	0.017	0.989	6000.0
761	1.742	5.969	0.746	5.792	0.008	0.998	6000.0
762	2.882	9.8	1.209	9.745	0.017	0.993	6000.0
763	4.128	14.225	1.877	15.62	0.026	0.981	6000.0
764	3.66	12.504	1.607	12.71	0.025	0.989	6000.0
765	2.768	9.458	1.272	9.804	0.02	0.995	7000.0
766	3.277	11.172	1.336	11.021	0.02	0.992	7000.0
767	2.752	9.394	1.245	10.383	0.017	0.993	6000.0
768	3.138	10.804	1.332	10.206	0.018	0.993	6000.0
769	4.368	15.035	1.97	16.078	0.02	0.983	6000.0
770	3.591	12.239	1.644	12.348	0.026	0.991	6000.0
771	4.239	14.507	1.869	14.21	0.042	0.98	6000.0
772	2.838	9.735	1.233	10.037	0.014	0.991	6000.0
773	3.312	11.266	1.443	11.797	0.013	0.989	6000.0
774	3.284	11.277	1.434	11.543	0.018	0.991	7000.0
775	3.577	12.189	1.616	13.378	0.026	0.988	6000.0
776	2.658	9.109	1.174	9.2	0.011	0.995	8000.0
777	2.475	8.414	1.094	8.344	0.012	0.995	6000.0
778	3.383	11.613	1.454	12.534	0.023	0.989	7000.0
779	3.576	12.245	1.642	12.89	0.02	0.99	6000.0
780	3.154	10.816	1.429	10.808	0.015	0.993	6000.0
781	3.562	12.122	1.649	12.544	0.024	0.987	6000.0
782	2.894	9.87	1.231	10.034	0.018	0.994	6000.0
783	3.082	10.573	1.349	11.03	0.025	0.991	6000.0
784	2.755	9.396	1.33	10.785	0.016	0.988	6000.0
785	2.345	7.964	1.023	8.414	0.008	0.995	6000.0
786	3.226	11.135	1.371	11.363	0.014	0.991	6000.0
787	3.483	11.911	1.513	11.657	0.025	0.992	6000.0
788	2.699	9.114	1.223	9.572	0.014	0.99	6000.0
789	3.617	12.392	1.544	13.061	0.017	0.988	6000.0
790	2.525	8.66	1.095	8.806	0.018	0.995	6000.0
791	3.101	10.623	1.282	10.111	0.025	0.992	6000.0
792	2.211	7.579	0.939	7.395	0.011	0.997	6000.0
793	3.918	13.347	1.698	13.505	0.024	0.988	6000.0
794	2.632	8.991	1.078	8.761	0.015	0.994	6000.0
795	4.179	14.314	1.881	15.002	0.025	0.985	6000.0
796	3.254	11.185	1.391	11.305	0.018	0.992	6000.0
797	2.147	7.255	0.969	7.282	0.017	0.996	6000.0
798	3.43	11.719	1.464	11.568	0.018	0.992	6000.0
799	2.569	8.812	1.1	8.993	0.017	0.993	11000.0
800	3.221	11.012	1.32	10.188	0.021	0.993	6000.0
801	2.742	9.378	1.188	9.196	0.015	0.996	6000.0
802	2.357	8.057	1.068	9.024	0.008	0.994	9000.0
803	3.404	11.525	1.508	11.987	0.022	0.986	6000.0
804	3.538	12.053	1.51	12.181	0.023	0.989	6000.0
805	2.684	9.228	1.199	9.647	0.009	0.994	7000.0
806	3.504	12.042	1.563	12.505	0.023	0.99	6000.0
807	2.951	10.11	1.321	10.656	0.018	0.993	6000.0
808	2.733	9.355	1.198	9.45	0.014	0.994	6000.0
809	2.509	8.578	1.173	9.441	0.018	0.994	13000.0
810	2.771	9.454	1.234	9.741	0.018	0.994	7000.0
811	2.402	8.152	1.076	8.527	0.012	0.992	6000.0
812	1.997	6.808	0.87	6.568	0.009	0.997	6000.0
813	2.828	9.685	1.213	9.986	0.015	0.993	6000.0
814	3.158	10.795	1.309	10.099	0.02	0.994	6000.0
815	3.273	11.193	1.589	12.309	0.02	0.992	6000.0
816	2.388	8.254	1.071	8.992	0.012	0.992	7000.0
817	4.001	13.671	1.744	13.56	0.023	0.989	6000.0
818	2.743	9.406	1.115	9.126	0.016	0.994	6000.0
819	2.497	8.553	1.079	8.7	0.016	0.996	6000.0
820	2.581	8.786	1.122	9.213	0.012	0.993	6000.0
821	3.214	11.083	1.385	10.826	0.023	0.991	7000.0
822	2.816	9.666	1.344	10.965	0.017	0.993	6000.0
823	2.23	7.615	0.964	7.83	0.008	0.996	6000.0
824	1.643	5.685	0.682	5.633	0.005	0.996	6000.0
825	3.023	10.364	1.399	10.878	0.013	0.991	6000.0
826	3.958	13.61	1.789	14.387	0.03	0.986	6000.0
827	2.593	8.858	1.242	9.699	0.014	0.993	6000.0
828	3.157	10.865	1.275	10.712	0.017	0.99	6000.0
829	3.168	10.839	1.361	11.351	0.014	0.991	6000.0
830	3.107	10.576	1.442	11.141	0.022	0.991	6000.0
831	2.668	9.176	1.124	8.926	0.016	0.994	6000.0
832	4.632	15.76	2.028	15.881	0.033	0.984	6000.0
833	3.692	12.749	1.622	13.573	0.026	0.985	6000.0
834	2.375	8.179	1.016	8.4	0.017	0.996	6000.0
835	2.614	8.996	1.087	8.716	0.014	0.994	6000.0
836	3.001	10.255	1.401	11.402	0.017	0.992	10000.0
837	2.903	9.921	1.368	10.887	0.023	0.992	6000.0
838	2.341	7.962	1.033	8.588	0.017	0.995	7000.0
839	1.963	6.757	0.854	6.773	0.008	0.996	6000.0
840	2.919	9.979	1.208	10.488	0.015	0.989	8000.0
841	3.442	11.758	1.586	12.115	0.03	0.991	7000.0
842	4.334	14.808	1.989	15.806	0.028	0.984	6000.0
843	3.84	13.167	1.668	14.067	0.023	0.988	6000.0
844	4.368	14.815	1.938	15.25	0.032	0.982	6000.0
845	2.6	8.843	1.106	8.906	0.017	0.995	6000.0
846	2.556	8.75	1.095	9.152	0.016	0.994	6000.0
847	4.229	14.453	1.941	15.119	0.024	0.987	10000.0
848	3.576	12.249	1.498	12.965	0.021	0.988	6000.0
849	3.554	12.058	1.552	12.357	0.022	0.986	6000.0
850	3.173	10.95	1.293	10.398	0.024	0.992	6000.0
851	2.268	7.756	1.067	8.733	0.013	0.995	6000.0
852	3.077	10.553	1.23	10.469	0.013	0.993	9000.0
853	3.708	12.793	1.478	12.238	0.022	0.988	6000.0
854	3.681	12.565	1.668	13.074	0.021	0.989	6000.0
855	2.994	10.223	1.313	10.652	0.017	0.993	6000.0
856	2.168	7.493	0.905	7.459	0.017	0.996	6000.0
857	3.392	11.616	1.372	11.624	0.014	0.991	6000.0
858	4.693	16.241	2.046	16.158	0.039	0.979	6000.0
859	3.605	12.286	1.504	11.933	0.022	0.991	6000.0
860	4.149	14.165	1.78	13.694	0.031	0.988	6000.0
861	4.281	14.689	1.821	15.081	0.031	0.983	6000.0
862	2.403	8.231	1.055	8.521	0.009	0.995	6000.0
863	3.304	11.262	1.429	11.467	0.018	0.991	6000.0
864	4.172	14.43	1.921	16.422	0.047	0.974	6000.0
865	2.217	7.644	1.021	8.01	0.011	0.995	6000.0
866	3.136	10.734	1.281	10.491	0.016	0.993	6000.0
867	3.147	10.762	1.331	10.964	0.017	0.992	6000.0
868	2.99	10.178	1.341	10.532	0.018	0.992	6000.0
869	2.686	9.218	1.191	10.096	0.012	0.993	8000.0
870	3.102	10.579	1.348	10.75	0.02	0.99	6000.0
871	2.743	9.443	1.269	10.155	0.025	0.991	8000.0
872	4.11	14.082	1.74	13.972	0.034	0.985	6000.0
873	2.547	8.751	1.107	8.834	0.018	0.994	6000.0
874	3.223	10.918	1.377	10.866	0.018	0.991	6000.0
875	3.724	12.702	1.743	13.33	0.021	0.988	6000.0
876	2.406	8.31	0.975	7.963	0.013	0.995	6000.0
877	4.242	14.588	1.798	14.099	0.032	0.988	6000.0
878	3.728	12.685	1.615	12.967	0.023	0.988	6000.0
879	3.197	10.93	1.504	11.172	0.019	0.992	6000.0
880	4.644	15.96	1.939	14.884	0.031	0.984	6000.0
881	2.109	7.227	1.017	7.694	0.01	0.996	10000.0
882	3.046	10.432	1.393	10.343	0.021	0.993	6000.0
883	3.237	11.127	1.453	11.484	0.017	0.991	7000.0
884	3.56	12.198	1.602	12.629	0.019	0.99	7000.0
885	2.28	7.811	1.034	8.716	0.011	0.994	6000.0
886	2.929	9.919	1.533	11.622	0.018	0.99	6000.0
887	2.685	9.184	1.086	8.666	0.017	0.996	6000.0
888	2.955	10.221	1.308	10.772	0.015	0.992	6000.0
889	1.872	6.364	0.798	6.285	0.007	0.998	7000.0
890	3.647	12.494	1.701	13.652	0.028	0.988	6000.0
891	2.913	9.991	1.29	10.115	0.019	0.992	7000.0
892	3.715	12.697	1.725	14.065	0.029	0.985	6000.0
893	3.22	11.072	1.377	11.943	0.02	0.988	6000.0
894	2.558	8.72	1.055	8.475	0.014	0.995	6000.0
895	3.772	12.897	1.685	13.575	0.028	0.987	6000.0
896	3.099	10.646	1.328	10.534	0.021	0.992	6000.0
897	2.49	8.517	1.086	8.957	0.017	0.992	6000.0
898	3.901	13.46	1.673	13.14	0.03	0.979	6000.0
899	4.905	16.88	2.226	18.058	0.031	0.98	6000.0
900	3.815	13.043	1.603	13.158	0.032	0.985	6000.0
901	2.722	9.289	1.115	8.881	0.015	0.994	6000.0
902	2.688	9.227	1.149	9.264	0.012	0.994	6000.0
903	3.188	10.866	1.454	12.305	0.028	0.99	6000.0
904	2.422	8.239	1.0	8.008	0.016	0.996	6000.0
905	2.647	9.066	1.212	9.681	0.013	0.994	6000.0
906	3.567	12.19	1.53	12.26	0.017	0.988	6000.0
907	2.787	9.549	1.183	9.167	0.024	0.994	6000.0
908	3.091	10.553	1.394	10.91	0.023	0.99	7000.0
909	2.929	9.994	1.228	9.426	0.015	0.995	6000.0
910	2.933	10.112	1.402	11.525	0.019	0.991	6000.0
911	3.375	11.59	1.423	11.147	0.022	0.99	6000.0
912	3.715	12.614	1.649	12.435	0.029	0.988	6000.0
913	2.925	10.005	1.281	10.355	0.02	0.992	6000.0
914	3.548	12.133	1.6	11.976	0.025	0.991	6000.0
915	2.875	9.894	1.291	10.402	0.013	0.993	6000.0
916	2.857	9.814	1.282	10.007	0.011	0.994	6000.0
917	3.406	11.724	1.513	12.366	0.023	0.988	6000.0
918	3.963	13.56	1.713	14.162	0.025	0.988	6000.0
919	3.925	13.539	1.574	12.708	0.039	0.987	6000.0
920	2.688	9.121	1.134	8.928	0.018	0.994	7000.0
921	2.791	9.535	1.222	9.256	0.02	0.994	6000.0
922	3.166	10.82	1.474	12.046	0.017	0.99	6000.0
923	2.321	7.921	1.041	8.08	0.008	0.994	6000.0
924	3.294	11.221	1.428	11.41	0.018	0.992	8000.0
925	2.229	7.64	0.928	7.231	0.013	0.997	7000.0
926	2.466	8.483	1.117	9.332	0.014	0.994	6000.0
927	2.716	9.392	1.22	10.323	0.016	0.99	6000.0
928	2.509	8.58	1.08	8.731	0.011	0.995	6000.0
929	2.743	9.427	1.273	9.936	0.011	0.993	8000.0
930	3.139	10.744	1.415	10.759	0.026	0.991	6000.0
931	2.734	9.358	1.189	9.82	0.014	0.994	6000.0
932	3.031	10.391	1.379	11.128	0.016	0.992	6000.0
933	3.272	11.276	1.335	10.614	0.026	0.992	6000.0
934	3.357	11.367	1.46	11.454	0.018	0.99	7000.0
935	2.572	8.834	1.154	9.373	0.012	0.994	6000.0
936	3.162	10.809	1.393	10.953	0.023	0.993	6000.0
937	3.209	10.934	1.293	10.588	0.025	0.993	6000.0
938	3.632	12.463	1.608	13.809	0.032	0.985	7000.0
939	3.055	10.386	1.254	9.924	0.017	0.993	6000.0
940	2.639	8.988	1.114	8.913	0.019	0.995	7000.0
941	3.322	11.42	1.514	11.68	0.026	0.991	6000.0
942	3.865	13.295	1.795	15.097	0.032	0.982	6000.0
943	3.725	12.76	1.735	14.227	0.017	0.988	6000.0
944	3.149	10.765	1.387	10.7	0.024	0.993	6000.0
945	2.331	8.023	1.056	8.024	0.015	0.996	6000.0
946	3.76	12.796	1.795	14.146	0.03	0.986	6000.0
947	3.059	10.549	1.415	11.074	0.018	0.99	8000.0
948	3.077	10.482	1.317	10.957	0.015	0.992	6000.0
949	2.977	10.159	1.188	9.646	0.018	0.994	6000.0
950	3.451	11.692	1.45	11.531	0.019	0.99	6000.0
951	2.417	8.244	1.075	8.303	0.016	0.995	6000.0
952	3.281	11.182	1.436	11.355	0.016	0.992	6000.0
953	2.606	8.939	1.156	9.434	0.017	0.994	6000.0
954	2.078	7.062	0.953	7.648	0.013	0.996	6000.0
955	2.7	9.211	1.163	9.292	0.017	0.993	6000.0
956	3.225	11.015	1.459	12.084	0.017	0.99	6000.0
957	3.928	13.592	1.849	14.248	0.051	0.983	6000.0
958	2.783	9.535	1.201	9.896	0.02	0.99	6000.0
959	3.059	10.487	1.436	11.413	0.02	0.991	6000.0
960	3.565	12.282	1.57	13.052	0.018	0.989	6000.0
961	3.454	11.797	1.468	11.166	0.025	0.992	6000.0
962	2.77	9.482	1.151	9.183	0.017	0.994	6000.0
963	3.376	11.493	1.502	11.416	0.024	0.989	6000.0
964	2.762	9.323	1.153	9.29	0.012	0.993	6000.0
965	4.889	16.717	1.997	16.071	0.031	0.983	6000.0
966	3.562	12.168	1.898	14.134	0.019	0.986	6000.0
967	3.069	10.559	1.384	11.361	0.022	0.991	6000.0
968	3.383	11.592	1.553	12.959	0.019	0.988	6000.0
969	2.89	9.889	1.348	10.946	0.015	0.992	7000.0
970	3.619	12.319	1.543	11.94	0.02	0.99	6000.0
971	3.443	11.785	1.534	12.351	0.022	0.988	7000.0
972	1.983	6.768	0.833	6.94	0.008	0.996	6000.0
973	2.507	8.523	1.022	8.107	0.02	0.994	6000.0
974	4.468	15.224	1.874	14.924	0.03	0.986	6000.0
975	2.749	9.448	1.184	9.369	0.015	0.994	6000.0
976	3.019	10.33	1.391	11.382	0.013	0.99	7000.0
977	1.67	5.768	0.788	5.672	0.011	0.998	6000.0
978	4.059	13.921	1.778	14.774	0.027	0.984	6000.0
979	3.11	10.608	1.278	10.6	0.018	0.994	6000.0
980	3.038	10.45	1.298	10.114	0.028	0.992	6000.0
981	2.909	9.91	1.236	9.976	0.013	0.993	6000.0
982	2.888	9.819	1.297	11.099	0.018	0.99	6000.0
983	2.095	7.104	0.923	7.315	0.009	0.996	9000.0
984	3.292	11.339	1.492	11.775	0.018	0.991	6000.0
985	2.844	9.727	1.368	10.224	0.017	0.993	6000.0
986	3.039	10.366	1.331	10.387	0.02	0.993	10000.0
987	2.703	9.315	1.1	9.053	0.015	0.994	7000.0
988	2.878	9.844	1.218	10.065	0.016	0.993	6000.0
989	3.215	10.962	1.438	11.112	0.017	0.992	6000.0
990	2.498	8.473	0.999	7.43	0.024	0.996	7000.0
991	4.436	15.149	1.853	14.931	0.029	0.98	6000.0
992	2.946	10.131	1.268	10.719	0.012	0.992	6000.0
993	3.13	10.686	1.293	10.618	0.017	0.992	6000.0
994	3.07	10.492	1.311	10.802	0.015	0.991	8000.0
995	2.486	8.554	1.153	9.581	0.011	0.993	6000.0
996	2.973	10.092	1.264	10.108	0.021	0.993	8000.0
997	2.454	8.409	1.097	8.621	0.009	0.995	6000.0
998	2.609	8.991	1.163	9.395	0.019	0.994	16000.0
999	2.864	9.697	1.223	9.521	0.018	0.994	8000.0
1000	2.843	9.767	1.241	9.193	0.021	0.995	6000.0
