NMF_Replicate	L1	L1 %	L2	L2 %	KL Divergence	Correlation	Convergence Iterations
1	7.652	26.207	3.152	24.722	0.081	0.965	6000.0
2	9.17	31.487	4.147	31.013	0.098	0.943	6000.0
3	6.812	23.241	2.735	22.972	0.066	0.964	6000.0
4	9.048	30.993	3.704	29.67	0.103	0.942	6000.0
5	7.064	24.152	3.077	24.856	0.067	0.964	6000.0
6	8.739	29.92	3.451	27.331	0.106	0.95	6000.0
7	8.181	27.97	3.483	27.974	0.081	0.951	6000.0
8	6.76	23.09	2.794	21.616	0.076	0.97	6000.0
9	7.286	24.863	3.519	27.645	0.067	0.956	6000.0
10	8.347	28.609	3.519	26.313	0.093	0.959	6000.0
11	7.047	24.221	2.997	24.738	0.073	0.962	6000.0
12	7.646	26.142	3.356	26.715	0.073	0.959	6000.0
13	6.986	24.045	2.78	22.24	0.06	0.971	6000.0
14	7.109	24.38	2.977	23.888	0.063	0.964	8000.0
15	7.675	26.318	3.509	27.275	0.066	0.958	6000.0
16	8.125	27.689	3.437	27.598	0.081	0.948	6000.0
17	7.315	25.06	2.862	23.452	0.071	0.964	6000.0
18	7.054	24.165	2.872	23.21	0.063	0.968	6000.0
19	8.144	27.935	3.417	27.205	0.089	0.957	6000.0
20	7.185	24.665	3.042	23.962	0.071	0.965	6000.0
21	7.216	24.714	2.98	24.38	0.074	0.965	6000.0
22	7.381	25.38	2.982	24.619	0.081	0.962	6000.0
23	7.007	23.993	2.782	22.611	0.08	0.967	6000.0
24	8.247	28.344	3.39	28.262	0.082	0.951	6000.0
25	9.458	32.486	3.95	32.332	0.099	0.93	6000.0
26	8.335	28.473	3.639	27.949	0.084	0.955	6000.0
27	8.146	27.928	3.46	27.626	0.073	0.956	6000.0
28	7.187	24.685	3.251	26.542	0.077	0.955	6000.0
29	7.137	24.419	2.921	23.616	0.066	0.963	6000.0
30	8.892	30.503	3.654	28.901	0.094	0.947	6000.0
31	6.845	23.464	2.99	24.104	0.053	0.961	6000.0
32	7.798	26.696	3.325	27.029	0.063	0.957	6000.0
33	8.1	27.595	3.385	25.909	0.081	0.96	6000.0
34	6.398	21.863	2.674	22.121	0.067	0.97	6000.0
35	7.671	26.258	3.2	26.568	0.1	0.952	6000.0
36	6.713	23.08	2.95	23.414	0.066	0.965	6000.0
37	9.35	31.897	4.11	32.046	0.106	0.929	6000.0
38	7.057	24.143	3.076	24.349	0.06	0.96	6000.0
39	7.335	25.149	3.192	26.351	0.079	0.956	6000.0
40	6.69	22.783	2.827	21.96	0.058	0.967	6000.0
41	8.449	28.966	3.513	28.157	0.085	0.954	6000.0
42	7.906	27.044	3.445	27.462	0.081	0.955	7000.0
43	8.638	29.46	3.751	29.067	0.094	0.952	8000.0
44	7.933	27.158	3.279	25.045	0.091	0.964	6000.0
45	6.968	23.907	3.072	23.939	0.077	0.962	6000.0
46	7.689	26.409	3.452	27.135	0.069	0.953	6000.0
47	8.433	28.809	3.546	28.591	0.094	0.948	7000.0
48	7.335	25.311	3.14	25.998	0.09	0.946	6000.0
49	6.916	23.601	2.883	22.103	0.082	0.965	6000.0
50	6.948	23.798	2.58	20.756	0.074	0.974	6000.0
51	6.74	23.068	2.785	22.386	0.067	0.969	6000.0
52	8.513	29.104	3.557	29.055	0.115	0.942	6000.0
53	6.851	23.59	2.683	22.307	0.065	0.968	6000.0
54	6.591	22.645	2.815	22.676	0.058	0.966	6000.0
55	6.399	21.923	2.751	22.543	0.051	0.97	6000.0
56	7.776	26.623	3.213	25.777	0.09	0.951	6000.0
57	7.461	25.669	3.275	25.347	0.082	0.957	6000.0
58	6.448	22.016	2.786	22.399	0.068	0.967	6000.0
59	8.04	27.582	3.117	25.738	0.081	0.96	6000.0
60	7.863	26.924	3.449	26.632	0.079	0.958	6000.0
61	9.923	33.879	4.196	30.926	0.116	0.941	6000.0
62	7.054	24.173	3.021	24.725	0.059	0.963	6000.0
63	7.49	25.67	3.004	24.702	0.082	0.958	6000.0
64	8.373	28.793	3.207	26.286	0.106	0.956	6000.0
65	9.137	31.359	3.742	29.487	0.111	0.945	6000.0
66	6.854	23.498	2.756	22.068	0.077	0.966	6000.0
67	8.005	27.535	3.312	26.948	0.091	0.953	6000.0
68	8.71	29.692	3.806	30.918	0.09	0.938	6000.0
69	7.858	26.772	3.219	25.375	0.083	0.955	6000.0
70	7.101	24.218	3.281	24.64	0.069	0.956	6000.0
71	6.204	21.242	2.694	22.083	0.059	0.965	7000.0
72	7.517	25.612	3.041	25.057	0.075	0.961	6000.0
73	7.19	24.572	3.427	26.347	0.067	0.959	6000.0
74	7.978	27.386	3.443	27.814	0.08	0.954	6000.0
75	8.381	28.597	3.588	28.075	0.095	0.955	6000.0
76	7.75	26.465	3.22	25.692	0.085	0.961	6000.0
77	7.283	24.896	3.207	25.018	0.061	0.959	6000.0
78	8.065	27.56	3.269	26.161	0.095	0.956	6000.0
79	7.799	26.812	3.053	26.09	0.101	0.952	6000.0
80	8.818	30.132	3.628	28.617	0.098	0.948	6000.0
81	7.231	24.856	2.975	24.488	0.06	0.963	6000.0
82	8.352	28.387	3.307	26.973	0.091	0.952	6000.0
83	6.487	22.267	2.676	21.904	0.061	0.971	6000.0
84	8.505	29.202	3.446	27.831	0.095	0.947	7000.0
85	5.514	19.039	2.339	19.212	0.056	0.975	6000.0
86	8.074	27.794	3.411	26.059	0.089	0.954	6000.0
87	6.675	22.794	2.663	22.042	0.071	0.97	6000.0
88	7.056	24.14	3.077	25.396	0.064	0.96	6000.0
89	6.894	23.651	2.779	22.81	0.07	0.968	6000.0
90	7.62	25.955	3.246	26.441	0.068	0.953	6000.0
91	7.305	25.054	2.993	24.092	0.092	0.955	6000.0
92	6.212	21.322	2.544	20.764	0.058	0.974	6000.0
93	7.638	26.218	3.183	26.582	0.069	0.959	6000.0
94	7.28	24.921	2.954	24.326	0.075	0.96	6000.0
95	8.848	30.192	3.77	29.474	0.084	0.944	6000.0
96	7.832	26.789	3.214	25.891	0.085	0.958	6000.0
97	7.082	24.171	2.966	23.909	0.075	0.962	6000.0
98	8.16	27.858	3.275	26.724	0.08	0.957	6000.0
99	6.661	22.827	2.817	22.914	0.061	0.97	6000.0
100	7.028	24.153	2.967	24.319	0.06	0.964	6000.0
101	7.64	26.18	3.167	26.2	0.072	0.959	6000.0
102	7.253	24.979	3.024	25.823	0.078	0.954	6000.0
103	8.62	29.601	3.564	28.626	0.097	0.95	6000.0
104	8.029	27.552	3.304	27.382	0.074	0.956	6000.0
105	8.232	28.206	3.317	27.578	0.075	0.953	6000.0
106	6.553	22.535	2.658	21.873	0.065	0.971	6000.0
107	8.721	29.878	3.677	30.017	0.095	0.946	6000.0
108	7.906	27.254	3.372	26.359	0.077	0.962	6000.0
109	7.724	26.343	3.346	26.535	0.088	0.956	6000.0
110	7.713	26.442	3.173	25.116	0.081	0.964	6000.0
111	8.459	29.109	3.514	29.052	0.082	0.949	6000.0
112	9.112	31.215	3.847	31.028	0.092	0.943	6000.0
113	8.676	29.718	3.59	28.257	0.106	0.952	6000.0
114	8.083	27.696	3.435	26.975	0.082	0.955	6000.0
115	8.782	30.09	3.887	30.88	0.103	0.932	6000.0
116	7.856	26.857	3.271	26.456	0.084	0.952	6000.0
117	7.824	26.729	3.525	27.403	0.075	0.952	6000.0
118	7.16	24.695	2.95	24.823	0.061	0.961	6000.0
119	7.279	24.897	3.099	24.662	0.09	0.963	6000.0
120	7.97	27.192	3.381	27.165	0.078	0.954	6000.0
121	6.558	22.68	2.633	22.53	0.07	0.961	6000.0
122	6.528	22.274	2.8	22.08	0.062	0.968	6000.0
123	7.556	25.89	3.169	26.2	0.066	0.957	6000.0
124	7.081	24.189	3.125	24.388	0.08	0.964	6000.0
125	7.389	25.194	3.363	25.796	0.091	0.96	6000.0
126	8.328	28.436	3.845	29.63	0.088	0.944	6000.0
127	7.211	24.696	3.173	25.348	0.078	0.959	6000.0
128	7.306	25.093	3.09	23.474	0.078	0.967	6000.0
129	6.235	21.267	2.489	19.806	0.059	0.977	6000.0
130	6.686	22.808	2.745	20.851	0.062	0.974	6000.0
131	7.552	25.916	3.212	25.189	0.074	0.963	6000.0
132	7.923	26.977	3.386	26.16	0.075	0.956	6000.0
133	8.254	28.276	3.424	27.65	0.087	0.952	6000.0
134	7.302	25.053	3.113	24.05	0.084	0.964	6000.0
135	6.169	21.088	2.671	22.364	0.047	0.969	6000.0
136	7.048	24.064	2.871	23.339	0.081	0.965	6000.0
137	6.428	22.002	2.496	20.282	0.074	0.975	7000.0
138	6.568	22.525	2.768	22.789	0.055	0.97	6000.0
139	7.425	25.425	3.146	23.817	0.08	0.97	6000.0
140	6.286	21.543	2.498	19.23	0.062	0.978	6000.0
141	6.051	20.719	2.753	20.747	0.065	0.97	6000.0
142	7.192	24.647	3.192	25.372	0.073	0.957	6000.0
143	7.107	24.354	3.028	23.656	0.063	0.964	6000.0
144	7.483	25.687	3.31	25.798	0.068	0.957	6000.0
145	7.272	24.897	3.059	24.975	0.077	0.964	6000.0
146	7.795	26.764	3.209	25.444	0.09	0.959	6000.0
147	8.949	30.804	3.883	30.669	0.111	0.936	6000.0
148	7.967	27.243	3.373	26.729	0.076	0.96	6000.0
149	8.179	28.026	3.471	27.971	0.078	0.95	6000.0
150	8.841	30.389	3.634	29.124	0.103	0.944	6000.0
151	7.199	24.653	2.993	25.118	0.08	0.954	6000.0
152	7.487	25.627	3.119	25.116	0.076	0.959	6000.0
153	6.394	21.885	2.851	23.739	0.062	0.964	6000.0
154	7.226	24.777	3.012	24.043	0.067	0.958	6000.0
155	6.235	21.25	2.437	19.466	0.067	0.975	6000.0
156	5.95	20.349	2.5	18.979	0.07	0.976	6000.0
157	6.431	22.065	2.678	21.222	0.062	0.971	6000.0
158	7.92	27.174	3.258	26.747	0.067	0.957	6000.0
159	8.399	28.753	3.586	28.242	0.079	0.946	6000.0
160	6.622	22.693	2.836	23.41	0.064	0.968	6000.0
161	7.131	24.515	2.867	22.977	0.071	0.966	6000.0
162	5.856	20.168	2.484	19.34	0.063	0.978	6000.0
163	8.0	27.375	3.522	27.861	0.086	0.952	6000.0
164	7.29	24.96	3.125	24.794	0.063	0.961	6000.0
165	7.521	25.786	3.102	25.394	0.078	0.963	6000.0
166	6.135	21.002	2.556	20.88	0.053	0.974	7000.0
167	6.773	23.051	2.769	20.452	0.069	0.973	6000.0
168	6.402	21.982	2.739	22.153	0.066	0.968	6000.0
169	8.504	29.37	3.389	27.141	0.111	0.949	6000.0
170	7.903	27.051	3.428	27.117	0.086	0.955	6000.0
171	9.012	31.002	3.71	30.364	0.106	0.935	6000.0
172	8.054	27.492	3.148	26.397	0.098	0.952	6000.0
173	5.637	19.223	2.193	17.8	0.049	0.981	6000.0
174	8.076	27.64	3.255	26.506	0.094	0.95	6000.0
175	6.546	22.413	2.664	22.502	0.068	0.967	6000.0
176	7.68	26.141	3.281	26.491	0.072	0.95	6000.0
177	6.441	21.995	2.801	22.432	0.06	0.969	6000.0
178	7.426	25.394	3.204	25.308	0.062	0.962	6000.0
179	7.747	26.534	3.308	27.08	0.067	0.959	6000.0
180	6.896	23.668	2.916	23.86	0.076	0.965	6000.0
181	8.359	28.577	3.531	27.563	0.084	0.952	6000.0
182	7.574	25.879	3.426	27.892	0.061	0.952	7000.0
183	8.021	27.659	3.312	27.042	0.085	0.944	6000.0
184	7.63	26.195	3.254	25.88	0.089	0.953	6000.0
185	7.472	25.619	3.055	25.03	0.081	0.958	6000.0
186	8.094	27.727	3.466	27.207	0.083	0.944	11000.0
187	6.121	20.976	2.691	20.791	0.068	0.969	6000.0
188	6.604	22.517	2.736	22.477	0.074	0.968	6000.0
189	7.49	25.53	3.344	27.068	0.083	0.952	6000.0
190	8.023	27.599	3.232	26.227	0.092	0.958	6000.0
191	6.868	23.558	2.944	23.289	0.063	0.966	6000.0
192	7.513	25.765	3.301	26.755	0.071	0.959	6000.0
193	8.141	27.854	3.34	26.673	0.093	0.954	6000.0
194	6.422	22.02	2.566	20.029	0.065	0.974	6000.0
195	9.724	33.305	4.128	32.854	0.101	0.937	6000.0
196	6.4	21.938	2.726	22.728	0.065	0.966	6000.0
197	8.977	30.754	3.673	28.181	0.109	0.943	6000.0
198	6.541	22.393	2.79	21.916	0.06	0.969	6000.0
199	9.089	31.071	3.988	30.809	0.102	0.937	6000.0
200	6.735	22.985	3.023	23.813	0.067	0.969	8000.0
201	8.413	28.924	3.648	28.815	0.092	0.944	6000.0
202	7.37	25.195	3.239	25.507	0.072	0.96	6000.0
203	8.869	30.399	3.677	29.165	0.087	0.947	6000.0
204	6.474	22.174	2.633	21.498	0.068	0.971	6000.0
205	6.857	23.547	2.918	23.822	0.066	0.962	6000.0
206	7.144	24.422	2.914	22.397	0.082	0.969	6000.0
207	7.303	24.966	3.122	24.141	0.075	0.962	6000.0
208	6.114	20.87	2.559	20.907	0.067	0.972	6000.0
209	6.958	23.912	2.811	22.88	0.077	0.962	6000.0
210	6.594	22.662	2.761	23.803	0.059	0.961	6000.0
211	8.164	28.011	3.475	28.646	0.089	0.95	6000.0
212	7.417	25.433	3.239	23.443	0.091	0.967	6000.0
213	8.364	28.587	3.375	26.539	0.095	0.956	6000.0
214	7.584	26.082	3.076	24.957	0.078	0.955	6000.0
215	6.444	22.045	2.77	21.726	0.062	0.971	6000.0
216	6.659	22.812	2.915	22.771	0.061	0.969	6000.0
217	8.592	29.246	3.643	27.964	0.084	0.951	6000.0
218	7.674	26.159	3.051	24.868	0.089	0.958	6000.0
219	7.91	27.19	3.077	24.48	0.095	0.96	6000.0
220	7.111	24.505	2.907	23.459	0.068	0.965	6000.0
221	6.824	23.382	2.889	21.937	0.07	0.969	6000.0
222	7.174	24.663	3.218	24.63	0.065	0.964	6000.0
223	7.894	27.069	3.555	28.092	0.076	0.954	7000.0
224	6.734	23.078	2.743	21.964	0.074	0.973	6000.0
225	7.037	24.033	2.988	24.054	0.075	0.965	6000.0
226	6.604	22.631	2.524	19.77	0.065	0.975	6000.0
227	6.584	22.63	2.757	22.37	0.07	0.969	6000.0
228	7.468	25.587	3.177	25.427	0.077	0.959	6000.0
229	6.176	21.189	2.51	20.649	0.061	0.974	6000.0
230	7.493	25.694	3.262	26.123	0.076	0.961	6000.0
231	6.418	21.939	2.616	19.917	0.073	0.977	6000.0
232	6.794	23.236	2.919	23.849	0.07	0.962	6000.0
233	5.81	19.978	2.332	17.81	0.066	0.983	6000.0
234	10.073	34.419	4.456	34.306	0.113	0.925	6000.0
235	8.981	30.712	4.084	31.483	0.109	0.936	6000.0
236	7.706	26.374	3.154	25.881	0.082	0.957	6000.0
237	10.046	34.5	4.289	34.001	0.105	0.929	6000.0
238	7.644	26.249	3.088	24.85	0.093	0.963	6000.0
239	6.903	23.704	3.15	25.391	0.067	0.957	6000.0
240	10.36	35.533	4.227	31.529	0.137	0.934	6000.0
241	8.352	28.571	3.528	28.557	0.083	0.947	6000.0
242	7.795	26.817	2.997	24.875	0.093	0.956	6000.0
243	8.154	28.025	3.442	28.443	0.082	0.951	6000.0
244	8.811	30.278	3.653	28.798	0.122	0.946	6000.0
245	7.04	24.145	3.213	25.923	0.064	0.959	6000.0
246	7.603	26.086	3.291	26.222	0.084	0.946	6000.0
247	7.874	26.868	3.289	26.98	0.094	0.95	6000.0
248	7.152	24.542	3.011	23.731	0.075	0.96	6000.0
249	7.928	27.088	3.213	25.973	0.089	0.951	6000.0
250	7.157	24.508	3.217	25.561	0.077	0.962	6000.0
251	7.086	24.238	3.168	25.164	0.072	0.962	6000.0
252	8.593	29.374	3.567	29.117	0.087	0.948	6000.0
253	7.785	26.631	3.247	25.083	0.096	0.963	6000.0
254	7.186	24.62	2.925	23.25	0.077	0.968	6000.0
255	7.434	25.579	2.94	24.372	0.078	0.958	6000.0
256	8.746	29.924	3.786	29.132	0.097	0.949	6000.0
257	6.779	23.245	2.712	21.276	0.074	0.972	6000.0
258	7.415	25.343	3.148	24.723	0.082	0.961	6000.0
259	8.209	28.259	3.482	28.588	0.091	0.952	6000.0
260	7.585	25.936	3.063	24.985	0.065	0.962	6000.0
261	9.028	30.993	3.71	29.86	0.097	0.946	7000.0
262	6.904	23.75	2.861	21.878	0.072	0.97	6000.0
263	9.169	31.267	3.8	29.607	0.096	0.947	6000.0
264	7.102	24.167	3.102	24.149	0.068	0.96	6000.0
265	7.97	27.311	3.408	26.827	0.089	0.953	6000.0
266	6.551	22.341	2.677	21.242	0.07	0.971	6000.0
267	7.646	26.18	3.158	25.378	0.067	0.963	6000.0
268	6.53	22.391	2.585	21.261	0.072	0.967	6000.0
269	8.293	28.412	3.375	26.599	0.094	0.958	6000.0
270	6.65	22.724	2.695	21.354	0.07	0.974	6000.0
271	8.528	29.114	3.607	28.644	0.088	0.948	6000.0
272	7.005	23.959	2.947	24.936	0.067	0.958	6000.0
273	7.427	25.43	3.354	25.274	0.078	0.957	6000.0
274	7.044	24.153	2.769	21.895	0.075	0.97	6000.0
275	7.388	25.305	2.968	24.215	0.062	0.965	6000.0
276	6.101	20.861	2.628	20.9	0.074	0.975	6000.0
277	6.339	21.746	2.497	20.55	0.058	0.975	6000.0
278	6.867	23.596	2.805	22.927	0.074	0.971	6000.0
279	7.645	26.066	3.141	25.379	0.079	0.958	6000.0
280	6.803	23.214	2.864	23.258	0.07	0.963	6000.0
281	8.44	28.852	3.577	28.549	0.093	0.947	6000.0
282	6.028	20.714	2.537	20.766	0.06	0.969	6000.0
283	7.755	26.685	3.192	25.957	0.078	0.957	6000.0
284	7.545	25.822	3.194	25.26	0.077	0.955	6000.0
285	8.302	28.452	3.52	26.977	0.087	0.959	6000.0
286	8.275	28.247	3.619	29.561	0.082	0.948	6000.0
287	7.518	25.671	3.097	24.094	0.074	0.966	6000.0
288	7.35	25.053	3.211	25.701	0.067	0.961	6000.0
289	6.63	22.717	2.818	23.53	0.066	0.963	6000.0
290	6.238	21.451	2.548	20.898	0.065	0.97	6000.0
291	8.94	30.556	3.898	30.452	0.094	0.947	6000.0
292	7.712	26.431	3.24	26.118	0.089	0.959	6000.0
293	7.129	24.424	3.149	26.221	0.053	0.958	6000.0
294	8.881	30.377	3.603	29.155	0.098	0.949	6000.0
295	8.903	30.467	3.861	31.385	0.089	0.945	6000.0
296	8.124	27.892	3.506	26.935	0.104	0.96	6000.0
297	6.853	23.46	2.896	23.136	0.06	0.967	6000.0
298	7.194	24.696	3.18	24.214	0.083	0.96	6000.0
299	8.175	28.02	3.353	27.253	0.074	0.958	6000.0
300	9.564	32.642	4.152	30.411	0.108	0.945	6000.0
301	8.261	28.337	3.443	26.468	0.103	0.95	6000.0
302	8.594	29.35	4.044	30.409	0.092	0.94	6000.0
303	8.049	27.472	3.613	27.683	0.078	0.954	8000.0
304	8.188	28.06	3.576	29.121	0.089	0.941	6000.0
305	7.656	26.229	3.194	25.717	0.075	0.958	7000.0
306	6.091	20.871	2.613	21.563	0.059	0.973	6000.0
307	8.759	30.108	3.691	30.094	0.11	0.942	6000.0
308	6.704	23.004	2.75	21.95	0.064	0.971	6000.0
309	7.724	26.429	3.292	25.854	0.076	0.96	6000.0
310	6.917	23.679	2.694	22.168	0.065	0.97	6000.0
311	7.192	24.617	3.103	25.392	0.072	0.96	6000.0
312	7.254	24.916	2.988	24.862	0.059	0.96	6000.0
313	8.24	28.212	3.748	28.807	0.093	0.947	6000.0
314	6.881	23.526	2.672	21.089	0.07	0.974	6000.0
315	8.921	30.532	3.653	29.442	0.103	0.947	6000.0
316	8.11	27.714	3.228	26.212	0.088	0.957	6000.0
317	6.976	23.943	2.848	23.054	0.068	0.968	6000.0
318	8.029	27.57	3.345	27.209	0.079	0.958	6000.0
319	8.703	29.881	3.724	30.019	0.097	0.944	6000.0
320	7.333	25.191	3.291	25.474	0.065	0.96	6000.0
321	7.558	25.85	3.001	25.771	0.077	0.956	6000.0
322	7.057	24.408	2.78	22.464	0.08	0.959	6000.0
323	5.724	19.62	2.419	19.294	0.064	0.978	6000.0
324	6.297	21.587	2.548	19.896	0.049	0.972	6000.0
325	7.755	26.546	3.129	26.492	0.083	0.958	6000.0
326	7.706	26.562	3.087	25.124	0.087	0.959	6000.0
327	7.09	24.458	2.888	22.533	0.08	0.968	6000.0
328	7.755	26.378	3.498	26.571	0.091	0.953	7000.0
329	9.4	32.324	3.953	30.443	0.105	0.943	6000.0
330	8.07	27.738	3.264	25.44	0.075	0.962	6000.0
331	7.612	26.089	3.192	25.355	0.088	0.959	6000.0
332	7.19	24.545	2.956	22.715	0.071	0.968	6000.0
333	7.102	24.303	2.993	24.222	0.065	0.964	8000.0
334	8.046	27.474	3.159	26.102	0.089	0.96	6000.0
335	5.735	19.651	2.484	20.362	0.051	0.973	6000.0
336	7.926	27.205	3.283	26.721	0.1	0.958	6000.0
337	6.805	23.374	2.731	21.583	0.066	0.969	6000.0
338	6.919	23.601	2.96	22.777	0.069	0.968	6000.0
339	8.854	30.402	3.601	28.94	0.104	0.949	6000.0
340	6.642	22.794	2.882	23.573	0.068	0.964	6000.0
341	7.293	25.009	3.044	24.678	0.092	0.955	6000.0
342	8.473	29.0	3.329	27.448	0.072	0.956	6000.0
343	7.073	24.347	3.062	25.351	0.066	0.958	6000.0
344	7.59	25.857	3.229	26.599	0.062	0.953	6000.0
345	9.406	32.356	3.74	30.024	0.116	0.943	6000.0
346	8.214	27.98	3.473	27.537	0.076	0.953	6000.0
347	8.509	29.131	3.718	28.287	0.086	0.945	6000.0
348	8.029	27.421	3.463	27.023	0.078	0.952	6000.0
349	8.105	27.701	3.525	28.592	0.082	0.952	6000.0
350	7.942	27.319	3.349	28.252	0.11	0.947	6000.0
351	7.577	26.01	3.126	25.099	0.077	0.963	6000.0
352	7.229	24.865	3.089	23.801	0.069	0.964	6000.0
353	8.209	28.046	3.429	27.776	0.076	0.954	6000.0
354	7.4	25.34	3.027	24.347	0.069	0.965	6000.0
355	7.518	25.792	3.198	25.024	0.087	0.964	6000.0
356	7.795	26.735	3.273	25.863	0.076	0.958	6000.0
357	6.863	23.589	2.795	23.748	0.066	0.962	6000.0
358	6.329	21.669	2.556	20.517	0.076	0.975	6000.0
359	6.411	21.866	2.778	21.614	0.064	0.965	6000.0
360	7.116	24.488	2.784	22.567	0.07	0.966	6000.0
361	8.771	30.043	3.513	28.9	0.095	0.947	6000.0
362	7.963	27.401	3.191	26.145	0.08	0.955	6000.0
363	8.126	27.864	3.443	26.971	0.08	0.954	6000.0
364	7.862	26.837	3.344	26.664	0.074	0.959	6000.0
365	6.229	21.317	2.609	21.218	0.065	0.974	6000.0
366	6.359	21.682	2.735	21.996	0.048	0.968	6000.0
367	8.179	28.011	3.443	27.545	0.076	0.953	6000.0
368	7.309	25.105	2.908	23.979	0.077	0.966	6000.0
369	8.673	29.654	3.829	30.129	0.089	0.947	6000.0
370	8.325	28.552	3.555	28.474	0.082	0.953	6000.0
371	7.138	24.42	3.055	24.649	0.08	0.964	7000.0
372	7.41	25.463	3.255	25.715	0.081	0.965	6000.0
373	7.064	24.096	2.93	22.382	0.069	0.969	6000.0
374	7.759	26.571	3.231	25.795	0.081	0.962	6000.0
375	6.772	23.225	3.097	24.335	0.055	0.96	6000.0
376	6.941	23.764	2.985	24.792	0.07	0.962	6000.0
377	7.909	27.138	3.241	25.223	0.097	0.958	6000.0
378	7.836	26.886	3.237	25.277	0.071	0.963	6000.0
379	6.908	23.669	2.862	21.951	0.074	0.97	6000.0
380	6.673	22.832	2.782	22.524	0.058	0.967	6000.0
381	9.228	31.464	3.861	30.405	0.119	0.938	6000.0
382	8.216	28.068	3.423	27.773	0.072	0.956	6000.0
383	8.292	28.62	3.361	28.31	0.087	0.944	6000.0
384	7.424	25.529	3.146	25.247	0.083	0.961	6000.0
385	6.826	23.455	2.82	22.836	0.064	0.967	6000.0
386	7.277	24.886	3.098	24.517	0.072	0.966	6000.0
387	6.861	23.611	2.791	23.268	0.076	0.964	7000.0
388	6.918	23.729	2.877	23.503	0.091	0.963	6000.0
389	8.152	27.735	3.43	27.842	0.078	0.947	6000.0
390	7.177	24.711	2.861	23.776	0.082	0.96	6000.0
391	7.979	27.484	3.557	29.098	0.077	0.942	6000.0
392	7.331	25.098	3.138	24.223	0.075	0.962	6000.0
393	6.522	22.35	2.795	22.676	0.072	0.967	6000.0
394	7.655	26.214	3.397	25.789	0.08	0.958	6000.0
395	6.916	23.697	2.897	22.793	0.068	0.969	6000.0
396	7.244	24.829	3.254	24.899	0.064	0.961	6000.0
397	7.704	26.412	3.3	26.83	0.075	0.956	6000.0
398	9.195	31.405	4.132	30.118	0.097	0.94	6000.0
399	7.947	27.053	3.505	26.948	0.082	0.953	6000.0
400	8.122	27.761	3.53	28.756	0.074	0.95	6000.0
401	7.733	26.333	3.392	27.119	0.075	0.954	6000.0
402	7.529	25.743	3.116	25.183	0.087	0.962	6000.0
403	6.491	22.129	2.708	20.563	0.074	0.974	6000.0
404	7.192	24.476	3.075	24.275	0.082	0.964	6000.0
405	9.279	31.579	4.064	31.403	0.097	0.941	6000.0
406	7.879	27.087	3.383	27.639	0.09	0.954	6000.0
407	7.484	25.723	2.964	24.118	0.083	0.964	6000.0
408	8.132	27.764	3.547	28.816	0.086	0.942	6000.0
409	7.883	27.074	3.488	27.438	0.082	0.956	6000.0
410	6.19	21.182	2.53	19.294	0.061	0.98	6000.0
411	7.523	25.991	3.22	26.177	0.085	0.953	6000.0
412	8.52	29.312	3.649	29.599	0.096	0.94	6000.0
413	6.613	22.635	2.669	21.346	0.066	0.974	6000.0
414	6.913	23.526	3.27	25.706	0.061	0.959	6000.0
415	6.606	22.49	2.899	23.144	0.055	0.967	6000.0
416	7.862	26.934	3.152	25.926	0.092	0.95	6000.0
417	7.01	23.993	2.773	22.194	0.086	0.966	6000.0
418	8.347	28.795	3.475	28.721	0.091	0.946	7000.0
419	7.002	24.023	2.998	23.886	0.061	0.961	6000.0
420	7.206	24.701	3.018	24.527	0.072	0.96	6000.0
421	7.633	26.098	3.353	26.963	0.081	0.952	6000.0
422	7.131	24.335	2.981	22.801	0.065	0.969	6000.0
423	6.835	23.354	2.863	24.272	0.052	0.963	6000.0
424	7.398	25.341	3.14	25.59	0.07	0.958	6000.0
425	7.181	24.801	2.888	22.68	0.086	0.968	6000.0
426	7.708	26.459	3.267	25.607	0.081	0.962	6000.0
427	6.257	21.55	2.639	19.849	0.071	0.976	7000.0
428	8.034	27.484	3.324	25.562	0.094	0.955	6000.0
429	6.067	20.776	2.583	21.396	0.061	0.97	6000.0
430	7.054	24.155	2.882	23.487	0.067	0.964	6000.0
431	7.724	26.509	3.219	26.455	0.076	0.952	6000.0
432	8.55	29.499	3.72	28.7	0.094	0.946	6000.0
433	5.19	17.83	2.263	18.243	0.054	0.98	6000.0
434	7.213	24.588	2.975	23.544	0.067	0.964	6000.0
435	7.434	25.472	3.267	26.105	0.083	0.958	6000.0
436	8.42	28.821	3.501	26.432	0.107	0.955	6000.0
437	6.754	23.194	2.844	23.197	0.057	0.964	6000.0
438	9.332	32.059	3.994	31.744	0.115	0.937	6000.0
439	7.012	23.855	3.089	24.058	0.089	0.957	6000.0
440	8.509	29.136	3.664	29.498	0.092	0.944	6000.0
441	7.776	26.663	3.533	27.501	0.106	0.94	6000.0
442	8.642	29.692	3.769	29.733	0.099	0.936	6000.0
443	8.014	27.493	3.419	27.099	0.091	0.953	6000.0
444	8.079	27.6	3.228	26.913	0.093	0.956	6000.0
445	6.424	22.128	2.959	22.753	0.065	0.961	6000.0
446	7.93	27.187	3.319	26.967	0.088	0.949	6000.0
447	8.791	30.034	3.562	27.597	0.085	0.951	6000.0
448	7.831	26.738	3.427	28.009	0.084	0.948	6000.0
449	6.727	23.027	2.757	22.968	0.067	0.964	6000.0
450	7.952	27.219	3.41	26.6	0.079	0.959	6000.0
451	10.091	34.644	4.243	33.358	0.123	0.918	6000.0
452	7.541	25.892	3.256	26.676	0.073	0.956	6000.0
453	8.353	28.725	3.373	26.517	0.085	0.954	6000.0
454	7.41	25.332	2.931	23.496	0.079	0.966	6000.0
455	6.323	21.687	2.57	20.589	0.056	0.974	6000.0
456	6.979	23.987	2.953	24.228	0.065	0.96	6000.0
457	8.618	29.471	3.638	27.453	0.091	0.957	6000.0
458	7.455	25.593	3.146	25.497	0.067	0.958	6000.0
459	8.427	29.081	3.528	28.932	0.083	0.939	6000.0
460	7.352	25.208	3.081	24.479	0.069	0.965	6000.0
461	8.394	28.765	3.624	28.404	0.084	0.943	6000.0
462	8.982	30.773	3.829	31.357	0.098	0.932	6000.0
463	8.26	28.305	3.524	27.976	0.084	0.954	6000.0
464	7.281	25.011	2.876	22.863	0.088	0.966	6000.0
465	7.898	27.031	3.448	28.039	0.075	0.947	6000.0
466	6.905	23.685	2.845	22.665	0.067	0.966	6000.0
467	6.725	23.106	2.831	23.248	0.069	0.968	6000.0
468	8.029	27.449	3.566	28.078	0.071	0.955	6000.0
469	7.44	25.53	3.209	25.443	0.078	0.958	6000.0
470	8.646	29.664	3.783	30.949	0.111	0.933	6000.0
471	7.04	24.045	3.025	24.111	0.071	0.964	8000.0
472	7.622	26.035	3.055	23.965	0.087	0.965	6000.0
473	7.777	26.655	3.19	25.186	0.09	0.961	6000.0
474	6.8	23.277	2.76	21.252	0.068	0.973	6000.0
475	7.062	24.212	3.096	24.486	0.08	0.962	6000.0
476	7.442	25.26	3.093	24.834	0.072	0.96	6000.0
477	7.609	26.096	3.206	25.671	0.076	0.961	6000.0
478	7.179	24.727	3.096	24.497	0.075	0.96	6000.0
479	8.572	29.323	3.624	28.007	0.102	0.952	6000.0
480	6.909	23.68	3.052	24.204	0.083	0.963	6000.0
481	7.433	25.624	2.978	25.561	0.078	0.957	6000.0
482	6.883	23.447	2.935	22.593	0.071	0.97	6000.0
483	7.373	25.178	3.103	24.872	0.074	0.964	6000.0
484	7.271	24.865	3.006	24.038	0.085	0.957	6000.0
485	7.746	26.7	3.096	26.54	0.08	0.955	6000.0
486	6.294	21.525	2.72	21.723	0.056	0.97	6000.0
487	5.969	20.444	2.399	19.572	0.066	0.975	6000.0
488	9.04	30.97	3.67	30.273	0.112	0.94	6000.0
489	7.688	26.383	3.414	26.861	0.07	0.956	6000.0
490	7.732	26.586	3.081	25.167	0.101	0.953	6000.0
491	7.315	25.028	3.03	24.884	0.069	0.959	6000.0
492	5.442	18.713	2.152	18.267	0.045	0.978	6000.0
493	8.823	30.21	3.561	28.778	0.091	0.949	6000.0
494	7.337	25.061	3.299	26.679	0.067	0.955	6000.0
495	8.069	27.668	3.342	26.789	0.104	0.95	6000.0
496	6.902	23.679	3.091	24.145	0.073	0.961	6000.0
497	8.703	30.054	3.635	29.088	0.113	0.934	6000.0
498	7.081	24.286	3.035	24.062	0.067	0.967	6000.0
499	7.729	26.45	3.26	26.148	0.074	0.963	6000.0
500	7.251	24.885	3.108	25.942	0.076	0.953	6000.0
501	7.415	25.447	3.198	25.17	0.083	0.956	6000.0
502	6.386	21.913	2.75	22.405	0.051	0.967	6000.0
503	5.886	20.212	2.505	20.851	0.038	0.974	6000.0
504	7.258	24.868	2.826	22.119	0.076	0.968	6000.0
505	7.434	25.375	2.921	24.661	0.064	0.96	7000.0
506	7.194	24.763	3.077	24.768	0.094	0.96	6000.0
507	7.662	26.242	3.21	26.689	0.091	0.95	6000.0
508	6.915	23.658	2.852	23.068	0.076	0.968	8000.0
509	7.395	25.194	3.113	25.102	0.088	0.955	6000.0
510	7.277	24.988	3.113	24.577	0.068	0.964	6000.0
511	7.78	26.832	3.143	23.919	0.085	0.966	6000.0
512	8.031	27.43	3.431	27.165	0.087	0.951	6000.0
513	7.661	26.232	3.105	24.879	0.077	0.966	6000.0
514	8.551	29.337	3.562	28.845	0.087	0.947	6000.0
515	7.026	24.047	2.847	21.815	0.076	0.973	6000.0
516	7.531	25.849	3.13	24.995	0.08	0.962	6000.0
517	6.351	21.871	2.809	22.123	0.079	0.967	6000.0
518	8.67	29.699	3.77	29.845	0.083	0.946	6000.0
519	8.117	27.605	3.289	25.865	0.089	0.961	6000.0
520	6.781	23.247	2.617	22.337	0.063	0.966	6000.0
521	5.871	20.094	2.469	19.554	0.063	0.98	6000.0
522	6.244	21.402	2.639	21.755	0.061	0.97	6000.0
523	6.54	22.339	2.683	21.002	0.078	0.968	6000.0
524	6.271	21.428	2.58	21.1	0.055	0.969	6000.0
525	7.48	25.735	2.967	23.376	0.083	0.968	6000.0
526	7.136	24.474	3.055	24.68	0.075	0.96	6000.0
527	7.416	25.307	3.203	24.868	0.077	0.961	9000.0
528	7.555	25.886	3.084	24.809	0.076	0.959	6000.0
529	6.806	23.353	2.678	21.614	0.085	0.968	6000.0
530	7.719	26.413	3.178	25.179	0.09	0.961	6000.0
531	7.54	25.783	3.25	25.457	0.073	0.96	6000.0
532	8.782	30.01	3.616	28.366	0.094	0.951	6000.0
533	8.849	30.269	3.835	30.219	0.095	0.945	6000.0
534	7.361	25.214	2.909	23.263	0.079	0.968	6000.0
535	7.096	24.336	2.995	22.99	0.071	0.967	6000.0
536	6.782	23.097	2.85	22.323	0.074	0.969	6000.0
537	8.156	28.015	3.515	26.499	0.099	0.96	6000.0
538	7.176	24.656	3.069	25.083	0.08	0.961	6000.0
539	8.96	30.575	4.067	30.512	0.1	0.94	6000.0
540	7.817	26.891	3.484	28.18	0.086	0.947	6000.0
541	8.349	28.69	3.549	29.648	0.087	0.944	6000.0
542	7.163	24.585	2.925	22.947	0.086	0.969	6000.0
543	7.665	26.299	3.24	25.748	0.099	0.958	6000.0
544	8.162	27.826	3.56	28.311	0.071	0.949	6000.0
545	9.139	31.284	3.886	30.846	0.116	0.939	6000.0
546	6.558	22.404	2.89	22.452	0.06	0.968	6000.0
547	6.089	20.877	2.563	19.104	0.07	0.976	7000.0
548	7.121	24.368	2.763	22.154	0.089	0.969	6000.0
549	8.82	30.143	3.556	28.204	0.087	0.953	6000.0
550	7.787	26.684	3.207	26.51	0.075	0.954	6000.0
551	7.123	24.376	3.01	24.322	0.068	0.964	6000.0
552	8.208	28.24	3.409	28.533	0.082	0.95	6000.0
553	7.576	25.958	3.125	24.903	0.096	0.957	6000.0
554	8.806	30.263	3.79	29.068	0.099	0.943	6000.0
555	6.419	21.87	2.549	21.244	0.056	0.969	6000.0
556	6.973	23.812	3.131	24.638	0.07	0.96	6000.0
557	7.002	23.861	2.874	23.997	0.062	0.961	6000.0
558	7.35	25.194	3.107	24.557	0.081	0.964	6000.0
559	6.707	22.936	2.78	23.279	0.06	0.965	6000.0
560	7.499	25.751	3.204	26.186	0.081	0.953	6000.0
561	7.618	26.046	3.258	26.717	0.086	0.956	6000.0
562	6.588	22.586	2.691	22.371	0.064	0.966	6000.0
563	6.846	23.423	2.822	23.077	0.071	0.967	6000.0
564	6.094	20.92	2.555	21.016	0.059	0.967	6000.0
565	6.862	23.527	3.065	24.335	0.067	0.964	6000.0
566	8.845	30.296	3.793	29.969	0.103	0.946	6000.0
567	6.588	22.449	2.693	21.279	0.067	0.974	6000.0
568	8.911	30.48	3.607	27.976	0.097	0.952	6000.0
569	8.25	28.333	3.538	26.683	0.081	0.96	6000.0
570	8.747	29.943	3.892	31.344	0.098	0.939	6000.0
571	6.333	21.679	2.505	20.069	0.057	0.97	6000.0
572	7.23	24.81	3.046	24.372	0.076	0.963	6000.0
573	6.378	21.758	2.835	23.237	0.048	0.966	6000.0
574	6.202	21.337	2.546	20.968	0.06	0.971	7000.0
575	7.19	24.54	2.895	24.235	0.067	0.96	6000.0
576	6.38	21.939	2.57	20.508	0.07	0.974	6000.0
577	7.969	27.289	3.121	26.191	0.083	0.958	6000.0
578	9.526	32.715	4.101	32.393	0.121	0.93	6000.0
579	5.248	17.958	2.108	17.241	0.045	0.981	6000.0
580	7.72	26.584	3.236	25.7	0.088	0.959	6000.0
581	7.026	24.067	3.152	24.364	0.07	0.963	6000.0
582	8.679	29.866	3.559	28.421	0.1	0.953	6000.0
583	5.794	19.873	2.385	18.78	0.054	0.976	6000.0
584	6.977	23.822	2.956	23.498	0.06	0.967	6000.0
585	7.506	25.794	3.061	25.311	0.07	0.958	6000.0
586	7.59	25.823	3.058	24.772	0.082	0.962	6000.0
587	8.255	28.107	3.416	26.843	0.091	0.956	6000.0
588	6.964	23.896	2.96	23.717	0.078	0.967	6000.0
589	6.118	21.047	2.583	21.29	0.046	0.971	6000.0
590	7.808	26.676	3.155	24.891	0.08	0.962	6000.0
591	7.03	23.94	2.941	22.61	0.073	0.967	6000.0
592	7.932	27.161	3.437	27.499	0.092	0.953	6000.0
593	8.007	27.44	3.538	27.73	0.089	0.944	6000.0
594	7.486	25.63	3.072	25.742	0.075	0.954	6000.0
595	8.836	29.996	4.168	30.782	0.097	0.94	6000.0
596	8.306	28.413	3.68	29.182	0.076	0.948	6000.0
597	9.819	33.624	4.175	32.332	0.106	0.936	6000.0
598	8.566	29.33	3.559	29.262	0.093	0.946	6000.0
599	7.625	26.068	3.433	27.372	0.068	0.954	6000.0
600	7.323	25.068	3.144	25.774	0.064	0.96	6000.0
601	7.987	27.28	3.459	27.292	0.082	0.948	6000.0
602	7.601	26.09	3.279	25.906	0.077	0.958	8000.0
603	9.934	33.997	4.198	32.269	0.102	0.933	6000.0
604	6.685	22.998	2.721	21.988	0.081	0.97	6000.0
605	9.638	33.091	4.1	33.154	0.105	0.939	6000.0
606	8.71	29.86	3.468	28.682	0.093	0.949	6000.0
607	6.616	22.593	2.716	20.574	0.076	0.974	9000.0
608	8.466	29.09	3.529	27.843	0.103	0.955	6000.0
609	7.999	27.277	3.38	27.401	0.083	0.957	6000.0
610	5.437	18.624	2.183	17.442	0.057	0.982	6000.0
611	7.514	25.815	3.053	25.343	0.071	0.962	6000.0
612	7.38	25.271	3.044	24.158	0.073	0.965	6000.0
613	6.879	23.54	2.791	23.434	0.072	0.965	6000.0
614	8.553	29.35	3.458	28.339	0.097	0.945	6000.0
615	8.262	28.347	3.483	27.656	0.094	0.953	6000.0
616	9.389	32.294	4.204	31.08	0.118	0.937	6000.0
617	6.818	23.376	2.736	21.907	0.082	0.971	6000.0
618	7.651	26.18	3.184	25.833	0.079	0.954	6000.0
619	7.627	26.172	3.153	25.587	0.087	0.963	6000.0
620	7.781	26.728	3.217	25.287	0.081	0.959	6000.0
621	6.565	22.464	2.77	21.367	0.083	0.973	6000.0
622	7.478	25.687	2.859	23.308	0.084	0.967	6000.0
623	9.056	30.939	3.836	30.412	0.108	0.944	6000.0
624	6.367	21.794	2.697	22.436	0.062	0.97	6000.0
625	9.049	31.002	3.66	29.738	0.102	0.948	6000.0
626	7.754	26.599	3.3	27.161	0.067	0.955	6000.0
627	7.137	24.433	3.06	24.799	0.063	0.956	6000.0
628	7.354	25.269	3.1	25.303	0.08	0.954	6000.0
629	7.744	26.514	3.151	24.868	0.083	0.952	6000.0
630	8.01	27.401	3.423	26.754	0.082	0.955	6000.0
631	6.618	22.787	2.775	22.788	0.064	0.962	6000.0
632	7.866	27.081	3.286	26.321	0.08	0.957	6000.0
633	8.553	29.266	3.785	29.959	0.082	0.948	6000.0
634	8.124	27.805	3.489	27.248	0.081	0.953	6000.0
635	8.002	27.459	3.263	26.954	0.076	0.956	6000.0
636	7.082	24.316	2.805	23.109	0.076	0.968	6000.0
637	7.319	24.957	3.413	25.074	0.07	0.966	6000.0
638	7.067	24.092	2.826	23.379	0.062	0.966	6000.0
639	7.473	25.537	3.045	24.2	0.083	0.961	6000.0
640	8.742	29.834	3.787	29.732	0.097	0.938	6000.0
641	6.749	23.074	2.848	22.244	0.076	0.971	6000.0
642	8.84	30.291	3.776	31.432	0.087	0.939	6000.0
643	6.33	21.689	2.617	21.324	0.057	0.966	6000.0
644	8.158	28.036	3.314	26.55	0.09	0.956	6000.0
645	5.718	19.605	2.584	19.389	0.053	0.977	6000.0
646	7.34	25.076	3.115	24.46	0.066	0.963	7000.0
647	8.035	27.462	3.41	27.041	0.086	0.958	6000.0
648	7.669	26.378	3.221	26.055	0.08	0.957	6000.0
649	8.292	28.509	3.432	27.784	0.088	0.945	6000.0
650	8.848	30.182	3.972	29.593	0.112	0.94	6000.0
651	7.694	26.27	3.584	27.31	0.087	0.96	6000.0
652	8.79	30.009	3.784	29.215	0.096	0.947	6000.0
653	7.016	24.013	2.86	23.726	0.068	0.963	6000.0
654	8.587	29.373	3.486	28.466	0.085	0.953	6000.0
655	7.727	26.482	3.118	24.484	0.076	0.964	6000.0
656	7.284	24.926	3.166	25.921	0.063	0.954	6000.0
657	7.549	25.824	3.139	27.522	0.075	0.95	6000.0
658	7.875	27.035	3.407	28.481	0.09	0.949	6000.0
659	6.771	23.276	2.803	21.109	0.082	0.969	10000.0
660	7.791	26.851	3.245	26.943	0.074	0.957	6000.0
661	7.75	26.601	3.052	25.758	0.094	0.958	6000.0
662	6.402	21.941	2.718	22.638	0.063	0.965	6000.0
663	7.87	26.909	3.13	25.479	0.098	0.96	6000.0
664	7.154	24.569	3.051	24.588	0.082	0.965	6000.0
665	9.128	31.3	3.627	30.415	0.092	0.937	6000.0
666	6.426	22.037	2.769	22.48	0.056	0.969	6000.0
667	6.286	21.532	2.703	21.771	0.068	0.968	6000.0
668	7.227	24.778	3.056	24.479	0.057	0.966	6000.0
669	8.598	29.389	3.508	27.832	0.086	0.959	6000.0
670	6.838	23.329	3.132	22.336	0.066	0.969	6000.0
671	7.276	24.926	3.046	24.139	0.093	0.965	6000.0
672	8.233	28.34	3.457	26.595	0.105	0.955	6000.0
673	7.977	27.424	3.477	27.675	0.087	0.956	6000.0
674	8.264	28.304	3.771	28.852	0.094	0.947	6000.0
675	6.91	23.678	2.917	23.392	0.064	0.967	6000.0
676	7.414	25.442	2.924	22.786	0.084	0.969	6000.0
677	7.489	25.638	3.046	24.724	0.073	0.962	6000.0
678	8.491	29.085	3.635	27.572	0.085	0.957	9000.0
679	5.686	19.508	2.387	18.576	0.073	0.975	6000.0
680	6.408	21.832	2.692	21.151	0.067	0.969	6000.0
681	8.05	27.605	3.425	26.93	0.08	0.958	6000.0
682	9.225	31.586	3.91	32.024	0.095	0.931	6000.0
683	6.545	22.436	2.79	22.312	0.062	0.968	6000.0
684	6.648	22.698	2.851	22.822	0.055	0.966	6000.0
685	8.103	27.692	3.422	27.723	0.084	0.951	6000.0
686	7.352	25.135	2.973	23.548	0.071	0.965	6000.0
687	7.942	27.305	3.326	26.797	0.067	0.957	6000.0
688	7.816	26.761	3.341	26.321	0.075	0.961	6000.0
689	8.937	30.509	3.797	29.986	0.104	0.949	6000.0
690	9.108	31.28	3.566	28.514	0.109	0.945	6000.0
691	7.038	24.139	2.734	22.961	0.075	0.965	6000.0
692	7.516	25.79	2.975	23.953	0.079	0.965	6000.0
693	8.587	29.555	3.817	29.218	0.109	0.946	6000.0
694	7.571	26.002	3.261	26.449	0.079	0.959	6000.0
695	7.872	26.861	3.432	26.119	0.072	0.96	6000.0
696	8.212	28.179	3.511	27.573	0.08	0.954	6000.0
697	8.036	27.548	3.52	27.322	0.07	0.951	6000.0
698	8.49	29.195	3.513	28.153	0.099	0.944	6000.0
699	6.955	23.886	2.852	22.151	0.066	0.973	6000.0
700	8.479	29.054	3.576	28.239	0.093	0.951	6000.0
701	7.29	24.82	2.985	23.786	0.091	0.962	6000.0
702	5.105	17.561	2.018	15.903	0.057	0.984	6000.0
703	9.082	31.166	3.741	27.496	0.097	0.961	6000.0
704	6.605	22.648	2.738	21.88	0.071	0.968	6000.0
705	8.159	27.957	3.708	27.535	0.084	0.954	6000.0
706	8.29	28.366	3.456	27.429	0.087	0.952	6000.0
707	7.553	25.935	3.292	26.985	0.07	0.957	6000.0
708	6.237	21.352	2.634	20.993	0.059	0.973	6000.0
709	6.432	22.21	2.692	20.942	0.08	0.972	6000.0
710	8.603	29.54	3.539	28.299	0.098	0.948	6000.0
711	8.898	30.476	3.782	29.76	0.091	0.944	6000.0
712	7.496	25.648	3.274	24.754	0.083	0.965	6000.0
713	6.6	22.724	2.651	21.332	0.065	0.973	6000.0
714	8.575	29.574	3.445	27.108	0.101	0.955	6000.0
715	7.768	26.535	3.301	26.026	0.08	0.96	6000.0
716	10.298	35.331	4.587	35.232	0.116	0.926	6000.0
717	6.727	23.085	2.979	24.25	0.05	0.965	6000.0
718	7.282	24.953	2.969	23.881	0.084	0.961	6000.0
719	6.938	23.683	2.98	24.035	0.072	0.968	6000.0
720	6.895	23.523	3.041	24.523	0.055	0.962	6000.0
721	5.851	20.107	2.601	22.525	0.046	0.966	6000.0
722	7.157	24.614	3.118	24.705	0.083	0.961	6000.0
723	8.406	28.72	3.634	29.285	0.081	0.943	6000.0
724	8.231	28.298	3.485	27.295	0.077	0.955	6000.0
725	7.59	26.054	3.167	25.754	0.066	0.957	6000.0
726	7.404	25.368	3.034	25.115	0.087	0.96	6000.0
727	7.028	23.937	2.86	23.231	0.077	0.967	6000.0
728	6.909	23.701	2.749	21.726	0.065	0.973	6000.0
729	8.305	28.4	3.306	27.288	0.09	0.958	6000.0
730	6.944	23.84	2.961	23.236	0.083	0.963	6000.0
731	8.352	28.518	3.624	27.645	0.093	0.955	6000.0
732	7.937	27.246	3.313	27.315	0.086	0.952	6000.0
733	7.875	26.978	3.408	26.778	0.079	0.957	6000.0
734	7.637	26.199	3.352	27.014	0.086	0.957	6000.0
735	6.709	22.907	2.763	21.53	0.074	0.971	6000.0
736	8.604	29.473	3.656	29.756	0.076	0.944	6000.0
737	8.252	28.304	3.555	28.17	0.088	0.952	6000.0
738	8.444	28.933	3.627	29.405	0.076	0.952	6000.0
739	8.771	30.124	4.029	31.952	0.109	0.923	6000.0
740	8.815	30.171	3.513	28.317	0.108	0.949	6000.0
741	6.796	23.361	2.806	22.727	0.074	0.966	7000.0
742	8.151	27.957	3.348	26.894	0.089	0.955	6000.0
743	6.227	21.294	2.625	21.793	0.058	0.968	7000.0
744	8.121	27.661	3.482	26.935	0.074	0.959	7000.0
745	8.711	29.691	3.93	29.87	0.107	0.944	6000.0
746	7.023	24.119	3.015	22.998	0.068	0.968	6000.0
747	7.524	25.792	3.033	23.774	0.087	0.966	6000.0
748	7.724	26.586	3.346	27.116	0.082	0.956	6000.0
749	7.663	26.243	3.248	25.516	0.063	0.958	6000.0
750	7.76	26.549	3.372	25.714	0.093	0.956	6000.0
751	6.526	22.496	2.643	22.246	0.061	0.966	6000.0
752	6.547	22.372	2.85	22.157	0.071	0.968	6000.0
753	7.8	26.772	3.247	23.922	0.082	0.966	6000.0
754	7.084	24.285	2.921	23.925	0.067	0.96	6000.0
755	8.582	29.358	3.578	29.23	0.101	0.95	6000.0
756	8.878	30.484	3.635	30.356	0.114	0.944	6000.0
757	8.805	30.119	3.903	32.436	0.089	0.934	6000.0
758	7.625	25.989	3.322	26.494	0.073	0.958	6000.0
759	5.928	20.312	2.385	19.205	0.053	0.977	6000.0
760	7.58	25.99	3.167	25.351	0.075	0.963	6000.0
761	5.747	19.769	2.377	19.04	0.053	0.976	6000.0
762	7.875	26.927	3.287	26.592	0.083	0.956	6000.0
763	6.921	23.712	3.003	24.963	0.07	0.96	6000.0
764	7.94	27.287	3.41	26.978	0.084	0.959	6000.0
765	7.579	25.847	3.187	24.452	0.087	0.958	6000.0
766	6.857	23.592	2.75	23.253	0.071	0.962	6000.0
767	7.627	26.1	3.039	25.186	0.087	0.955	6000.0
768	7.171	24.436	3.182	24.025	0.081	0.955	6000.0
769	8.112	27.89	3.51	28.451	0.079	0.947	6000.0
770	7.909	27.137	3.342	25.85	0.091	0.963	6000.0
771	8.164	28.116	3.519	26.546	0.104	0.952	6000.0
772	7.742	26.576	3.388	28.381	0.074	0.95	6000.0
773	7.602	26.073	3.261	27.5	0.065	0.951	6000.0
774	7.513	25.674	3.29	26.311	0.072	0.957	6000.0
775	7.647	26.044	3.11	25.444	0.077	0.958	6000.0
776	7.187	24.72	3.019	24.051	0.084	0.962	6000.0
777	7.027	23.899	2.971	22.979	0.07	0.961	6000.0
778	7.605	26.142	2.92	24.701	0.094	0.957	6000.0
779	8.108	27.766	3.52	27.557	0.077	0.951	6000.0
780	7.665	26.12	3.471	26.275	0.076	0.956	6000.0
781	7.627	26.231	3.188	25.065	0.075	0.961	6000.0
782	7.838	26.792	3.071	25.496	0.079	0.96	6000.0
783	7.506	25.803	2.914	23.574	0.077	0.965	6000.0
784	7.451	25.648	3.178	24.586	0.071	0.964	6000.0
785	6.456	22.096	2.781	22.872	0.067	0.967	6000.0
786	6.746	23.126	2.82	22.643	0.06	0.971	6000.0
787	7.722	26.487	3.303	26.114	0.081	0.96	6000.0
788	8.42	28.704	3.638	29.186	0.095	0.944	6000.0
789	8.322	28.507	3.623	30.971	0.078	0.939	6000.0
790	7.229	24.651	3.17	25.211	0.077	0.959	6000.0
791	9.076	31.19	3.891	30.135	0.103	0.947	6000.0
792	6.16	21.094	2.464	20.446	0.069	0.973	6000.0
793	7.252	24.908	2.98	24.522	0.074	0.956	6000.0
794	6.632	22.706	2.722	22.354	0.064	0.966	6000.0
795	8.217	28.325	3.267	26.897	0.093	0.95	6000.0
796	6.942	23.867	3.218	25.446	0.077	0.964	6000.0
797	6.491	22.247	2.824	20.983	0.07	0.97	6000.0
798	8.53	29.125	3.572	28.211	0.093	0.952	6000.0
799	7.372	25.227	3.195	24.549	0.075	0.963	6000.0
800	6.396	21.829	2.482	19.644	0.07	0.975	6000.0
801	7.406	25.557	3.132	24.694	0.079	0.955	6000.0
802	5.703	19.469	2.513	21.304	0.045	0.973	6000.0
803	7.235	24.786	3.038	24.844	0.07	0.959	6000.0
804	8.72	29.911	3.483	28.54	0.113	0.945	6000.0
805	6.396	21.923	2.743	22.081	0.068	0.97	6000.0
806	6.864	23.504	2.824	22.795	0.082	0.971	6000.0
807	7.102	24.343	2.991	23.484	0.069	0.964	6000.0
808	7.326	25.152	2.962	23.333	0.079	0.967	6000.0
809	7.84	26.902	3.212	26.349	0.085	0.953	6000.0
810	7.144	24.376	3.066	23.918	0.08	0.964	6000.0
811	7.998	27.422	3.352	26.797	0.075	0.949	6000.0
812	7.204	24.589	3.263	25.652	0.067	0.957	6000.0
813	6.786	23.288	3.001	24.705	0.068	0.958	6000.0
814	8.929	30.738	3.791	29.914	0.106	0.945	6000.0
815	6.695	22.941	2.81	22.082	0.057	0.971	6000.0
816	7.254	24.816	3.065	24.883	0.066	0.958	6000.0
817	8.206	28.049	3.597	28.967	0.087	0.946	6000.0
818	6.698	22.978	2.652	21.622	0.082	0.97	6000.0
819	6.421	21.939	2.785	21.934	0.063	0.973	6000.0
820	7.31	24.995	2.991	24.42	0.071	0.96	6000.0
821	7.151	24.444	2.899	21.874	0.093	0.972	6000.0
822	7.804	26.758	3.277	26.665	0.082	0.958	6000.0
823	7.486	25.783	3.095	25.571	0.072	0.959	6000.0
824	5.604	19.232	2.482	19.257	0.06	0.976	6000.0
825	7.072	24.311	3.03	23.474	0.063	0.964	6000.0
826	6.567	22.646	2.782	22.377	0.065	0.966	6000.0
827	7.859	26.827	3.433	27.152	0.07	0.954	6000.0
828	8.326	28.647	3.588	29.625	0.078	0.944	6000.0
829	6.954	23.888	2.882	24.143	0.065	0.966	6000.0
830	7.984	27.334	3.197	26.384	0.095	0.955	6000.0
831	7.609	25.975	2.962	23.783	0.074	0.964	6000.0
832	8.132	27.804	3.166	25.095	0.094	0.962	6000.0
833	7.72	26.649	3.161	26.612	0.077	0.954	6000.0
834	7.991	27.389	3.419	27.667	0.076	0.95	7000.0
835	6.503	22.302	2.571	21.099	0.08	0.971	6000.0
836	8.089	27.688	3.463	28.341	0.073	0.952	6000.0
837	7.909	27.068	3.472	27.808	0.078	0.954	6000.0
838	7.66	26.141	3.096	25.233	0.068	0.957	6000.0
839	5.706	19.334	2.415	18.095	0.048	0.977	6000.0
840	7.157	24.62	2.908	24.392	0.075	0.96	6000.0
841	7.735	26.612	3.176	24.391	0.093	0.96	6000.0
842	7.86	26.943	3.244	26.248	0.087	0.96	6000.0
843	8.586	29.392	3.641	30.066	0.087	0.948	6000.0
844	9.008	30.934	4.0	32.295	0.105	0.935	6000.0
845	7.108	24.344	3.081	25.103	0.072	0.96	6000.0
846	7.543	25.801	3.15	25.825	0.082	0.958	6000.0
847	7.747	26.461	3.206	25.174	0.09	0.955	6000.0
848	6.984	23.872	2.947	24.546	0.06	0.966	6000.0
849	8.46	28.897	3.543	29.017	0.079	0.95	6000.0
850	7.161	24.493	3.027	23.957	0.077	0.961	6000.0
851	7.659	26.15	3.246	26.322	0.074	0.955	6000.0
852	7.595	26.033	3.203	26.96	0.071	0.953	6000.0
853	7.504	25.625	3.107	25.088	0.079	0.955	6000.0
854	8.04	27.706	3.518	28.625	0.102	0.947	6000.0
855	7.049	24.142	2.867	23.886	0.072	0.963	6000.0
856	6.707	22.975	2.733	21.935	0.061	0.969	6000.0
857	7.382	25.339	2.976	24.675	0.069	0.963	6000.0
858	8.585	29.614	3.637	28.523	0.101	0.949	6000.0
859	8.621	29.434	3.575	28.874	0.092	0.944	6000.0
860	8.352	28.609	3.465	26.527	0.107	0.958	6000.0
861	7.305	25.076	3.037	25.331	0.07	0.96	6000.0
862	7.192	24.744	2.945	24.312	0.064	0.962	6000.0
863	6.862	23.5	2.655	21.574	0.072	0.973	6000.0
864	8.486	29.033	3.546	27.779	0.08	0.956	6000.0
865	7.809	26.624	3.44	25.71	0.078	0.962	6000.0
866	6.421	21.986	2.571	20.505	0.058	0.974	6000.0
867	7.536	25.831	3.292	26.937	0.079	0.952	6000.0
868	7.681	26.31	3.437	27.48	0.085	0.95	6000.0
869	6.579	22.536	2.824	23.292	0.06	0.964	6000.0
870	8.633	29.551	3.557	27.185	0.091	0.958	6000.0
871	7.178	24.572	2.95	22.695	0.083	0.967	6000.0
872	8.64	29.532	3.637	29.4	0.091	0.946	6000.0
873	9.06	31.029	3.76	30.817	0.111	0.938	6000.0
874	7.994	27.372	3.318	25.712	0.091	0.958	6000.0
875	7.741	26.477	3.23	25.374	0.102	0.955	6000.0
876	6.707	23.019	2.785	21.938	0.074	0.97	7000.0
877	7.91	27.172	3.339	25.908	0.095	0.956	6000.0
878	8.669	29.772	3.622	29.547	0.089	0.949	6000.0
879	7.033	23.935	3.01	23.417	0.07	0.962	6000.0
880	8.156	27.977	3.295	25.486	0.087	0.962	6000.0
881	6.78	23.15	2.962	22.823	0.063	0.962	6000.0
882	8.726	29.928	3.742	27.441	0.097	0.946	6000.0
883	7.14	24.493	2.919	23.696	0.071	0.962	6000.0
884	7.911	27.001	3.342	26.359	0.076	0.955	6000.0
885	6.767	23.165	2.806	22.881	0.064	0.969	6000.0
886	8.169	27.979	3.711	29.234	0.082	0.942	6000.0
887	7.086	24.253	2.765	22.529	0.075	0.967	6000.0
888	6.341	21.753	2.521	20.005	0.066	0.976	6000.0
889	5.831	19.976	2.443	19.929	0.056	0.973	6000.0
890	8.524	29.396	3.534	29.029	0.103	0.947	7000.0
891	7.963	27.293	3.476	27.804	0.084	0.951	6000.0
892	7.986	27.305	3.454	27.505	0.086	0.955	6000.0
893	8.392	28.727	3.721	31.381	0.09	0.939	6000.0
894	6.771	23.232	2.702	21.67	0.07	0.974	6000.0
895	6.867	23.578	2.788	22.565	0.073	0.961	6000.0
896	8.462	28.972	3.717	28.58	0.084	0.951	6000.0
897	7.826	26.862	3.228	25.607	0.083	0.959	6000.0
898	8.529	29.27	3.474	28.242	0.085	0.951	6000.0
899	7.613	26.059	3.082	25.192	0.075	0.96	6000.0
900	8.401	28.779	3.358	27.501	0.107	0.959	6000.0
901	7.308	25.028	3.107	24.704	0.062	0.962	6000.0
902	6.578	22.634	2.771	22.685	0.062	0.966	6000.0
903	7.485	25.624	2.961	25.424	0.08	0.955	6000.0
904	7.343	25.175	3.052	24.583	0.079	0.963	6000.0
905	7.235	24.739	3.339	26.106	0.062	0.958	6000.0
906	7.515	25.739	3.071	25.119	0.071	0.961	6000.0
907	8.002	27.438	3.539	27.669	0.086	0.951	6000.0
908	7.543	25.733	3.165	25.471	0.076	0.957	6000.0
909	7.002	24.005	2.972	22.605	0.072	0.97	6000.0
910	7.901	27.058	3.312	26.976	0.084	0.955	6000.0
911	7.517	25.737	3.319	25.951	0.089	0.956	6000.0
912	8.093	27.674	3.47	26.495	0.101	0.958	6000.0
913	7.279	24.993	3.012	24.184	0.068	0.966	6000.0
914	8.014	27.458	3.451	26.315	0.072	0.962	6000.0
915	7.569	25.938	3.331	26.406	0.078	0.955	6000.0
916	6.118	20.909	2.796	21.61	0.051	0.97	6000.0
917	8.367	28.673	3.362	27.129	0.092	0.953	6000.0
918	8.136	27.802	3.346	27.861	0.091	0.946	6000.0
919	7.862	26.93	3.216	25.464	0.09	0.961	6000.0
920	8.419	28.97	3.499	26.696	0.093	0.957	6000.0
921	7.478	25.504	3.2	24.198	0.078	0.965	6000.0
922	7.294	24.954	3.201	25.546	0.079	0.959	6000.0
923	5.819	19.941	2.391	19.783	0.058	0.97	6000.0
924	7.408	25.616	3.028	25.688	0.093	0.947	10000.0
925	7.577	25.854	3.144	24.481	0.066	0.96	6000.0
926	7.365	25.2	3.054	25.015	0.063	0.96	6000.0
927	8.129	27.795	3.622	27.542	0.082	0.949	6000.0
928	8.132	27.776	3.508	27.922	0.081	0.942	6000.0
929	7.028	24.049	3.206	25.092	0.059	0.963	6000.0
930	10.08	34.391	4.169	31.102	0.11	0.94	6000.0
931	7.622	26.012	3.055	24.636	0.073	0.962	6000.0
932	7.431	25.384	2.884	23.534	0.081	0.953	6000.0
933	6.733	23.085	2.72	22.315	0.077	0.967	6000.0
934	8.265	28.308	3.797	30.176	0.084	0.94	6000.0
935	6.956	23.9	2.872	24.036	0.071	0.959	6000.0
936	6.851	23.459	2.959	23.959	0.053	0.968	6000.0
937	7.94	27.25	3.376	27.691	0.09	0.955	6000.0
938	8.428	28.871	3.636	30.118	0.096	0.946	6000.0
939	7.794	26.551	3.342	26.129	0.083	0.958	6000.0
940	8.406	28.748	3.401	27.011	0.086	0.955	6000.0
941	9.05	31.019	3.877	30.507	0.111	0.941	6000.0
942	7.843	26.85	3.342	26.955	0.089	0.952	6000.0
943	8.987	30.612	3.754	30.302	0.105	0.939	6000.0
944	9.609	32.723	4.342	33.13	0.112	0.932	6000.0
945	5.324	18.205	2.174	17.175	0.057	0.98	6000.0
946	9.249	31.818	4.086	32.88	0.11	0.93	6000.0
947	6.914	23.749	3.085	24.446	0.067	0.962	6000.0
948	7.379	25.408	3.136	26.22	0.071	0.955	6000.0
949	7.74	26.595	3.207	25.834	0.079	0.96	6000.0
950	7.744	26.511	3.285	26.655	0.074	0.956	6000.0
951	9.109	31.128	4.106	31.755	0.104	0.929	6000.0
952	7.099	24.293	2.845	23.157	0.079	0.967	6000.0
953	6.432	21.922	2.725	21.621	0.066	0.972	6000.0
954	6.818	23.255	2.99	24.033	0.065	0.961	6000.0
955	7.106	24.225	2.97	24.16	0.061	0.962	6000.0
956	5.833	19.936	2.366	19.665	0.05	0.976	6000.0
957	8.401	28.887	3.633	27.502	0.102	0.958	6000.0
958	7.595	26.026	3.112	25.744	0.09	0.949	6000.0
959	7.067	24.138	2.996	23.533	0.084	0.959	6000.0
960	7.849	26.927	3.218	26.467	0.073	0.957	6000.0
961	7.023	24.214	2.915	23.112	0.069	0.965	6000.0
962	5.661	19.443	2.338	18.845	0.058	0.981	6000.0
963	7.86	26.951	3.398	26.852	0.077	0.956	6000.0
964	7.748	26.473	3.117	25.295	0.08	0.962	6000.0
965	8.803	30.179	3.791	30.498	0.095	0.948	6000.0
966	8.781	30.08	4.02	31.175	0.097	0.944	6000.0
967	7.379	25.235	3.106	24.544	0.083	0.958	6000.0
968	6.913	23.602	2.993	24.1	0.057	0.964	6000.0
969	7.068	24.112	3.0	24.267	0.074	0.964	6000.0
970	8.513	29.3	3.65	29.283	0.089	0.947	6000.0
971	8.53	29.321	3.74	29.56	0.093	0.944	6000.0
972	7.294	25.03	3.047	24.39	0.062	0.962	6000.0
973	6.944	23.715	2.993	23.038	0.063	0.966	6000.0
974	9.194	31.375	3.734	30.033	0.107	0.943	6000.0
975	7.372	25.177	3.058	23.615	0.071	0.967	6000.0
976	7.47	25.49	3.226	25.839	0.063	0.955	6000.0
977	5.562	19.06	2.493	18.093	0.059	0.98	6000.0
978	8.376	28.656	3.53	28.708	0.1	0.952	6000.0
979	8.103	27.751	3.269	27.505	0.073	0.952	6000.0
980	7.734	26.447	3.275	26.132	0.101	0.958	6000.0
981	7.984	27.259	3.463	27.903	0.065	0.952	6000.0
982	8.451	29.116	3.336	29.276	0.09	0.94	6000.0
983	5.675	19.391	2.502	20.525	0.049	0.973	6000.0
984	7.219	24.843	3.045	23.605	0.076	0.963	6000.0
985	7.034	24.148	2.997	23.169	0.065	0.968	6000.0
986	7.043	24.232	2.98	23.436	0.086	0.97	6000.0
987	7.108	24.347	2.984	24.249	0.075	0.961	6000.0
988	8.085	27.63	3.494	29.35	0.092	0.942	6000.0
989	8.139	27.976	3.335	26.728	0.08	0.952	6000.0
990	7.886	27.076	3.273	24.44	0.093	0.962	6000.0
991	7.735	26.538	3.097	25.859	0.09	0.954	6000.0
992	9.174	31.331	3.738	30.571	0.089	0.94	6000.0
993	7.753	26.511	3.27	26.315	0.076	0.961	6000.0
994	8.535	29.244	3.375	28.09	0.089	0.947	6000.0
995	5.82	19.925	2.607	20.946	0.05	0.969	6000.0
996	6.69	22.975	2.783	21.991	0.079	0.969	7000.0
997	6.518	22.293	2.697	22.321	0.08	0.962	6000.0
998	6.836	23.435	2.812	22.545	0.084	0.969	6000.0
999	7.385	25.199	3.149	25.037	0.076	0.963	6000.0
1000	9.128	31.334	3.825	29.039	0.123	0.946	6000.0
