NMF_Replicate	L1	L1 %	L2	L2 %	KL Divergence	Correlation	Convergence Iterations
1	6.365	21.898	2.649	21.203	0.055	0.974	6000.0
2	5.972	20.541	2.721	20.573	0.052	0.974	6000.0
3	5.72	19.52	2.31	19.415	0.046	0.978	6000.0
4	6.716	22.981	2.807	22.297	0.07	0.97	6000.0
5	5.212	17.964	2.063	17.374	0.053	0.978	6000.0
6	6.842	23.456	2.959	23.333	0.072	0.961	6000.0
7	5.85	19.995	2.81	21.894	0.044	0.97	7000.0
8	5.07	17.31	2.236	17.283	0.036	0.981	6000.0
9	6.225	21.344	2.851	22.803	0.046	0.965	6000.0
10	6.07	20.84	2.498	18.846	0.06	0.98	11000.0
11	6.084	20.771	2.667	22.05	0.053	0.968	6000.0
12	6.261	21.452	2.697	21.347	0.047	0.974	6000.0
13	5.426	18.606	2.149	16.87	0.043	0.985	7000.0
14	5.487	18.877	2.308	18.964	0.041	0.975	6000.0
15	5.579	19.061	2.412	18.661	0.045	0.979	6000.0
16	5.152	17.609	2.16	17.169	0.049	0.982	6000.0
17	5.842	20.082	2.358	19.433	0.051	0.972	6000.0
18	5.256	18.014	2.115	17.301	0.038	0.982	6000.0
19	6.203	21.365	2.469	20.274	0.058	0.973	6000.0
20	5.67	19.462	2.511	20.078	0.047	0.974	6000.0
21	6.478	22.168	2.791	23.062	0.066	0.966	6000.0
22	5.722	19.531	2.424	19.605	0.058	0.976	6000.0
23	5.845	20.044	2.373	18.988	0.059	0.978	6000.0
24	6.069	20.787	2.561	21.376	0.049	0.972	6000.0
25	5.489	18.946	2.365	19.911	0.047	0.972	6000.0
26	6.695	22.88	2.957	23.322	0.053	0.967	6000.0
27	6.305	21.578	2.714	21.694	0.053	0.971	6000.0
28	5.682	19.441	2.59	20.691	0.046	0.975	6000.0
29	5.175	17.763	2.144	17.342	0.042	0.98	6000.0
30	6.593	22.577	2.64	21.008	0.061	0.972	6000.0
31	4.663	16.048	2.062	16.925	0.037	0.982	6000.0
32	5.806	19.864	2.533	20.548	0.046	0.972	6000.0
33	5.515	18.914	2.259	17.888	0.051	0.982	6000.0
34	5.458	18.702	2.282	18.75	0.045	0.98	6000.0
35	5.81	19.862	2.455	20.324	0.059	0.971	9000.0
36	5.115	17.502	2.267	17.202	0.046	0.981	6000.0
37	7.5	25.653	3.336	26.226	0.073	0.96	6000.0
38	5.3	18.12	2.18	17.276	0.041	0.982	6000.0
39	5.181	17.709	2.033	17.175	0.048	0.982	6000.0
40	5.269	18.068	2.246	17.4	0.037	0.976	6000.0
41	6.587	22.552	2.949	23.551	0.051	0.967	6000.0
42	6.531	22.405	2.786	22.508	0.064	0.967	6000.0
43	5.95	20.355	2.402	19.167	0.062	0.978	6000.0
44	6.762	23.129	2.928	22.436	0.07	0.969	6000.0
45	4.576	15.71	2.007	15.381	0.034	0.986	6000.0
46	4.831	16.57	2.225	17.614	0.043	0.978	6000.0
47	6.988	23.946	3.046	24.528	0.065	0.964	6000.0
48	5.444	18.865	2.186	18.36	0.066	0.97	6000.0
49	4.359	14.866	1.828	13.895	0.037	0.987	6000.0
50	5.649	19.289	2.285	17.886	0.05	0.981	6000.0
51	5.17	17.725	2.219	18.008	0.045	0.981	6000.0
52	7.031	24.037	3.214	25.549	0.065	0.957	6000.0
53	5.214	17.968	2.158	17.854	0.043	0.98	6000.0
54	5.597	19.229	2.525	20.451	0.036	0.973	6000.0
55	4.814	16.489	2.197	18.007	0.034	0.979	6000.0
56	5.936	20.361	2.674	21.345	0.055	0.969	6000.0
57	6.07	20.818	2.782	21.065	0.053	0.973	6000.0
58	6.463	22.161	2.77	22.483	0.053	0.966	6000.0
59	5.469	18.807	2.34	19.398	0.048	0.978	10000.0
60	5.765	19.75	2.339	18.838	0.056	0.974	6000.0
61	4.847	16.706	2.05	16.355	0.056	0.985	7000.0
62	6.062	20.837	2.456	20.434	0.039	0.973	6000.0
63	6.636	22.653	2.628	21.728	0.058	0.965	6000.0
64	5.398	18.508	2.305	18.83	0.053	0.978	6000.0
65	7.606	26.127	3.034	24.389	0.079	0.959	6000.0
66	5.611	19.113	2.42	18.981	0.05	0.974	6000.0
67	5.302	18.208	2.145	17.806	0.054	0.979	6000.0
68	5.734	19.664	2.596	21.582	0.039	0.965	6000.0
69	5.468	18.661	2.479	19.761	0.048	0.975	6000.0
70	4.653	16.01	2.157	16.214	0.041	0.982	6000.0
71	4.962	17.005	2.114	17.075	0.043	0.982	6000.0
72	5.56	19.071	2.291	19.141	0.048	0.977	6000.0
73	4.784	16.339	2.23	17.137	0.036	0.98	6000.0
74	6.202	21.225	2.695	21.414	0.055	0.969	6000.0
75	6.237	21.357	2.484	20.187	0.068	0.974	6000.0
76	5.961	20.345	2.52	20.109	0.062	0.974	6000.0
77	4.749	16.211	2.098	16.659	0.04	0.983	9000.0
78	6.771	23.127	2.735	21.902	0.074	0.965	6000.0
79	6.16	21.093	2.474	21.022	0.055	0.97	6000.0
80	7.027	23.95	3.017	23.166	0.072	0.966	6000.0
81	6.192	21.242	2.641	21.583	0.044	0.973	6000.0
82	5.831	19.908	2.453	20.092	0.052	0.976	6000.0
83	5.661	19.381	2.333	19.467	0.045	0.974	6000.0
84	6.579	22.442	2.859	22.036	0.073	0.97	6000.0
85	4.844	16.646	2.135	17.471	0.033	0.981	6000.0
86	5.72	19.687	2.368	18.958	0.065	0.976	6000.0
87	5.238	17.963	2.088	17.463	0.051	0.98	6000.0
88	5.134	17.605	2.229	18.704	0.038	0.973	6000.0
89	6.105	20.99	2.49	20.065	0.052	0.974	6000.0
90	5.882	19.954	2.552	20.514	0.041	0.97	6000.0
91	4.512	15.517	1.935	15.505	0.051	0.983	6000.0
92	5.152	17.679	2.153	17.388	0.039	0.982	10000.0
93	5.86	20.125	2.487	20.692	0.048	0.975	6000.0
94	5.945	20.399	2.631	21.791	0.054	0.966	7000.0
95	5.67	19.395	2.456	19.357	0.052	0.971	6000.0
96	6.249	21.492	2.507	20.638	0.056	0.972	6000.0
97	6.324	21.504	2.56	20.714	0.058	0.971	6000.0
98	5.701	19.604	2.267	19.129	0.054	0.977	6000.0
99	5.53	18.994	2.501	20.261	0.043	0.977	6000.0
100	5.184	17.802	2.097	17.484	0.032	0.98	6000.0
101	6.339	21.666	2.56	21.095	0.053	0.972	6000.0
102	4.92	16.9	1.999	16.853	0.036	0.979	6000.0
103	6.99	23.856	2.889	22.694	0.065	0.97	6000.0
104	6.24	21.385	2.632	21.778	0.048	0.972	6000.0
105	6.706	22.849	2.756	23.154	0.049	0.965	6000.0
106	5.389	18.522	2.262	18.548	0.047	0.978	6000.0
107	7.217	24.817	2.804	23.708	0.07	0.966	6000.0
108	6.31	21.695	2.762	21.778	0.059	0.973	6000.0
109	5.758	19.687	2.361	18.725	0.048	0.98	6000.0
110	6.766	23.205	2.678	21.283	0.064	0.973	6000.0
111	6.196	21.309	2.748	22.536	0.056	0.969	6000.0
112	5.873	20.075	2.552	20.597	0.046	0.97	7000.0
113	6.322	21.609	2.55	20.226	0.064	0.975	6000.0
114	5.98	20.536	2.498	20.012	0.052	0.974	6000.0
115	7.623	26.063	3.472	27.445	0.079	0.948	6000.0
116	6.124	20.848	2.63	21.328	0.053	0.968	6000.0
117	5.681	19.393	2.434	18.555	0.055	0.979	6000.0
118	4.922	16.896	2.038	17.202	0.035	0.981	6000.0
119	6.116	20.844	2.719	21.623	0.06	0.969	6000.0
120	6.195	21.207	2.755	22.209	0.055	0.971	6000.0
121	6.05	20.804	2.551	21.281	0.046	0.971	6000.0
122	5.281	18.05	2.258	18.03	0.048	0.975	6000.0
123	5.281	17.996	2.368	19.598	0.042	0.976	6000.0
124	5.238	18.016	2.28	17.897	0.048	0.98	6000.0
125	5.116	17.553	2.252	18.012	0.056	0.979	6000.0
126	6.643	22.772	2.807	22.041	0.062	0.973	6000.0
127	5.525	18.909	2.401	19.053	0.049	0.976	6000.0
128	6.37	21.843	2.625	19.666	0.058	0.977	6000.0
129	5.173	17.747	2.084	16.532	0.041	0.983	6000.0
130	4.831	16.587	2.02	15.942	0.039	0.984	6000.0
131	5.917	20.225	2.674	20.881	0.043	0.975	6000.0
132	6.358	21.814	2.711	21.685	0.059	0.965	6000.0
133	6.686	22.841	2.908	23.44	0.056	0.963	6000.0
134	4.664	15.956	1.994	15.75	0.054	0.984	10000.0
135	4.84	16.621	2.011	16.996	0.037	0.978	6000.0
136	6.561	22.507	2.767	22.245	0.072	0.97	6000.0
137	5.565	19.07	2.26	17.859	0.049	0.982	8000.0
138	5.811	19.93	2.637	21.602	0.042	0.972	6000.0
139	6.12	21.012	2.739	21.626	0.058	0.972	6000.0
140	4.661	16.046	1.905	14.636	0.041	0.985	6000.0
141	4.348	14.94	1.878	14.225	0.037	0.988	6000.0
142	6.058	20.85	2.626	21.026	0.054	0.972	6000.0
143	5.039	17.198	2.183	16.844	0.044	0.981	6000.0
144	5.212	17.968	2.168	17.334	0.043	0.978	6000.0
145	6.326	21.722	2.573	20.868	0.051	0.977	6000.0
146	6.392	21.935	2.685	20.696	0.064	0.972	6000.0
147	7.238	24.928	3.101	24.255	0.075	0.962	6000.0
148	5.898	20.216	2.523	20.067	0.051	0.976	6000.0
149	5.903	20.194	2.392	19.535	0.054	0.977	6000.0
150	6.801	23.363	2.808	22.666	0.074	0.966	6000.0
151	6.553	22.332	2.731	22.145	0.052	0.969	6000.0
152	5.883	20.167	2.45	19.926	0.051	0.973	6000.0
153	4.649	15.883	1.987	16.709	0.038	0.982	6000.0
154	5.595	19.145	2.282	18.672	0.045	0.976	6000.0
155	4.295	14.75	1.767	14.214	0.033	0.987	6000.0
156	5.033	17.286	2.092	16.542	0.044	0.982	6000.0
157	4.533	15.558	1.872	14.75	0.037	0.988	9000.0
158	5.609	19.137	2.38	19.25	0.041	0.978	6000.0
159	6.356	21.796	2.602	21.294	0.054	0.967	6000.0
160	5.202	17.837	2.052	17.711	0.054	0.978	6000.0
161	6.092	20.957	2.448	19.561	0.059	0.977	6000.0
162	4.793	16.437	2.025	15.641	0.048	0.987	6000.0
163	7.139	24.417	3.082	24.344	0.064	0.966	6000.0
164	5.339	18.266	2.271	18.145	0.045	0.978	6000.0
165	5.973	20.399	2.613	21.372	0.058	0.97	6000.0
166	4.708	16.161	1.949	16.539	0.032	0.982	6000.0
167	5.168	17.637	2.099	16.309	0.043	0.981	6000.0
168	4.888	16.708	2.162	17.747	0.041	0.978	6000.0
169	6.435	22.138	2.662	21.489	0.07	0.969	6000.0
170	5.041	17.292	2.086	17.246	0.047	0.979	6000.0
171	7.078	24.236	2.991	23.9	0.057	0.966	6000.0
172	5.912	20.176	2.382	19.56	0.057	0.974	6000.0
173	4.42	15.138	1.867	15.089	0.026	0.988	6000.0
174	6.83	23.357	2.796	22.352	0.072	0.968	6000.0
175	4.946	16.93	2.165	18.413	0.037	0.974	6000.0
176	5.633	19.28	2.374	19.898	0.048	0.971	6000.0
177	4.97	16.957	2.115	16.971	0.046	0.983	6000.0
178	5.552	19.001	2.439	19.383	0.043	0.978	6000.0
179	5.134	17.516	2.208	17.72	0.047	0.977	6000.0
180	6.38	21.744	2.732	21.801	0.054	0.973	6000.0
181	6.908	23.68	2.962	23.741	0.069	0.963	6000.0
182	6.167	21.093	2.808	23.121	0.04	0.968	6000.0
183	5.459	18.687	2.267	18.255	0.047	0.975	6000.0
184	6.559	22.334	3.035	23.088	0.052	0.968	6000.0
185	5.774	19.814	2.46	19.948	0.05	0.977	6000.0
186	5.84	19.992	2.518	19.614	0.05	0.973	6000.0
187	5.206	17.729	2.268	16.632	0.041	0.984	6000.0
188	5.928	20.338	2.59	21.487	0.051	0.972	6000.0
189	6.811	23.218	3.131	25.092	0.056	0.958	6000.0
190	5.164	17.786	2.071	16.988	0.053	0.982	6000.0
191	5.337	18.266	2.178	17.277	0.044	0.981	6000.0
192	5.391	18.51	2.385	19.402	0.042	0.975	6000.0
193	6.71	22.963	2.826	22.394	0.055	0.969	6000.0
194	5.052	17.364	2.29	17.526	0.042	0.98	6000.0
195	7.768	26.568	3.334	26.359	0.07	0.96	6000.0
196	5.407	18.56	2.195	18.643	0.05	0.975	6000.0
197	4.987	17.149	2.261	18.007	0.041	0.979	6000.0
198	4.344	14.796	1.961	15.417	0.028	0.984	6000.0
199	6.548	22.34	2.751	21.678	0.068	0.962	9000.0
200	5.933	20.236	2.485	19.473	0.047	0.977	6000.0
201	7.19	24.585	3.239	25.468	0.056	0.958	6000.0
202	5.633	19.212	2.489	19.449	0.045	0.976	6000.0
203	6.732	23.132	2.803	22.238	0.054	0.967	6000.0
204	5.311	18.187	2.148	17.504	0.037	0.982	6000.0
205	5.106	17.555	2.031	16.46	0.044	0.984	6000.0
206	6.557	22.471	2.615	20.808	0.069	0.973	6000.0
207	4.868	16.663	2.105	16.685	0.046	0.979	6000.0
208	4.669	15.881	2.008	16.188	0.04	0.98	6000.0
209	4.542	15.515	1.966	15.585	0.033	0.982	6000.0
210	5.008	17.193	2.021	17.848	0.038	0.976	6000.0
211	6.07	20.874	2.561	20.964	0.056	0.973	6000.0
212	6.369	21.754	2.638	18.882	0.061	0.981	6000.0
213	5.836	19.864	2.488	18.929	0.053	0.976	6000.0
214	6.453	22.149	2.796	22.889	0.053	0.969	6000.0
215	5.226	17.789	2.302	17.706	0.045	0.98	6000.0
216	4.798	16.446	2.055	16.634	0.04	0.982	6000.0
217	6.434	21.861	2.841	22.021	0.057	0.97	6000.0
218	6.252	21.421	2.644	21.781	0.057	0.969	6000.0
219	5.157	17.796	2.11	16.68	0.059	0.982	6000.0
220	5.537	18.961	2.367	19.024	0.035	0.977	6000.0
221	6.218	21.343	2.608	19.646	0.056	0.97	7000.0
222	5.807	19.882	2.683	20.058	0.044	0.976	6000.0
223	6.612	22.596	2.933	22.761	0.059	0.966	6000.0
224	5.357	18.327	2.109	16.657	0.049	0.983	6000.0
225	6.03	20.68	2.567	20.607	0.052	0.976	6000.0
226	4.834	16.655	1.896	14.76	0.042	0.986	6000.0
227	5.215	17.968	2.181	18.315	0.049	0.976	6000.0
228	6.348	21.638	2.747	21.409	0.055	0.971	6000.0
229	5.607	19.178	2.311	18.888	0.044	0.978	6000.0
230	6.483	22.327	2.866	23.178	0.051	0.967	6000.0
231	5.131	17.581	2.026	15.526	0.058	0.985	6000.0
232	6.793	23.405	3.034	23.762	0.063	0.963	6000.0
233	5.089	17.446	2.132	16.419	0.046	0.985	6000.0
234	7.063	24.284	3.022	23.773	0.074	0.962	6000.0
235	6.858	23.337	3.285	24.962	0.066	0.956	6000.0
236	5.549	19.011	2.368	18.894	0.041	0.978	6000.0
237	7.233	24.774	3.129	24.636	0.071	0.963	6000.0
238	6.753	23.154	2.929	23.297	0.067	0.965	6000.0
239	4.414	15.1	1.784	14.399	0.042	0.986	6000.0
240	6.629	22.657	3.023	22.366	0.071	0.972	6000.0
241	6.611	22.617	2.954	23.881	0.054	0.965	6000.0
242	6.394	22.107	2.587	21.847	0.062	0.964	6000.0
243	6.553	22.41	2.689	22.258	0.058	0.969	6000.0
244	7.449	25.549	3.258	25.051	0.074	0.961	6000.0
245	6.599	22.638	2.979	23.832	0.049	0.966	6000.0
246	6.74	23.127	2.802	22.18	0.056	0.967	6000.0
247	6.065	20.681	2.582	21.227	0.058	0.973	6000.0
248	4.95	16.993	2.153	17.088	0.04	0.983	6000.0
249	6.25	21.388	2.57	20.922	0.055	0.971	6000.0
250	5.374	18.358	2.568	20.106	0.054	0.976	7000.0
251	5.258	18.05	2.26	18.21	0.051	0.977	6000.0
252	6.675	22.904	2.943	24.003	0.052	0.965	7000.0
253	6.239	21.404	2.694	20.355	0.066	0.972	6000.0
254	5.629	19.271	2.526	20.407	0.062	0.975	6000.0
255	6.606	22.71	2.806	23.048	0.059	0.961	6000.0
256	7.105	24.294	3.015	23.586	0.068	0.966	6000.0
257	5.837	19.976	2.421	18.478	0.053	0.977	6000.0
258	5.993	20.535	2.609	20.546	0.055	0.976	6000.0
259	6.257	21.492	2.595	21.497	0.06	0.971	6000.0
260	5.628	19.346	2.351	19.363	0.04	0.977	6000.0
261	6.484	22.386	2.887	23.334	0.061	0.964	6000.0
262	5.767	19.731	2.373	17.755	0.055	0.98	6000.0
263	6.599	22.648	2.762	22.069	0.06	0.968	6000.0
264	4.98	16.988	2.166	17.209	0.042	0.98	6000.0
265	5.389	18.454	2.276	17.923	0.052	0.979	6000.0
266	5.548	19.037	2.309	18.788	0.047	0.977	6000.0
267	6.049	20.68	2.607	21.408	0.055	0.971	6000.0
268	6.342	21.63	2.618	20.56	0.059	0.972	6000.0
269	7.065	24.182	3.266	24.72	0.06	0.963	7000.0
270	5.338	18.23	2.192	17.321	0.043	0.982	6000.0
271	7.27	24.826	3.064	24.325	0.068	0.961	6000.0
272	4.918	16.87	1.989	17.353	0.042	0.979	6000.0
273	7.007	23.924	3.234	22.765	0.072	0.964	6000.0
274	5.804	19.816	2.448	19.187	0.045	0.978	6000.0
275	6.228	21.326	2.644	21.328	0.049	0.973	6000.0
276	5.981	20.402	2.706	20.854	0.052	0.974	6000.0
277	5.317	18.219	2.266	18.85	0.042	0.978	6000.0
278	5.795	19.809	2.452	19.775	0.05	0.977	6000.0
279	5.786	19.732	2.25	18.517	0.047	0.978	6000.0
280	5.045	17.231	2.229	18.267	0.047	0.975	6000.0
281	7.012	23.982	3.109	25.261	0.077	0.954	6000.0
282	5.53	18.859	2.305	18.174	0.052	0.974	6000.0
283	6.18	21.111	2.619	21.099	0.056	0.97	6000.0
284	6.245	21.486	2.671	21.278	0.067	0.962	6000.0
285	6.641	22.576	2.811	21.803	0.063	0.968	7000.0
286	6.277	21.494	2.794	23.146	0.053	0.965	6000.0
287	5.521	18.916	2.255	18.547	0.049	0.978	7000.0
288	5.979	20.411	2.489	19.923	0.047	0.975	6000.0
289	5.559	19.098	2.363	19.366	0.035	0.976	6000.0
290	4.621	15.903	1.92	15.401	0.039	0.985	6000.0
291	7.228	24.693	3.222	24.631	0.058	0.963	6000.0
292	6.755	23.142	2.907	23.468	0.06	0.961	6000.0
293	5.327	18.261	2.321	19.208	0.032	0.978	6000.0
294	7.251	24.803	3.211	25.747	0.072	0.953	6000.0
295	6.505	22.152	2.451	20.574	0.061	0.971	6000.0
296	7.06	24.223	3.185	24.27	0.081	0.968	6000.0
297	4.993	17.036	2.076	16.612	0.037	0.984	6000.0
298	5.394	18.498	2.334	17.591	0.041	0.978	6000.0
299	6.421	21.98	2.782	22.418	0.051	0.971	6000.0
300	6.263	21.49	2.793	22.134	0.066	0.964	6000.0
301	6.721	23.046	2.97	22.578	0.073	0.966	6000.0
302	6.556	22.425	2.898	22.119	0.059	0.967	6000.0
303	6.55	22.465	2.977	23.086	0.053	0.967	6000.0
304	6.052	20.895	2.651	22.066	0.067	0.963	6000.0
305	6.568	22.553	2.791	22.115	0.046	0.971	6000.0
306	4.484	15.387	1.935	15.857	0.038	0.985	6000.0
307	7.289	25.087	3.102	25.561	0.083	0.956	6000.0
308	5.804	19.845	2.372	18.624	0.052	0.981	6000.0
309	6.295	21.562	2.78	21.641	0.058	0.971	6000.0
310	5.351	18.186	2.209	17.579	0.038	0.98	6000.0
311	5.859	19.999	2.53	20.593	0.044	0.975	9000.0
312	5.528	18.938	2.507	20.499	0.038	0.973	6000.0
313	5.45	18.633	2.526	19.986	0.056	0.973	6000.0
314	4.801	16.552	2.056	16.453	0.045	0.982	6000.0
315	6.818	23.301	2.953	24.082	0.064	0.962	6000.0
316	6.651	22.803	2.777	22.6	0.052	0.972	6000.0
317	5.991	20.572	2.569	20.75	0.05	0.975	6000.0
318	6.045	20.641	2.622	21.543	0.059	0.971	6000.0
319	6.843	23.3	2.838	22.517	0.061	0.969	6000.0
320	5.104	17.566	2.203	17.51	0.049	0.978	6000.0
321	5.739	19.651	2.259	19.152	0.049	0.976	6000.0
322	5.987	20.411	2.691	19.624	0.049	0.977	6000.0
323	4.909	16.85	2.056	16.356	0.043	0.983	8000.0
324	3.588	12.4	1.398	11.565	0.026	0.99	7000.0
325	7.736	26.455	3.303	27.554	0.071	0.951	6000.0
326	5.667	19.55	2.414	19.523	0.059	0.978	6000.0
327	5.477	18.911	2.233	17.504	0.057	0.978	6000.0
328	5.99	20.511	2.366	18.696	0.062	0.978	6000.0
329	6.018	20.688	2.616	20.141	0.064	0.971	6000.0
330	5.94	20.384	2.588	20.023	0.048	0.974	6000.0
331	6.65	22.858	2.818	22.458	0.057	0.97	6000.0
332	4.924	16.81	2.095	16.084	0.045	0.983	6000.0
333	5.96	20.32	2.508	20.147	0.043	0.975	6000.0
334	6.93	23.66	2.793	22.868	0.059	0.967	7000.0
335	4.101	14.023	1.774	14.238	0.028	0.985	6000.0
336	6.205	21.366	2.452	20.658	0.082	0.969	6000.0
337	5.593	19.288	2.415	18.388	0.045	0.978	6000.0
338	4.873	16.65	2.262	17.607	0.045	0.98	6000.0
339	7.692	26.451	3.294	26.001	0.079	0.956	6000.0
340	5.742	19.585	2.457	19.686	0.046	0.977	6000.0
341	5.761	19.771	2.413	19.47	0.048	0.973	6000.0
342	6.546	22.406	2.647	21.833	0.051	0.971	6000.0
343	5.757	19.802	2.59	21.199	0.05	0.969	6000.0
344	6.369	21.815	2.799	23.082	0.043	0.965	7000.0
345	7.528	25.841	3.088	24.313	0.078	0.964	6000.0
346	6.823	23.406	2.933	23.906	0.058	0.962	6000.0
347	6.696	22.952	2.994	22.047	0.058	0.97	9000.0
348	6.159	21.027	2.76	20.547	0.049	0.974	6000.0
349	6.315	21.663	2.738	22.419	0.049	0.966	6000.0
350	6.547	22.513	2.804	23.606	0.066	0.963	6000.0
351	4.711	16.092	1.947	15.876	0.036	0.982	6000.0
352	5.739	19.694	2.53	19.51	0.053	0.974	6000.0
353	6.047	20.718	2.578	21.25	0.046	0.971	6000.0
354	5.626	19.247	2.435	19.446	0.04	0.979	6000.0
355	5.467	18.767	2.352	18.445	0.061	0.98	6000.0
356	6.767	23.301	2.898	22.926	0.056	0.966	6000.0
357	5.322	18.197	2.109	17.6	0.04	0.978	6000.0
358	5.103	17.45	2.194	17.63	0.04	0.98	6000.0
359	5.276	17.933	2.245	17.385	0.047	0.974	6000.0
360	6.091	20.929	2.59	20.815	0.056	0.972	9000.0
361	7.802	26.747	3.459	27.941	0.069	0.953	6000.0
362	5.56	19.136	2.515	20.425	0.045	0.975	6000.0
363	6.364	21.839	2.754	21.664	0.058	0.97	6000.0
364	5.839	19.866	2.791	22.022	0.074	0.959	6000.0
365	4.614	15.806	1.976	16.181	0.035	0.983	6000.0
366	4.505	15.439	1.919	15.519	0.027	0.984	6000.0
367	5.599	19.302	2.219	18.632	0.046	0.977	7000.0
368	6.034	20.675	2.391	19.963	0.055	0.972	6000.0
369	5.723	19.586	2.311	18.706	0.049	0.976	6000.0
370	6.241	21.441	2.683	21.991	0.053	0.968	6000.0
371	6.129	20.916	2.715	21.353	0.044	0.976	6000.0
372	6.054	20.843	2.568	20.278	0.063	0.977	6000.0
373	5.674	19.322	2.391	18.372	0.045	0.977	6000.0
374	6.083	20.849	2.738	21.64	0.055	0.974	7000.0
375	4.524	15.465	1.96	15.147	0.033	0.983	6000.0
376	6.264	21.541	2.636	21.794	0.057	0.969	6000.0
377	6.448	22.259	2.657	21.471	0.068	0.966	6000.0
378	6.509	22.159	2.853	21.583	0.054	0.973	6000.0
379	5.218	17.838	2.053	16.114	0.047	0.984	6000.0
380	5.485	18.847	2.293	18.775	0.042	0.976	6000.0
381	6.27	21.325	2.779	21.876	0.062	0.967	6000.0
382	5.959	20.374	2.625	21.812	0.049	0.968	6000.0
383	6.249	21.562	2.568	21.384	0.062	0.966	6000.0
384	5.578	19.09	2.403	18.766	0.049	0.978	6000.0
385	5.062	17.33	2.071	16.669	0.042	0.983	6000.0
386	6.868	23.543	2.97	23.775	0.062	0.965	6000.0
387	4.46	15.317	1.881	15.636	0.043	0.985	6000.0
388	5.445	18.698	2.358	19.44	0.039	0.978	6000.0
389	6.483	22.095	2.921	24.049	0.059	0.962	6000.0
390	5.083	17.33	2.162	17.849	0.047	0.975	6000.0
391	6.336	21.831	2.651	21.593	0.062	0.968	6000.0
392	6.3	21.558	2.63	19.97	0.061	0.975	6000.0
393	5.543	18.875	2.352	19.113	0.045	0.975	6000.0
394	5.3	18.214	2.211	17.092	0.054	0.982	6000.0
395	5.01	17.173	2.089	16.25	0.036	0.986	6000.0
396	4.378	14.952	1.98	15.512	0.043	0.986	6000.0
397	5.768	19.767	2.312	18.724	0.046	0.98	6000.0
398	5.706	19.546	2.506	19.475	0.051	0.975	6000.0
399	6.09	20.978	2.6	20.619	0.069	0.971	6000.0
400	6.617	22.704	2.914	23.752	0.049	0.966	6000.0
401	6.227	21.212	2.656	20.938	0.063	0.967	6000.0
402	5.106	17.544	2.072	17.066	0.057	0.981	6000.0
403	4.505	15.358	1.946	15.213	0.037	0.984	6000.0
404	6.354	21.628	2.673	20.725	0.059	0.975	6000.0
405	7.102	24.223	3.275	25.208	0.069	0.961	6000.0
406	6.723	23.027	2.842	22.981	0.06	0.965	6000.0
407	5.653	19.424	2.371	19.409	0.055	0.976	6000.0
408	5.421	18.548	2.367	19.639	0.042	0.973	6000.0
409	5.528	19.101	2.268	18.214	0.054	0.978	6000.0
410	4.834	16.606	1.891	15.214	0.036	0.984	6000.0
411	6.332	21.726	2.67	21.43	0.051	0.972	6000.0
412	6.625	22.724	2.824	22.742	0.058	0.97	6000.0
413	5.216	17.788	2.081	17.087	0.039	0.981	6000.0
414	4.458	15.189	1.926	15.722	0.039	0.983	6000.0
415	5.244	17.977	2.213	17.804	0.03	0.982	6000.0
416	7.103	24.282	2.906	23.685	0.058	0.962	6000.0
417	5.327	18.256	2.267	18.131	0.048	0.978	6000.0
418	6.889	23.494	2.924	23.203	0.066	0.964	6000.0
419	5.13	17.597	2.226	17.903	0.038	0.976	6000.0
420	5.688	19.446	2.421	19.583	0.048	0.973	6000.0
421	5.986	20.542	2.523	20.665	0.056	0.974	6000.0
422	5.382	18.36	2.238	17.023	0.051	0.985	6000.0
423	4.496	15.438	1.877	15.786	0.034	0.982	6000.0
424	6.369	21.873	2.679	21.82	0.052	0.972	6000.0
425	5.676	19.486	2.453	19.034	0.048	0.976	6000.0
426	5.259	18.0	2.12	17.038	0.047	0.983	6000.0
427	4.102	14.155	1.821	13.596	0.033	0.988	6000.0
428	6.675	22.799	2.782	21.291	0.056	0.971	6000.0
429	5.184	17.774	2.092	17.362	0.044	0.983	6000.0
430	5.711	19.616	2.407	19.554	0.05	0.976	6000.0
431	5.541	18.936	2.298	18.533	0.053	0.979	6000.0
432	6.144	21.318	2.778	21.587	0.06	0.967	6000.0
433	4.009	13.836	1.702	14.183	0.037	0.986	6000.0
434	5.182	17.679	2.233	18.3	0.044	0.977	6000.0
435	5.778	19.691	2.539	20.174	0.055	0.971	6000.0
436	5.898	20.221	2.47	18.993	0.066	0.978	6000.0
437	4.136	14.093	1.686	13.592	0.024	0.987	6000.0
438	6.646	22.915	2.826	22.64	0.069	0.965	6000.0
439	6.093	20.873	2.625	20.71	0.049	0.975	6000.0
440	6.535	22.428	2.923	23.49	0.051	0.967	6000.0
441	7.339	25.107	3.086	24.132	0.059	0.962	6000.0
442	5.637	19.191	2.455	19.348	0.054	0.97	6000.0
443	6.391	21.798	2.781	22.119	0.061	0.968	6000.0
444	7.133	24.461	2.999	24.959	0.076	0.964	6000.0
445	5.498	18.878	2.331	18.076	0.047	0.978	6000.0
446	5.307	18.076	2.153	16.999	0.051	0.975	6000.0
447	7.32	25.02	3.14	24.29	0.067	0.961	6000.0
448	6.032	20.616	2.551	20.643	0.056	0.97	6000.0
449	4.785	16.364	1.99	16.372	0.043	0.982	6000.0
450	6.739	23.094	2.901	22.9	0.059	0.968	6000.0
451	7.608	26.085	3.248	25.257	0.085	0.957	6000.0
452	5.096	17.584	2.15	17.749	0.045	0.978	6000.0
453	6.068	20.814	2.488	20.001	0.055	0.968	6000.0
454	6.044	20.697	2.391	19.023	0.067	0.981	6000.0
455	5.43	18.608	2.214	17.697	0.039	0.981	6000.0
456	5.752	19.735	2.429	19.905	0.046	0.972	6000.0
457	7.549	26.026	3.295	24.807	0.082	0.951	6000.0
458	6.526	22.234	2.831	21.973	0.052	0.972	6000.0
459	5.765	19.793	2.43	19.749	0.057	0.973	6000.0
460	5.861	20.168	2.474	19.672	0.045	0.976	6000.0
461	6.311	21.54	2.86	22.623	0.052	0.966	6000.0
462	7.439	25.552	3.267	26.56	0.069	0.956	6000.0
463	7.232	24.775	2.959	23.655	0.064	0.963	6000.0
464	5.299	18.111	2.174	16.891	0.054	0.983	6000.0
465	4.655	15.852	2.122	17.339	0.036	0.98	6000.0
466	5.501	18.898	2.395	19.46	0.038	0.977	6000.0
467	6.164	21.112	2.667	21.63	0.05	0.97	6000.0
468	5.466	18.672	2.312	18.313	0.042	0.98	6000.0
469	4.801	16.465	2.109	16.733	0.04	0.979	6000.0
470	6.869	23.548	3.113	25.288	0.068	0.957	6000.0
471	5.619	19.171	2.507	19.795	0.039	0.976	6000.0
472	6.233	21.173	2.536	20.161	0.056	0.973	6000.0
473	5.116	17.54	2.225	18.006	0.045	0.977	6000.0
474	5.05	17.268	2.071	16.099	0.04	0.983	6000.0
475	5.171	17.784	2.235	17.854	0.057	0.977	6000.0
476	6.004	20.437	2.557	20.318	0.04	0.976	6000.0
477	6.215	21.318	2.539	20.488	0.059	0.97	7000.0
478	5.317	18.258	2.381	18.471	0.043	0.978	6000.0
479	7.417	25.527	3.089	24.814	0.103	0.959	6000.0
480	5.611	19.082	2.419	18.826	0.05	0.976	6000.0
481	6.297	21.616	2.512	21.483	0.053	0.969	6000.0
482	5.892	20.288	2.464	19.818	0.047	0.973	6000.0
483	5.545	18.898	2.383	19.386	0.045	0.976	6000.0
484	4.986	17.111	2.041	16.235	0.047	0.984	6000.0
485	5.455	18.731	2.319	19.449	0.044	0.972	6000.0
486	4.711	16.095	1.935	15.61	0.041	0.984	6000.0
487	4.326	14.897	1.743	14.403	0.044	0.987	6000.0
488	7.736	26.65	3.254	26.963	0.084	0.953	6000.0
489	5.828	19.944	2.717	21.916	0.053	0.959	9000.0
490	6.741	23.048	2.899	22.54	0.064	0.968	6000.0
491	5.432	18.512	2.286	18.474	0.046	0.977	6000.0
492	3.38	11.561	1.391	11.68	0.024	0.992	6000.0
493	6.557	22.546	2.899	24.149	0.06	0.958	6000.0
494	5.663	19.434	2.545	20.856	0.039	0.97	6000.0
495	6.237	21.347	2.779	22.137	0.076	0.971	6000.0
496	4.9	16.756	2.348	18.097	0.04	0.98	6000.0
497	6.568	22.477	2.887	21.881	0.063	0.971	6000.0
498	5.51	18.866	2.339	18.674	0.045	0.978	8000.0
499	7.12	24.522	3.1	25.313	0.066	0.951	6000.0
500	5.743	19.598	2.343	20.238	0.057	0.973	6000.0
501	5.785	19.782	2.594	20.27	0.054	0.971	6000.0
502	4.922	16.811	2.018	16.387	0.039	0.981	6000.0
503	3.914	13.376	1.783	14.617	0.02	0.988	6000.0
504	5.382	18.479	2.26	17.823	0.047	0.979	6000.0
505	5.069	17.303	2.143	18.014	0.04	0.978	6000.0
506	5.562	18.995	2.578	20.133	0.047	0.973	6000.0
507	6.672	22.828	2.873	23.578	0.06	0.968	6000.0
508	5.691	19.462	2.288	18.452	0.043	0.977	6000.0
509	5.206	17.875	2.141	17.7	0.051	0.979	6000.0
510	6.825	23.479	2.895	23.045	0.053	0.967	6000.0
511	6.436	22.099	2.789	21.35	0.055	0.973	6000.0
512	5.648	19.32	2.441	19.407	0.051	0.969	6000.0
513	6.078	20.765	2.495	19.725	0.051	0.974	6000.0
514	6.089	20.839	2.587	21.029	0.053	0.975	6000.0
515	4.539	15.589	2.009	15.752	0.047	0.984	6000.0
516	5.73	19.814	2.44	19.935	0.068	0.972	6000.0
517	4.886	16.731	1.904	14.556	0.048	0.988	6000.0
518	5.932	20.417	2.565	21.031	0.058	0.968	6000.0
519	6.28	21.342	2.625	20.563	0.058	0.977	6000.0
520	5.604	19.31	2.338	19.978	0.041	0.973	6000.0
521	3.965	13.544	1.664	13.122	0.035	0.99	6000.0
522	4.646	15.854	1.954	15.863	0.033	0.982	6000.0
523	5.023	17.173	2.196	16.786	0.041	0.983	6000.0
524	4.934	16.845	1.968	16.095	0.041	0.984	6000.0
525	5.681	19.479	2.25	17.72	0.059	0.981	6000.0
526	6.227	21.357	2.636	21.37	0.053	0.969	6000.0
527	5.088	17.365	2.121	16.632	0.049	0.984	6000.0
528	5.535	18.883	2.388	19.255	0.058	0.975	6000.0
529	4.984	17.095	2.014	16.443	0.048	0.982	6000.0
530	6.304	21.639	2.557	20.121	0.057	0.976	10000.0
531	5.991	20.588	2.484	19.767	0.055	0.974	7000.0
532	7.512	25.744	3.238	25.502	0.069	0.96	6000.0
533	6.777	23.295	2.931	22.92	0.067	0.968	6000.0
534	5.086	17.374	2.199	17.63	0.04	0.978	6000.0
535	5.066	17.411	2.271	17.516	0.032	0.982	6000.0
536	5.494	18.795	2.469	19.241	0.057	0.976	6000.0
537	6.795	23.315	3.083	23.019	0.077	0.97	6000.0
538	7.18	24.667	3.119	25.388	0.067	0.961	6000.0
539	5.904	20.212	2.552	20.286	0.064	0.972	6000.0
540	6.4	21.943	2.827	22.726	0.066	0.958	6000.0
541	6.159	20.966	2.534	20.914	0.061	0.973	6000.0
542	6.21	21.21	2.641	21.083	0.045	0.974	6000.0
543	6.413	21.98	2.872	22.547	0.057	0.968	8000.0
544	5.626	19.159	2.408	19.176	0.033	0.977	6000.0
545	7.184	24.686	3.14	25.329	0.08	0.958	7000.0
546	5.41	18.562	2.413	19.172	0.043	0.975	6000.0
547	4.353	14.977	1.854	14.46	0.039	0.982	6000.0
548	5.93	20.345	2.483	19.913	0.061	0.977	6000.0
549	6.658	22.776	2.706	21.577	0.063	0.97	6000.0
550	5.599	19.234	2.408	19.713	0.041	0.976	6000.0
551	5.876	20.122	2.425	19.408	0.048	0.978	6000.0
552	6.574	22.617	2.698	22.901	0.057	0.962	6000.0
553	5.19	17.736	2.153	16.87	0.053	0.983	6000.0
554	6.703	22.971	2.86	23.478	0.065	0.962	6000.0
555	5.644	19.258	2.393	19.667	0.045	0.975	6000.0
556	6.435	21.983	2.9	22.705	0.052	0.966	6000.0
557	6.621	22.624	2.775	22.959	0.051	0.965	6000.0
558	7.153	24.432	3.059	23.942	0.066	0.961	7000.0
559	4.885	16.725	2.111	17.694	0.038	0.981	6000.0
560	5.8	19.895	2.461	20.131	0.064	0.972	6000.0
561	6.05	20.822	2.695	22.216	0.06	0.967	6000.0
562	5.454	18.75	2.242	18.979	0.036	0.976	6000.0
563	4.493	15.352	1.872	15.334	0.032	0.986	6000.0
564	4.172	14.32	1.755	14.426	0.033	0.985	7000.0
565	6.343	21.712	2.792	22.263	0.049	0.969	6000.0
566	6.468	22.222	2.72	21.475	0.062	0.974	6000.0
567	5.174	17.69	2.16	17.098	0.046	0.983	6000.0
568	5.905	20.043	2.414	18.248	0.055	0.98	6000.0
569	7.119	24.353	2.825	21.806	0.07	0.968	9000.0
570	7.322	25.036	3.335	26.658	0.065	0.954	6000.0
571	5.316	18.217	2.219	17.7	0.045	0.978	6000.0
572	6.428	22.142	2.573	21.386	0.055	0.97	6000.0
573	5.206	17.717	2.439	19.986	0.032	0.975	6000.0
574	5.099	17.476	2.171	17.782	0.038	0.981	6000.0
575	6.509	22.296	2.554	21.415	0.052	0.968	6000.0
576	5.333	18.347	2.204	17.548	0.053	0.981	6000.0
577	6.428	22.106	2.529	21.371	0.051	0.974	6000.0
578	7.546	25.791	3.051	24.181	0.079	0.966	6000.0
579	3.465	11.887	1.408	11.554	0.024	0.992	6000.0
580	6.215	21.334	2.773	22.323	0.067	0.966	6000.0
581	5.544	18.918	2.434	18.692	0.051	0.974	6000.0
582	6.542	22.412	2.917	23.012	0.072	0.969	6000.0
583	4.938	16.974	2.093	16.359	0.04	0.981	6000.0
584	5.824	19.91	2.309	18.705	0.039	0.978	6000.0
585	5.921	20.388	2.331	19.36	0.056	0.976	6000.0
586	6.289	21.52	2.639	21.562	0.054	0.973	8000.0
587	6.145	21.006	2.529	20.195	0.062	0.975	7000.0
588	6.778	23.169	2.953	23.26	0.06	0.968	6000.0
589	4.61	15.839	2.012	16.643	0.027	0.983	6000.0
590	6.497	22.307	2.659	21.785	0.062	0.968	6000.0
591	5.609	19.192	2.369	18.022	0.048	0.98	6000.0
592	5.871	20.108	2.428	19.611	0.054	0.975	6000.0
593	6.734	23.11	2.926	22.974	0.06	0.964	6000.0
594	5.873	20.112	2.417	19.868	0.041	0.977	6000.0
595	6.988	23.929	3.402	25.813	0.061	0.957	6000.0
596	6.401	21.996	2.742	22.28	0.058	0.969	6000.0
597	7.976	27.38	3.331	25.821	0.08	0.96	6000.0
598	8.369	28.69	3.424	28.149	0.076	0.95	6000.0
599	5.921	20.276	2.547	20.584	0.052	0.974	6000.0
600	5.971	20.391	2.54	20.662	0.048	0.974	6000.0
601	6.427	22.056	2.868	23.041	0.057	0.956	6000.0
602	6.14	21.072	2.641	20.77	0.051	0.971	6000.0
603	7.661	26.352	3.341	26.351	0.075	0.957	6000.0
604	4.918	16.922	2.181	17.494	0.06	0.98	8000.0
605	6.935	23.774	2.963	24.056	0.057	0.965	6000.0
606	6.78	23.249	2.749	23.087	0.07	0.965	6000.0
607	4.724	16.004	2.021	15.554	0.043	0.982	6000.0
608	6.833	23.397	2.89	22.782	0.078	0.969	6000.0
609	6.525	22.399	2.652	22.274	0.054	0.967	6000.0
610	5.039	17.19	2.134	16.881	0.039	0.983	6000.0
611	7.467	25.67	3.115	25.874	0.06	0.955	6000.0
612	5.888	20.158	2.511	19.992	0.049	0.975	6000.0
613	5.869	20.089	2.467	20.682	0.051	0.973	6000.0
614	6.376	21.837	2.742	22.257	0.065	0.967	6000.0
615	6.71	22.908	2.881	22.83	0.057	0.967	6000.0
616	6.953	23.773	2.97	22.222	0.072	0.969	6000.0
617	5.563	19.101	2.389	19.402	0.06	0.976	7000.0
618	5.321	18.253	2.246	18.899	0.042	0.973	6000.0
619	6.357	21.797	2.658	21.526	0.052	0.971	6000.0
620	6.371	21.855	2.889	22.13	0.061	0.969	6000.0
621	6.966	23.915	3.026	23.587	0.071	0.966	6000.0
622	4.907	16.824	2.038	16.626	0.045	0.983	6000.0
623	7.203	24.768	3.048	24.333	0.066	0.964	6000.0
624	5.506	18.798	2.364	19.561	0.042	0.975	6000.0
625	7.553	25.965	3.017	24.758	0.08	0.959	6000.0
626	6.08	20.81	2.774	22.512	0.045	0.968	6000.0
627	6.186	21.235	2.66	21.697	0.054	0.965	6000.0
628	4.939	16.926	2.139	17.549	0.044	0.979	6000.0
629	5.619	19.294	2.392	18.648	0.04	0.981	6000.0
630	6.57	22.527	2.859	22.416	0.062	0.969	6000.0
631	4.855	16.604	2.119	17.043	0.04	0.981	6000.0
632	5.066	17.346	2.281	18.277	0.042	0.977	6000.0
633	6.328	21.676	2.756	21.932	0.052	0.973	6000.0
634	5.241	17.931	2.484	19.143	0.042	0.974	6000.0
635	5.461	18.667	2.212	17.923	0.043	0.979	6000.0
636	5.545	19.004	2.178	17.865	0.044	0.976	6000.0
637	4.98	16.984	2.155	16.454	0.049	0.983	6000.0
638	4.953	16.888	2.207	18.22	0.029	0.98	6000.0
639	4.965	16.876	2.044	16.55	0.045	0.983	6000.0
640	6.545	22.293	2.826	21.569	0.056	0.971	6000.0
641	5.827	19.868	2.453	18.596	0.05	0.977	6000.0
642	7.198	24.672	3.196	26.588	0.058	0.955	6000.0
643	5.213	17.885	2.055	16.616	0.041	0.983	8000.0
644	6.149	21.029	2.701	21.237	0.047	0.971	7000.0
645	4.794	16.473	2.099	15.691	0.038	0.985	6000.0
646	5.801	19.887	2.41	19.212	0.045	0.977	6000.0
647	7.095	24.258	2.951	23.639	0.08	0.962	6000.0
648	6.278	21.687	2.692	22.026	0.052	0.967	6000.0
649	5.933	20.254	2.576	19.827	0.054	0.973	6000.0
650	5.538	19.001	2.327	18.129	0.053	0.978	6000.0
651	6.889	23.491	3.019	22.893	0.063	0.969	6000.0
652	7.104	24.196	2.989	23.156	0.065	0.967	6000.0
653	5.05	17.279	2.125	17.469	0.048	0.98	9000.0
654	6.551	22.526	2.59	21.52	0.059	0.965	6000.0
655	5.707	19.669	2.396	19.268	0.043	0.976	6000.0
656	6.033	20.579	2.554	21.253	0.045	0.965	6000.0
657	6.191	21.061	2.704	22.784	0.058	0.963	6000.0
658	6.782	23.332	2.861	24.17	0.063	0.96	6000.0
659	5.215	17.872	2.004	15.097	0.052	0.987	6000.0
660	6.12	20.98	2.501	20.87	0.048	0.974	7000.0
661	7.223	24.797	3.056	26.19	0.066	0.955	6000.0
662	6.04	20.76	2.552	20.763	0.045	0.971	6000.0
663	6.38	21.872	2.546	20.815	0.068	0.973	6000.0
664	5.503	18.9	2.518	20.156	0.048	0.977	6000.0
665	6.602	22.638	2.675	22.699	0.063	0.966	6000.0
666	5.473	18.863	2.492	20.551	0.041	0.971	6000.0
667	4.886	16.726	2.069	16.514	0.037	0.982	6000.0
668	6.103	20.844	2.573	20.637	0.042	0.976	6000.0
669	5.896	20.279	2.475	20.229	0.054	0.975	6000.0
670	4.921	16.961	1.989	15.935	0.05	0.984	6000.0
671	5.731	19.597	2.571	20.142	0.063	0.976	6000.0
672	6.598	22.696	2.879	22.849	0.058	0.969	6000.0
673	6.074	20.93	2.557	20.827	0.059	0.97	6000.0
674	6.335	21.784	2.661	20.448	0.054	0.976	6000.0
675	5.965	20.404	2.652	21.395	0.049	0.97	6000.0
676	5.318	18.266	2.279	17.938	0.049	0.98	6000.0
677	4.745	16.137	1.92	15.409	0.051	0.984	6000.0
678	6.676	22.84	2.993	22.546	0.051	0.97	6000.0
679	4.966	17.039	2.064	15.878	0.042	0.983	6000.0
680	5.197	17.754	2.262	17.698	0.038	0.982	6000.0
681	6.624	22.739	2.944	22.751	0.064	0.966	6000.0
682	6.346	21.753	2.607	21.559	0.064	0.966	6000.0
683	6.037	20.715	2.66	21.081	0.051	0.971	6000.0
684	4.477	15.27	1.944	15.548	0.031	0.985	9000.0
685	6.375	21.82	2.655	21.53	0.052	0.97	6000.0
686	5.7	19.479	2.326	18.534	0.04	0.977	6000.0
687	5.799	19.926	2.47	19.442	0.048	0.976	6000.0
688	6.197	21.13	2.661	20.688	0.054	0.974	6000.0
689	6.705	22.899	2.843	23.056	0.068	0.962	6000.0
690	6.526	22.471	2.728	22.201	0.069	0.962	6000.0
691	6.142	21.202	2.528	21.829	0.044	0.967	6000.0
692	4.538	15.643	1.86	15.191	0.036	0.985	6000.0
693	7.418	25.554	3.051	23.79	0.088	0.956	6000.0
694	5.592	19.197	2.482	20.244	0.047	0.973	6000.0
695	6.585	22.48	2.935	22.137	0.054	0.968	6000.0
696	6.432	22.152	2.674	21.587	0.06	0.966	6000.0
697	6.198	21.096	2.767	22.074	0.046	0.966	6000.0
698	5.978	20.554	2.713	21.812	0.062	0.969	6000.0
699	4.902	16.763	2.148	16.99	0.044	0.98	6000.0
700	6.043	20.649	2.675	20.729	0.05	0.974	6000.0
701	6.68	22.885	2.882	23.546	0.054	0.964	6000.0
702	4.051	13.87	1.791	14.07	0.028	0.988	6000.0
703	6.6	22.602	3.035	22.195	0.056	0.971	6000.0
704	5.224	17.772	2.316	17.846	0.042	0.978	6000.0
705	6.058	20.608	2.559	18.922	0.048	0.976	6000.0
706	6.992	23.962	3.07	23.763	0.067	0.962	6000.0
707	6.322	21.623	2.825	23.039	0.045	0.969	6000.0
708	5.549	19.003	2.301	18.551	0.046	0.978	6000.0
709	5.791	19.885	2.43	19.471	0.058	0.979	6000.0
710	6.441	22.081	2.634	21.591	0.058	0.967	6000.0
711	6.394	21.813	2.871	22.395	0.054	0.97	6000.0
712	5.99	20.508	2.688	20.079	0.054	0.975	6000.0
713	5.138	17.554	2.151	17.105	0.04	0.983	6000.0
714	6.713	23.13	2.786	22.193	0.059	0.966	6000.0
715	5.013	17.258	2.235	17.953	0.051	0.978	6000.0
716	6.518	22.407	2.804	22.135	0.059	0.969	6000.0
717	5.152	17.69	2.348	18.851	0.036	0.978	6000.0
718	6.036	20.719	2.584	20.439	0.058	0.967	6000.0
719	4.824	16.586	1.934	15.934	0.046	0.984	6000.0
720	4.65	15.937	2.104	16.77	0.032	0.981	6000.0
721	4.498	15.438	2.008	16.986	0.025	0.98	6000.0
722	4.64	16.013	1.933	15.592	0.05	0.983	6000.0
723	6.649	22.59	2.933	23.588	0.052	0.967	6000.0
724	5.635	19.367	2.377	19.037	0.048	0.975	9000.0
725	4.923	16.943	2.106	16.733	0.04	0.98	6000.0
726	5.892	20.076	2.382	19.271	0.051	0.977	6000.0
727	5.763	19.73	2.382	18.962	0.054	0.979	6000.0
728	5.734	19.614	2.453	19.026	0.052	0.979	6000.0
729	6.702	22.983	2.683	22.595	0.058	0.967	6000.0
730	5.688	19.476	2.542	19.438	0.056	0.978	6000.0
731	5.736	19.621	2.56	19.613	0.054	0.976	6000.0
732	6.254	21.394	2.673	21.837	0.054	0.969	6000.0
733	5.116	17.521	2.184	16.922	0.044	0.978	6000.0
734	6.326	21.725	2.694	21.84	0.062	0.968	6000.0
735	5.565	19.032	2.309	18.332	0.053	0.976	6000.0
736	4.798	16.489	2.065	17.642	0.047	0.975	6000.0
737	6.291	21.513	2.699	21.36	0.059	0.967	6000.0
738	6.245	21.352	2.473	20.371	0.055	0.971	6000.0
739	7.152	24.651	3.129	25.088	0.08	0.956	6000.0
740	5.804	19.95	2.284	18.302	0.064	0.978	6000.0
741	5.789	19.822	2.463	19.602	0.055	0.976	6000.0
742	6.635	22.724	2.861	22.487	0.055	0.969	6000.0
743	5.723	19.556	2.308	18.787	0.044	0.98	6000.0
744	4.709	16.156	1.994	15.765	0.046	0.985	6000.0
745	7.818	26.838	3.551	27.716	0.078	0.952	6000.0
746	4.85	16.591	2.05	15.476	0.047	0.985	6000.0
747	6.367	21.841	2.559	20.354	0.061	0.972	6000.0
748	5.781	19.681	2.354	18.305	0.046	0.977	6000.0
749	5.611	19.116	2.647	20.946	0.041	0.972	6000.0
750	6.722	22.992	2.912	22.438	0.056	0.969	6000.0
751	4.901	16.855	2.032	16.853	0.035	0.981	6000.0
752	5.314	18.155	2.324	18.4	0.045	0.981	6000.0
753	6.5	22.327	2.84	21.747	0.059	0.969	6000.0
754	6.167	21.166	2.672	21.923	0.047	0.966	6000.0
755	7.477	25.636	3.418	27.602	0.071	0.955	6000.0
756	6.108	20.721	2.641	21.522	0.061	0.968	6000.0
757	6.981	23.857	3.056	25.08	0.066	0.958	6000.0
758	5.842	19.905	2.736	21.504	0.055	0.969	6000.0
759	4.471	15.301	1.787	14.449	0.045	0.988	6000.0
760	6.437	22.086	2.847	22.333	0.061	0.967	6000.0
761	5.071	17.369	2.264	17.966	0.033	0.98	6000.0
762	6.338	21.718	2.671	21.943	0.055	0.97	6000.0
763	5.725	19.611	2.417	20.175	0.048	0.97	6000.0
764	7.318	25.173	2.855	22.814	0.068	0.968	6000.0
765	4.626	15.843	1.937	14.98	0.047	0.987	6000.0
766	6.056	20.85	2.517	21.357	0.047	0.969	6000.0
767	6.101	20.919	2.57	21.658	0.061	0.972	6000.0
768	5.538	19.012	2.398	18.277	0.042	0.981	6000.0
769	6.348	21.676	2.711	21.938	0.053	0.97	6000.0
770	5.817	19.89	2.428	18.999	0.052	0.976	6000.0
771	6.235	21.461	2.7	20.851	0.078	0.967	6000.0
772	6.155	21.263	2.574	21.864	0.062	0.963	6000.0
773	6.196	21.225	2.476	20.869	0.047	0.971	6000.0
774	6.458	22.192	2.624	21.38	0.057	0.972	6000.0
775	4.955	16.857	2.06	17.107	0.038	0.98	6000.0
776	5.319	18.17	2.199	17.379	0.041	0.979	6000.0
777	5.397	18.396	2.263	18.009	0.049	0.973	6000.0
778	5.629	19.252	2.344	19.796	0.046	0.973	6000.0
779	5.868	20.045	2.445	19.227	0.043	0.978	6000.0
780	6.021	20.729	2.72	21.397	0.07	0.964	6000.0
781	6.023	20.65	2.79	21.854	0.054	0.965	6000.0
782	6.702	22.935	2.763	23.011	0.053	0.966	7000.0
783	6.158	21.084	2.597	20.665	0.051	0.974	6000.0
784	4.814	16.332	2.226	17.473	0.033	0.978	6000.0
785	5.999	20.522	2.578	21.637	0.052	0.967	6000.0
786	5.797	19.842	2.738	21.743	0.046	0.973	6000.0
787	6.962	23.995	3.102	24.716	0.066	0.96	6000.0
788	6.595	22.643	2.904	23.35	0.055	0.965	6000.0
789	7.431	25.469	3.044	25.612	0.058	0.961	6000.0
790	4.771	16.293	1.914	15.72	0.045	0.984	6000.0
791	6.72	23.108	2.899	22.377	0.069	0.967	6000.0
792	5.453	18.675	2.342	18.33	0.043	0.978	6000.0
793	5.56	19.112	2.285	18.805	0.051	0.975	6000.0
794	3.9	13.428	1.618	13.691	0.038	0.984	6000.0
795	7.101	24.43	3.129	24.415	0.065	0.965	6000.0
796	5.896	20.164	2.652	21.378	0.043	0.972	6000.0
797	5.807	19.914	2.632	19.367	0.06	0.973	6000.0
798	6.851	23.391	2.659	21.168	0.061	0.968	6000.0
799	5.561	19.066	2.328	18.265	0.05	0.979	6000.0
800	4.862	16.531	2.007	15.542	0.045	0.984	6000.0
801	5.102	17.498	2.203	17.271	0.049	0.979	6000.0
802	4.304	14.663	2.013	16.709	0.022	0.983	6000.0
803	5.518	18.77	2.306	18.664	0.048	0.974	6000.0
804	7.606	26.065	3.274	26.544	0.067	0.957	6000.0
805	4.66	15.945	2.007	16.283	0.033	0.982	6000.0
806	5.736	19.695	2.264	18.811	0.058	0.978	6000.0
807	4.355	14.889	1.815	14.373	0.037	0.989	6000.0
808	5.394	18.449	2.206	17.506	0.043	0.983	6000.0
809	5.805	19.938	2.525	20.882	0.047	0.973	6000.0
810	6.113	20.848	2.755	21.069	0.057	0.972	6000.0
811	5.271	18.055	2.22	18.005	0.045	0.974	6000.0
812	3.897	13.284	1.702	13.521	0.039	0.986	6000.0
813	5.636	19.371	2.33	19.502	0.05	0.971	6000.0
814	7.495	25.612	3.201	24.413	0.064	0.962	6000.0
815	4.856	16.656	2.198	17.069	0.036	0.983	6000.0
816	4.841	16.545	2.01	16.047	0.037	0.982	6000.0
817	5.848	20.093	2.497	20.135	0.06	0.976	6000.0
818	4.923	16.798	2.167	17.306	0.046	0.982	6000.0
819	5.033	17.242	2.108	16.862	0.036	0.983	6000.0
820	5.689	19.476	2.354	18.996	0.053	0.978	7000.0
821	6.037	20.588	2.663	20.167	0.064	0.973	6000.0
822	6.366	21.845	2.67	21.586	0.054	0.971	6000.0
823	5.179	17.745	2.067	16.684	0.035	0.983	6000.0
824	4.92	16.682	2.016	15.363	0.041	0.985	9000.0
825	5.377	18.423	2.271	17.767	0.044	0.977	6000.0
826	5.642	19.424	2.466	19.39	0.043	0.977	6000.0
827	5.891	20.198	2.393	19.747	0.06	0.975	8000.0
828	6.572	22.418	2.863	23.272	0.053	0.963	6000.0
829	5.305	18.117	2.193	18.609	0.037	0.976	6000.0
830	5.459	18.62	2.373	19.081	0.054	0.977	6000.0
831	4.919	16.828	1.955	15.66	0.044	0.983	6000.0
832	6.689	22.922	2.695	21.597	0.066	0.973	6000.0
833	6.269	21.472	2.581	21.476	0.058	0.971	6000.0
834	6.361	21.869	2.745	22.026	0.056	0.966	6000.0
835	6.235	21.404	2.768	22.112	0.059	0.968	6000.0
836	6.482	22.201	2.894	23.692	0.051	0.964	6000.0
837	6.25	21.401	2.69	21.852	0.057	0.967	6000.0
838	5.344	18.255	2.253	18.26	0.046	0.979	6000.0
839	4.959	16.843	2.184	16.487	0.038	0.981	6000.0
840	6.03	20.733	2.59	22.09	0.046	0.966	6000.0
841	7.091	24.377	3.083	23.754	0.069	0.962	6000.0
842	7.061	24.254	3.081	25.081	0.058	0.963	6000.0
843	6.278	21.527	2.733	22.796	0.05	0.965	6000.0
844	7.697	26.388	3.306	26.771	0.066	0.957	6000.0
845	6.004	20.548	2.551	20.726	0.046	0.975	6000.0
846	5.613	19.188	2.238	18.423	0.053	0.979	6000.0
847	6.506	22.192	2.864	21.906	0.059	0.969	6000.0
848	5.23	17.938	2.228	18.739	0.038	0.98	6000.0
849	6.586	22.554	2.851	23.241	0.06	0.967	6000.0
850	5.445	18.639	2.304	18.168	0.059	0.978	6000.0
851	6.08	20.759	2.413	19.76	0.053	0.975	6000.0
852	5.683	19.531	2.289	19.721	0.05	0.974	6000.0
853	5.9	20.249	2.368	19.839	0.046	0.974	6000.0
854	7.903	27.192	3.476	28.164	0.078	0.946	6000.0
855	6.821	23.498	2.813	23.053	0.068	0.967	6000.0
856	5.792	19.748	2.411	18.979	0.041	0.979	6000.0
857	5.92	20.298	2.442	20.316	0.044	0.973	6000.0
858	6.75	23.315	2.76	21.491	0.069	0.972	6000.0
859	6.235	21.357	2.641	21.426	0.061	0.975	6000.0
860	5.832	19.848	2.466	18.387	0.065	0.982	6000.0
861	5.85	20.041	2.39	19.924	0.051	0.974	6000.0
862	5.492	18.874	2.409	19.73	0.039	0.974	6000.0
863	5.352	18.297	2.198	17.862	0.045	0.981	6000.0
864	4.947	16.888	2.201	17.566	0.042	0.978	6000.0
865	7.099	24.31	3.26	24.322	0.064	0.96	6000.0
866	5.059	17.35	2.034	16.43	0.032	0.983	6000.0
867	6.367	21.872	2.887	23.445	0.052	0.963	6000.0
868	6.632	22.645	3.029	23.174	0.062	0.971	6000.0
869	4.76	16.233	2.041	16.729	0.04	0.982	11000.0
870	7.05	24.254	3.173	24.515	0.068	0.961	6000.0
871	4.918	16.844	1.999	15.354	0.052	0.985	6000.0
872	6.758	23.12	2.973	23.373	0.062	0.966	6000.0
873	7.409	25.506	3.061	25.207	0.074	0.96	6000.0
874	6.07	20.77	2.708	20.96	0.062	0.975	6000.0
875	6.534	22.3	2.777	21.392	0.062	0.972	6000.0
876	5.284	18.072	2.189	16.938	0.041	0.981	6000.0
877	6.614	22.689	2.707	20.949	0.067	0.974	6000.0
878	6.646	22.765	2.76	22.331	0.059	0.969	8000.0
879	5.964	20.398	2.559	20.032	0.052	0.97	6000.0
880	5.796	19.789	2.473	18.928	0.056	0.976	6000.0
881	5.185	17.79	2.499	19.298	0.042	0.971	6000.0
882	6.52	22.268	2.92	20.971	0.069	0.961	6000.0
883	5.685	19.451	2.421	19.363	0.046	0.976	6000.0
884	5.564	18.968	2.371	18.649	0.041	0.978	7000.0
885	6.091	20.992	2.52	20.78	0.052	0.969	6000.0
886	5.966	20.397	2.688	21.068	0.045	0.974	7000.0
887	5.155	17.633	2.201	17.478	0.046	0.981	7000.0
888	4.769	16.298	1.99	15.617	0.035	0.986	6000.0
889	4.748	16.3	1.984	16.157	0.035	0.983	6000.0
890	7.445	25.572	3.259	25.739	0.066	0.959	6000.0
891	6.041	20.822	2.693	21.848	0.055	0.968	6000.0
892	6.696	22.93	2.775	21.802	0.071	0.974	6000.0
893	7.662	26.284	3.349	28.506	0.082	0.945	6000.0
894	5.545	19.069	2.235	18.065	0.046	0.981	7000.0
895	5.34	18.304	2.214	17.748	0.048	0.981	6000.0
896	5.938	20.401	2.715	20.965	0.053	0.972	6000.0
897	6.445	22.015	2.763	21.589	0.058	0.971	6000.0
898	7.222	24.744	3.07	24.953	0.071	0.962	6000.0
899	6.833	23.413	2.92	23.473	0.058	0.968	6000.0
900	7.254	24.852	2.914	23.954	0.093	0.951	6000.0
901	4.207	14.492	1.806	14.723	0.036	0.985	6000.0
902	4.905	16.739	2.143	16.985	0.032	0.982	6000.0
903	5.671	19.372	2.228	19.324	0.054	0.971	6000.0
904	5.326	18.197	2.23	17.736	0.056	0.979	6000.0
905	5.356	18.253	2.367	18.482	0.036	0.977	6000.0
906	6.053	20.795	2.775	21.865	0.053	0.965	6000.0
907	5.846	20.097	2.55	20.079	0.058	0.974	6000.0
908	5.532	18.987	2.298	18.922	0.052	0.971	6000.0
909	5.148	17.747	2.334	17.866	0.042	0.977	6000.0
910	6.367	21.808	2.929	23.596	0.062	0.966	6000.0
911	5.841	19.891	2.561	19.984	0.055	0.975	6000.0
912	6.065	20.638	2.631	20.324	0.059	0.976	6000.0
913	5.797	19.88	2.377	19.388	0.048	0.974	6000.0
914	6.069	20.812	2.702	20.827	0.054	0.975	6000.0
915	5.045	17.358	2.118	17.094	0.047	0.98	6000.0
916	4.735	16.272	2.14	16.619	0.033	0.983	6000.0
917	6.909	23.669	2.829	22.773	0.07	0.967	6000.0
918	5.225	17.916	2.176	18.479	0.048	0.979	6000.0
919	7.307	25.028	3.106	24.489	0.065	0.959	6000.0
920	5.03	17.174	2.12	16.674	0.044	0.981	6000.0
921	6.042	20.638	2.627	20.01	0.058	0.973	6000.0
922	5.87	20.213	2.538	20.723	0.059	0.972	6000.0
923	4.997	17.075	2.193	17.543	0.031	0.98	6000.0
924	6.578	22.538	2.663	22.058	0.062	0.97	6000.0
925	5.545	18.996	2.186	17.504	0.044	0.98	6000.0
926	4.963	17.123	2.045	17.319	0.043	0.98	6000.0
927	5.398	18.605	2.297	19.004	0.049	0.973	6000.0
928	5.914	20.24	2.588	21.222	0.041	0.969	6000.0
929	4.768	16.321	2.085	16.296	0.031	0.984	6000.0
930	6.396	21.921	2.577	20.066	0.062	0.973	6000.0
931	5.092	17.475	2.15	17.577	0.046	0.98	7000.0
932	6.185	21.17	2.572	20.349	0.053	0.974	6000.0
933	5.309	18.216	2.115	17.069	0.052	0.982	6000.0
934	7.404	25.361	3.593	27.781	0.073	0.951	6000.0
935	6.135	21.032	2.703	21.902	0.053	0.969	6000.0
936	5.268	18.131	2.27	18.873	0.033	0.977	6000.0
937	7.274	24.891	3.141	25.456	0.066	0.962	6000.0
938	6.163	21.203	2.758	22.894	0.065	0.966	6000.0
939	5.484	18.71	2.386	18.545	0.049	0.979	6000.0
940	6.015	20.503	2.561	20.196	0.051	0.973	6000.0
941	6.341	21.655	2.877	21.688	0.067	0.971	6000.0
942	6.216	21.324	2.684	22.163	0.055	0.962	6000.0
943	6.698	22.847	3.006	24.337	0.053	0.964	6000.0
944	6.405	22.041	2.673	21.335	0.072	0.967	7000.0
945	3.504	12.028	1.488	11.556	0.025	0.993	6000.0
946	7.093	24.231	3.139	24.904	0.07	0.958	6000.0
947	5.504	18.928	2.371	18.861	0.048	0.975	6000.0
948	5.757	19.778	2.427	20.194	0.049	0.974	6000.0
949	5.728	19.62	2.336	18.715	0.053	0.98	6000.0
950	6.474	22.183	2.892	23.834	0.058	0.963	6000.0
951	6.543	22.367	2.848	22.42	0.063	0.963	8000.0
952	5.56	19.045	2.237	17.937	0.057	0.98	6000.0
953	4.973	16.959	2.102	16.632	0.049	0.983	6000.0
954	4.73	16.122	2.096	16.747	0.036	0.982	6000.0
955	5.125	17.538	2.094	17.003	0.044	0.984	9000.0
956	5.292	18.109	2.278	18.969	0.04	0.98	6000.0
957	6.344	21.766	2.845	21.099	0.065	0.975	6000.0
958	6.579	22.514	2.75	22.684	0.065	0.967	6000.0
959	5.999	20.543	2.674	20.934	0.05	0.972	6000.0
960	6.034	20.683	2.649	21.868	0.045	0.971	6000.0
961	5.362	18.343	2.331	18.156	0.056	0.978	6000.0
962	4.681	16.051	2.088	16.479	0.043	0.984	6000.0
963	6.73	23.011	3.011	23.406	0.059	0.969	6000.0
964	6.462	22.114	2.748	22.387	0.05	0.968	6000.0
965	6.332	21.731	2.729	22.005	0.061	0.969	6000.0
966	6.601	22.612	2.854	21.902	0.057	0.967	6000.0
967	4.874	16.613	2.022	16.334	0.044	0.984	6000.0
968	5.693	19.454	2.319	18.856	0.048	0.978	6000.0
969	5.855	20.057	2.486	20.048	0.046	0.975	6000.0
970	5.924	20.183	2.604	20.654	0.056	0.973	9000.0
971	6.034	20.704	2.685	21.565	0.054	0.971	6000.0
972	5.25	18.161	2.118	18.083	0.04	0.975	6000.0
973	6.482	22.284	2.814	21.849	0.058	0.966	6000.0
974	6.104	20.822	2.526	20.343	0.061	0.974	6000.0
975	5.265	17.946	2.235	17.637	0.045	0.977	6000.0
976	5.387	18.415	2.294	18.385	0.041	0.977	6000.0
977	3.69	12.656	1.646	12.233	0.033	0.99	6000.0
978	6.671	22.866	2.893	23.928	0.067	0.963	6000.0
979	5.763	19.742	2.399	20.16	0.046	0.975	6000.0
980	6.514	22.272	2.691	21.388	0.06	0.973	6000.0
981	6.656	22.845	2.858	22.775	0.058	0.97	6000.0
982	4.999	17.075	1.994	17.384	0.039	0.973	6000.0
983	4.692	16.035	2.14	17.325	0.024	0.982	6000.0
984	6.629	22.704	2.876	22.338	0.06	0.972	6000.0
985	6.038	20.636	2.709	20.21	0.051	0.974	6000.0
986	5.703	19.529	2.414	18.659	0.057	0.98	13000.0
987	5.468	18.688	2.327	18.577	0.047	0.978	6000.0
988	5.672	19.447	2.372	19.822	0.053	0.971	6000.0
989	6.156	21.122	2.519	20.038	0.042	0.973	6000.0
990	6.34	21.818	2.742	20.749	0.066	0.966	6000.0
991	6.357	21.799	2.627	21.426	0.062	0.968	6000.0
992	6.374	21.81	2.755	22.772	0.055	0.967	6000.0
993	5.975	20.432	2.503	20.0	0.055	0.977	6000.0
994	6.618	22.586	2.745	22.629	0.052	0.968	6000.0
995	4.852	16.599	2.053	16.516	0.035	0.979	6000.0
996	4.838	16.578	2.0	15.932	0.049	0.984	6000.0
997	5.656	19.453	2.405	20.062	0.056	0.97	6000.0
998	5.113	17.474	2.126	17.161	0.046	0.981	6000.0
999	5.753	19.681	2.349	18.618	0.053	0.976	6000.0
1000	6.036	20.667	2.533	18.873	0.083	0.975	6000.0
