#Id	Chromosome	Start	End	Width	Type	fractionalCopyNumber	CopyNumber	Confidence	AlleleFreq	Mask_overlap_fract	Algorithm
96	23	92676343	113054665	787698	gain	3.8291611634801	3	1	0.988065671073161	0	Region-based
153	13	13249996	42051978	28362744	gain	2.29510479603484	2	1	0.488689489626151	0.0918171400112001	Region-based
56	7	80999819	88027350	8923780	gain	3.17663000065947	3	1	0.523258228948969	0	Region-based
127	17	92676343	83257441	14645676	loss	1.01961672602218	1	1	0.478367348741306	0.0162454699121712	Region-based
57	5	92017586	95213281	8006183	gain	3.8291611634801	3	1	0.588315000329735	0	Region-based
153	21	109619453	46709983	536244	loss	1.03613695344942	1	1	0.434333094732178	0.262095240226464	Region-based
11	1	36154423	40959415	1463319	gain	2.41186185381967	2	0.99246101773383	0.276124128991283	0	Region-based
49	7	96024675	159345973	58402500	gain	3.8291611634801	3	1	0.674611727759902	0	Region-based
58	5	95213281	144689308	787698	gain	2.86866618946436	3	1	0.461274159030851	0.218540608202636	Region-based
49	5	7.08215e+07	80999819	10178307.5	gain	3.17663000065947	3	1	0.588315000329735	0	Region-based
7	3	28377312	42052529	9322962	gain	2.28526193730479	2	0.999999882457457	0.130279980937247	0	Region-based
36	6	40956367	40959415	1463319	gain	2.60492346590646	4	1	0.281227909457752	0	Region-based
49	5	88027350	89932355	37642800	loss	0.851824360342982	1	1	0.479377558172074	0.00290813533576474	Region-based
43	6	57042204	81008575	2155648	gain	2.95735461577801	3	1	0.478677307889005	0	Region-based
6	3	33994569	33998775	1463319	loss	1.04326530251739	1	0.999999999999988	0.219951173347812	0.00318736589628394	Region-based
59	5	109610616	144689308	2644082	gain	2.90713077290842	3	1	0.574087819828509	0.262095240226464	Region-based
9	1	36161409	73804209	787698	gain	2.23629228716268	2	1	0.118146143581339	0.00318736589628394	Region-based
49	5	96024675	113054665	16934273	gain	2.86866618946436	3	0.999999999999985	0.574087819828509	0	Region-based
58	5	7.08215e+07	89932355	536244	gain	3.17663000065947	3	0.999999995818888	0.588315000329735	0	Region-based
57	7	92017586	113054665	8006183	loss	1.46770643929077	1	1	0.478677307889005	0.0162454699121712	Region-based
43	5	109610616	154430085	8006183	gain	2.90713077290842	3	1	0.479377558172074	0.262095240226464	Region-based
58	5	95213281	96024675	2644082	gain	2.86866618946436	3	1	0.453565386454208	0	Region-based
41	5	112263535	144689308	8006183	gain	3.17663000065947	3	1	0.674611727759902	0.262095240226464	Region-based
94	13	14568	33994569	22951267	loss	0.851824360342982	1	1	0.266146780354615	0.0204804474792513	Region-based
127	13	92676343	95213281	37642800	loss	1.46770643929077	1	1	0.49019163698891	0	Region-based
97	21	14568	29126411	22951267	loss	1.46770643929077	1	1	0.432597388497118	0.0204804474792513	Region-based
6	1	930198	33994569	22951267	loss	0.851824360342982	1	1	0.488689489626151	0.0918171400112001	Region-based
90	13	92676343	114364328	126657564	gain	3.8291611634801	3	1	0.988065671073161	0	Region-based
