NMF_Replicate	L1	L1 %	L2	L2 %	KL Divergence	Correlation	Convergence Iterations
1	17.613	60.382	7.038	55.099	0.352	0.809	6000.0
2	19.537	66.9	7.98	59.482	0.393	0.779	6000.0
3	16.74	57.28	6.441	53.651	0.298	0.82	6000.0
4	19.209	65.765	7.743	60.038	0.411	0.77	6000.0
5	17.824	61.097	7.05	56.136	0.331	0.8	6000.0
6	18.841	64.649	7.181	55.501	0.377	0.815	6000.0
7	16.887	57.958	6.893	52.681	0.33	0.82	6000.0
8	18.464	63.302	7.226	55.301	0.341	0.805	6000.0
9	19.671	67.432	7.269	57.43	0.374	0.791	6000.0
10	19.321	66.176	7.693	56.806	0.396	0.783	6000.0
11	20.058	68.547	7.436	59.056	0.39	0.775	6000.0
12	19.003	65.267	7.207	57.164	0.344	0.795	6000.0
13	17.069	58.534	6.426	50.246	0.311	0.834	6000.0
14	16.76	57.549	6.588	52.946	0.302	0.824	6000.0
15	18.107	62.024	6.888	53.386	0.349	0.829	6000.0
16	18.109	62.071	6.715	53.412	0.33	0.823	6000.0
17	17.607	60.242	6.999	55.514	0.345	0.802	6000.0
18	17.411	59.785	6.541	52.812	0.316	0.822	6000.0
19	18.235	62.435	7.137	55.839	0.364	0.809	6000.0
20	17.717	60.776	6.848	54.211	0.349	0.81	6000.0
21	17.539	60.171	6.865	55.043	0.317	0.813	6000.0
22	17.707	60.706	6.803	54.664	0.347	0.816	6000.0
23	17.978	61.475	6.629	53.021	0.335	0.829	6000.0
24	18.414	63.092	6.791	54.834	0.34	0.808	6000.0
25	17.081	58.617	6.443	52.722	0.351	0.824	6000.0
26	17.595	60.12	6.939	53.47	0.325	0.822	6000.0
27	16.429	56.312	6.507	51.779	0.293	0.84	6000.0
28	18.557	63.642	7.073	56.383	0.357	0.806	6000.0
29	18.444	63.181	7.507	58.563	0.374	0.78	6000.0
30	19.493	66.756	7.351	57.704	0.379	0.787	6000.0
31	16.869	57.722	6.769	53.656	0.313	0.82	6000.0
32	18.118	61.988	6.741	54.238	0.337	0.814	6000.0
33	17.302	59.164	6.745	52.545	0.304	0.828	6000.0
34	15.713	53.934	6.158	51.13	0.296	0.837	6000.0
35	16.617	57.041	6.293	52.186	0.327	0.826	6000.0
36	17.378	59.523	6.886	52.887	0.291	0.825	6000.0
37	20.103	68.962	7.611	59.886	0.42	0.769	6000.0
38	19.107	65.355	7.073	55.363	0.342	0.806	6000.0
39	17.729	60.665	6.491	53.179	0.334	0.821	6000.0
40	16.987	58.383	6.981	55.583	0.333	0.803	6000.0
41	16.753	57.493	6.678	53.391	0.343	0.819	6000.0
42	19.468	66.715	7.345	58.014	0.377	0.782	6000.0
43	18.287	62.673	6.991	55.578	0.335	0.81	6000.0
44	18.971	65.0	7.65	57.654	0.378	0.785	6000.0
45	20.689	70.841	7.863	60.468	0.413	0.764	6000.0
46	18.699	64.002	7.461	56.125	0.347	0.797	6000.0
47	19.142	65.669	7.264	57.811	0.352	0.789	6000.0
48	19.774	67.777	7.729	57.856	0.406	0.791	6000.0
49	18.388	62.901	7.805	59.175	0.373	0.779	6000.0
50	19.638	67.319	7.632	60.125	0.378	0.774	6000.0
51	17.699	60.612	6.775	54.048	0.348	0.815	6000.0
52	19.113	65.419	7.511	59.068	0.382	0.779	6000.0
53	18.464	63.214	6.815	55.986	0.337	0.798	6000.0
54	16.271	55.708	6.375	52.289	0.296	0.828	6000.0
55	16.794	57.61	6.345	51.681	0.293	0.833	6000.0
56	18.577	63.546	7.396	57.566	0.375	0.791	6000.0
57	18.768	64.298	7.948	58.888	0.381	0.788	6000.0
58	18.226	62.564	6.857	54.661	0.346	0.814	6000.0
59	17.627	60.314	6.688	53.953	0.336	0.819	6000.0
60	16.549	56.723	6.898	53.265	0.306	0.821	6000.0
61	19.778	67.619	7.72	58.573	0.389	0.785	6000.0
62	17.139	58.655	6.631	52.158	0.319	0.834	6000.0
63	17.236	59.07	6.633	53.874	0.322	0.815	6000.0
64	16.697	57.332	6.733	53.627	0.334	0.813	6000.0
65	19.687	67.462	7.348	57.246	0.364	0.8	6000.0
66	19.145	65.676	7.208	57.683	0.394	0.79	6000.0
67	18.072	61.869	7.157	55.748	0.334	0.805	6000.0
68	18.517	63.453	6.998	57.304	0.372	0.784	6000.0
69	17.299	59.248	6.726	53.456	0.334	0.818	6000.0
70	18.548	63.653	7.53	57.458	0.35	0.791	6000.0
71	17.629	60.542	6.932	56.091	0.346	0.799	6000.0
72	18.114	62.175	6.863	55.171	0.341	0.804	6000.0
73	17.722	60.764	7.057	54.76	0.335	0.809	6000.0
74	18.414	63.092	7.204	57.807	0.357	0.787	6000.0
75	18.62	63.629	7.052	55.728	0.374	0.798	6000.0
76	18.836	64.653	7.154	56.742	0.379	0.796	6000.0
77	18.475	63.434	7.355	57.055	0.362	0.797	6000.0
78	19.732	67.634	7.745	60.518	0.397	0.773	6000.0
79	17.66	60.448	6.588	54.453	0.322	0.817	6000.0
80	19.201	65.815	7.271	56.494	0.379	0.792	6000.0
81	17.432	59.636	6.66	53.975	0.313	0.819	6000.0
82	17.851	61.212	6.613	53.229	0.345	0.822	6000.0
83	17.384	59.686	6.641	53.575	0.318	0.828	6000.0
84	18.951	64.997	7.425	57.316	0.389	0.794	6000.0
85	18.123	62.096	7.085	56.558	0.345	0.798	6000.0
86	19.12	65.524	7.618	57.76	0.394	0.788	6000.0
87	16.312	55.979	6.384	51.795	0.311	0.835	6000.0
88	16.974	58.017	6.539	53.492	0.319	0.818	6000.0
89	18.426	62.981	7.142	55.956	0.334	0.803	6000.0
90	18.151	62.252	6.981	56.971	0.328	0.796	6000.0
91	17.933	61.286	6.979	54.317	0.35	0.81	6000.0
92	15.116	51.713	5.998	48.414	0.261	0.854	6000.0
93	16.57	56.655	6.157	50.508	0.301	0.844	6000.0
94	16.037	55.01	6.365	51.53	0.316	0.826	6000.0
95	19.622	67.205	7.549	58.564	0.395	0.789	6000.0
96	17.574	60.064	7.015	55.112	0.335	0.812	6000.0
97	18.538	63.621	7.24	56.651	0.369	0.794	6000.0
98	15.979	54.749	6.004	49.022	0.285	0.851	6000.0
99	17.393	59.608	6.913	54.144	0.319	0.811	6000.0
100	16.733	57.333	6.237	50.512	0.3	0.834	6000.0
101	17.905	61.203	6.769	54.725	0.342	0.806	6000.0
102	17.603	60.462	6.682	54.966	0.338	0.799	6000.0
103	19.016	64.954	7.393	57.001	0.372	0.795	6000.0
104	16.182	55.485	6.057	49.377	0.312	0.852	6000.0
105	15.9	54.514	6.075	50.404	0.266	0.841	6000.0
106	17.946	61.478	6.581	54.049	0.314	0.82	6000.0
107	18.562	63.582	6.893	56.669	0.373	0.792	6000.0
108	16.159	55.444	6.374	49.94	0.288	0.847	6000.0
109	19.775	67.781	7.423	58.572	0.378	0.781	6000.0
110	17.981	61.48	6.831	54.139	0.368	0.811	6000.0
111	18.017	61.561	6.935	56.159	0.352	0.8	6000.0
112	18.092	61.914	7.052	56.703	0.36	0.797	6000.0
113	21.359	73.119	8.081	62.624	0.425	0.755	6000.0
114	17.795	60.885	6.663	53.091	0.356	0.823	6000.0
115	19.525	66.984	7.582	58.107	0.407	0.787	6000.0
116	17.721	60.706	6.654	53.549	0.342	0.818	6000.0
117	19.373	66.437	7.368	56.334	0.404	0.799	6000.0
118	15.951	54.653	5.777	47.819	0.266	0.862	6000.0
119	17.798	61.003	6.766	53.286	0.342	0.823	6000.0
120	18.119	62.169	6.805	54.981	0.347	0.808	6000.0
121	16.329	55.959	6.102	50.24	0.296	0.844	6000.0
122	18.366	62.958	7.271	57.476	0.353	0.784	6000.0
123	15.733	53.898	6.06	48.326	0.27	0.857	6000.0
124	18.866	64.608	7.268	56.062	0.349	0.809	6000.0
125	16.769	57.478	6.946	53.777	0.347	0.812	6000.0
126	19.058	65.256	7.656	58.915	0.378	0.779	6000.0
127	18.679	64.006	7.193	56.342	0.37	0.805	6000.0
128	20.205	69.283	7.945	59.31	0.381	0.774	6000.0
129	15.987	54.709	6.203	48.975	0.274	0.86	6000.0
130	17.806	60.929	7.168	54.159	0.311	0.824	6000.0
131	17.912	61.295	7.057	55.017	0.326	0.813	6000.0
132	17.411	59.581	7.154	55.874	0.335	0.805	6000.0
133	18.842	64.438	7.092	56.836	0.368	0.794	6000.0
134	19.266	65.999	7.937	58.912	0.355	0.783	6000.0
135	16.31	56.063	6.186	51.53	0.331	0.831	6000.0
136	17.68	60.674	6.682	54.053	0.334	0.816	6000.0
137	18.029	61.86	6.947	54.588	0.334	0.811	6000.0
138	17.668	60.457	6.533	53.0	0.337	0.822	6000.0
139	19.455	66.561	7.668	58.517	0.381	0.79	6000.0
140	19.812	67.826	7.862	58.415	0.366	0.783	6000.0
141	18.798	64.403	7.516	56.858	0.351	0.796	6000.0
142	18.334	62.862	7.008	55.297	0.347	0.816	6000.0
143	17.875	61.12	7.3	56.82	0.345	0.799	6000.0
144	17.896	61.106	7.198	54.964	0.316	0.81	6000.0
145	18.196	62.276	6.731	54.734	0.335	0.809	6000.0
146	18.44	63.349	7.252	56.258	0.369	0.797	6000.0
147	20.53	70.384	8.184	62.536	0.429	0.751	6000.0
148	18.026	61.823	7.147	55.78	0.318	0.806	6000.0
149	16.735	57.184	6.641	53.528	0.312	0.818	6000.0
150	20.422	69.785	7.882	60.495	0.401	0.764	6000.0
151	17.928	61.391	6.663	53.922	0.341	0.814	6000.0
152	20.136	68.81	7.786	59.622	0.401	0.764	6000.0
153	16.57	56.518	6.441	51.536	0.304	0.831	6000.0
154	18.213	62.427	7.265	56.712	0.358	0.799	6000.0
155	17.199	58.724	6.632	51.75	0.317	0.829	6000.0
156	16.639	56.952	6.9	53.068	0.281	0.824	6000.0
157	17.485	59.764	6.832	53.146	0.316	0.825	6000.0
158	18.03	61.835	6.723	54.649	0.325	0.813	6000.0
159	18.872	64.764	7.413	58.831	0.362	0.782	6000.0
160	18.003	61.629	6.792	54.823	0.348	0.809	6000.0
161	17.704	60.484	7.083	55.727	0.33	0.807	6000.0
162	19.913	68.358	7.719	58.485	0.388	0.775	6000.0
163	18.348	62.827	7.321	56.865	0.373	0.798	6000.0
164	17.397	59.656	6.956	54.427	0.314	0.818	6000.0
165	18.757	64.328	7.291	58.792	0.339	0.778	6000.0
166	16.413	56.122	6.125	49.514	0.307	0.846	6000.0
167	19.099	65.263	7.309	54.871	0.386	0.812	6000.0
168	16.331	55.84	6.024	48.584	0.29	0.856	6000.0
169	20.033	68.653	7.53	59.174	0.381	0.785	6000.0
170	18.869	64.667	7.067	55.177	0.368	0.811	6000.0
171	17.828	61.22	6.663	53.209	0.346	0.828	6000.0
172	16.297	55.872	6.386	51.552	0.325	0.83	6000.0
173	16.542	56.663	6.344	51.569	0.29	0.833	6000.0
174	18.643	63.908	7.072	55.622	0.349	0.808	6000.0
175	15.544	53.239	5.711	47.791	0.292	0.857	6000.0
176	18.001	61.542	6.736	55.18	0.358	0.803	6000.0
177	17.515	59.951	6.834	54.554	0.337	0.819	6000.0
178	18.387	63.119	6.849	53.971	0.375	0.809	6000.0
179	16.41	56.225	6.251	50.466	0.297	0.842	6000.0
180	17.597	60.09	6.796	54.169	0.314	0.817	6000.0
181	17.539	60.125	6.765	52.899	0.365	0.829	6000.0
182	16.879	57.888	6.442	52.57	0.315	0.826	6000.0
183	18.796	64.443	7.194	56.699	0.36	0.797	6000.0
184	18.603	63.715	7.272	56.657	0.337	0.8	6000.0
185	18.422	63.054	7.078	56.496	0.379	0.796	6000.0
186	17.753	60.836	6.998	53.487	0.347	0.823	6000.0
187	18.912	64.601	7.776	57.227	0.356	0.794	6000.0
188	16.987	58.241	6.153	50.077	0.313	0.842	6000.0
189	17.515	60.041	6.687	54.365	0.339	0.81	6000.0
190	18.499	63.329	7.029	56.27	0.339	0.81	6000.0
191	17.67	60.534	7.085	54.495	0.328	0.815	6000.0
192	17.701	60.642	6.992	55.519	0.333	0.799	6000.0
193	19.412	66.441	7.16	56.753	0.347	0.799	6000.0
194	16.948	58.219	6.454	49.008	0.298	0.856	6000.0
195	19.692	67.452	7.417	58.718	0.404	0.781	6000.0
196	16.746	57.45	6.856	54.519	0.306	0.819	6000.0
197	19.072	65.239	7.412	56.664	0.389	0.796	6000.0
198	18.082	62.191	6.996	54.74	0.355	0.805	6000.0
199	19.355	66.206	7.671	58.449	0.368	0.782	6000.0
200	16.53	56.43	6.428	50.584	0.294	0.85	6000.0
201	18.272	62.732	7.105	55.383	0.367	0.806	6000.0
202	18.362	62.998	7.236	56.218	0.387	0.792	6000.0
203	18.479	63.42	7.486	56.684	0.35	0.795	6000.0
204	16.593	56.919	6.427	52.169	0.302	0.83	6000.0
205	17.202	59.117	6.606	52.421	0.343	0.816	6000.0
206	19.038	65.124	7.423	57.112	0.356	0.799	6000.0
207	18.224	62.428	7.423	56.237	0.369	0.803	6000.0
208	18.413	63.154	7.201	56.253	0.366	0.793	6000.0
209	18.395	63.129	7.077	55.199	0.347	0.806	6000.0
210	15.396	52.927	5.95	50.761	0.286	0.829	6000.0
211	18.544	63.687	6.788	55.341	0.37	0.807	6000.0
212	20.363	69.664	8.426	61.488	0.426	0.768	6000.0
213	18.106	62.107	6.947	54.85	0.348	0.814	6000.0
214	17.683	60.5	6.81	54.5	0.338	0.811	6000.0
215	19.066	65.327	7.396	56.234	0.371	0.793	6000.0
216	17.703	60.514	6.858	54.04	0.301	0.817	6000.0
217	17.314	59.385	7.044	55.297	0.322	0.806	6000.0
218	18.66	63.938	6.965	56.518	0.357	0.798	6000.0
219	19.373	66.128	7.524	57.448	0.377	0.794	6000.0
220	16.496	56.392	6.604	52.126	0.297	0.832	6000.0
221	19.689	67.349	7.949	59.562	0.385	0.771	6000.0
222	19.435	66.62	7.711	58.679	0.388	0.774	6000.0
223	19.413	66.58	7.543	59.83	0.395	0.772	6000.0
224	18.033	61.924	7.017	55.858	0.352	0.792	6000.0
225	17.768	61.038	6.704	53.751	0.324	0.818	6000.0
226	17.377	59.477	7.082	54.063	0.315	0.812	6000.0
227	15.243	52.19	6.238	49.297	0.263	0.855	6000.0
228	17.098	58.517	6.69	53.988	0.33	0.82	6000.0
229	16.346	55.931	6.318	50.816	0.292	0.829	6000.0
230	17.773	60.78	6.858	53.884	0.314	0.82	6000.0
231	18.383	63.115	7.327	54.208	0.327	0.817	6000.0
232	19.096	65.384	7.368	58.158	0.37	0.778	6000.0
233	18.451	63.356	7.425	55.812	0.329	0.809	6000.0
234	19.478	66.703	7.754	59.361	0.359	0.775	6000.0
235	19.296	66.169	7.566	57.936	0.37	0.787	6000.0
236	18.796	64.305	7.203	56.914	0.364	0.799	6000.0
237	19.214	65.721	7.173	56.948	0.373	0.792	6000.0
238	17.392	59.537	6.925	53.827	0.335	0.815	6000.0
239	17.872	61.343	6.834	54.374	0.316	0.809	6000.0
240	21.408	73.165	9.009	64.629	0.446	0.734	6000.0
241	17.878	61.219	6.974	56.129	0.33	0.803	6000.0
242	18.434	63.084	7.182	57.305	0.356	0.798	6000.0
243	17.504	59.944	6.74	53.811	0.328	0.812	6000.0
244	21.39	73.344	8.54	63.71	0.461	0.735	6000.0
245	18.122	62.164	6.947	55.733	0.328	0.803	6000.0
246	18.099	62.066	7.13	55.683	0.341	0.804	6000.0
247	18.499	63.354	7.084	57.249	0.383	0.796	6000.0
248	19.801	67.78	7.516	57.703	0.364	0.789	6000.0
249	18.004	61.734	6.76	54.701	0.338	0.81	6000.0
250	18.957	64.976	7.722	58.832	0.389	0.777	6000.0
251	17.055	58.469	6.997	54.589	0.31	0.813	6000.0
252	18.585	63.621	6.955	55.866	0.339	0.808	6000.0
253	17.881	61.256	6.944	53.492	0.329	0.821	6000.0
254	18.341	62.817	6.889	54.362	0.345	0.821	6000.0
255	18.001	61.704	6.647	54.144	0.339	0.812	6000.0
256	19.425	66.454	7.416	57.011	0.393	0.793	6000.0
257	17.266	59.197	7.084	52.634	0.325	0.834	6000.0
258	17.859	61.272	7.109	56.37	0.351	0.794	6000.0
259	17.955	61.446	6.785	54.708	0.341	0.808	6000.0
260	18.291	62.676	6.827	54.698	0.364	0.811	6000.0
261	19.664	67.21	7.464	58.63	0.394	0.782	6000.0
262	17.57	60.107	6.892	51.461	0.337	0.834	6000.0
263	20.115	68.919	7.646	59.872	0.407	0.766	6000.0
264	18.53	63.665	7.465	57.76	0.372	0.784	6000.0
265	19.113	65.607	7.833	60.111	0.372	0.767	6000.0
266	18.928	64.815	7.413	58.442	0.373	0.787	6000.0
267	18.799	64.428	7.239	57.776	0.344	0.79	6000.0
268	17.974	61.536	7.132	55.213	0.343	0.803	6000.0
269	18.255	62.379	7.135	53.888	0.345	0.82	6000.0
270	18.349	62.95	7.294	56.989	0.345	0.791	6000.0
271	18.828	64.451	7.017	55.7	0.348	0.799	6000.0
272	17.427	59.598	6.517	54.1	0.33	0.814	6000.0
273	19.294	65.912	8.094	58.355	0.383	0.785	6000.0
274	16.979	58.132	6.813	52.886	0.326	0.822	6000.0
275	17.743	60.907	6.855	54.982	0.334	0.814	6000.0
276	17.568	60.182	6.98	53.556	0.346	0.813	6000.0
277	15.968	54.717	6.183	50.455	0.299	0.847	6000.0
278	16.071	55.167	6.334	51.295	0.299	0.839	6000.0
279	17.501	60.096	6.548	53.686	0.324	0.817	6000.0
280	17.474	59.771	6.632	53.371	0.347	0.825	6000.0
281	18.889	64.708	7.367	58.226	0.376	0.78	6000.0
282	17.542	60.313	6.876	55.386	0.343	0.801	6000.0
283	17.968	61.533	6.944	54.759	0.344	0.807	6000.0
284	18.507	63.567	7.562	56.882	0.38	0.786	6000.0
285	19.253	65.992	7.485	57.8	0.382	0.788	6000.0
286	18.2	62.422	6.861	56.16	0.364	0.797	6000.0
287	17.723	60.633	6.787	52.965	0.313	0.824	6000.0
288	17.292	59.204	6.528	53.015	0.305	0.822	6000.0
289	16.295	55.93	6.257	49.917	0.296	0.837	6000.0
290	16.283	55.829	6.373	50.1	0.299	0.84	6000.0
291	19.04	65.244	7.377	56.106	0.369	0.807	6000.0
292	17.814	61.147	6.873	55.501	0.343	0.805	6000.0
293	16.447	56.331	6.536	53.705	0.295	0.82	6000.0
294	18.663	63.884	7.311	58.04	0.382	0.777	6000.0
295	17.729	60.763	6.822	56.112	0.35	0.794	6000.0
296	19.943	68.181	8.17	60.597	0.413	0.773	6000.0
297	17.894	61.338	7.01	55.932	0.342	0.794	6000.0
298	17.992	61.656	7.101	52.826	0.343	0.841	6000.0
299	18.038	61.796	6.879	55.283	0.344	0.805	6000.0
300	20.59	70.535	8.562	63.396	0.438	0.741	6000.0
301	19.867	67.982	8.149	60.495	0.451	0.764	6000.0
302	20.612	70.775	7.797	59.114	0.408	0.778	6000.0
303	18.132	62.205	7.047	55.056	0.343	0.813	6000.0
304	18.372	62.869	6.864	55.771	0.364	0.804	6000.0
305	17.692	60.689	6.916	55.002	0.327	0.812	6000.0
306	17.169	58.843	6.381	51.726	0.31	0.831	6000.0
307	20.542	70.288	7.844	61.599	0.426	0.758	6000.0
308	16.633	57.019	6.354	50.036	0.303	0.845	6000.0
309	19.018	65.07	7.303	57.056	0.393	0.794	6000.0
310	16.281	55.897	6.224	50.457	0.284	0.841	6000.0
311	17.665	60.753	6.579	53.26	0.317	0.823	6000.0
312	18.922	64.725	7.27	58.081	0.37	0.78	6000.0
313	19.727	67.503	7.79	59.849	0.394	0.775	6000.0
314	19.208	65.947	7.649	59.467	0.367	0.779	6000.0
315	18.875	64.73	6.807	55.021	0.359	0.804	6000.0
316	17.363	59.566	6.414	52.266	0.318	0.829	6000.0
317	16.534	56.695	6.482	51.515	0.319	0.828	6000.0
318	16.318	55.989	6.293	50.56	0.305	0.843	6000.0
319	19.147	65.619	7.353	57.963	0.378	0.791	6000.0
320	18.942	65.01	7.544	56.952	0.384	0.8	6000.0
321	17.416	59.658	6.613	55.238	0.313	0.805	6000.0
322	19.344	66.248	7.499	56.696	0.38	0.802	6000.0
323	17.864	61.28	7.027	54.014	0.327	0.819	6000.0
324	17.741	60.703	7.15	55.129	0.302	0.81	6000.0
325	18.153	62.07	6.508	54.566	0.348	0.811	6000.0
326	18.799	64.256	7.166	55.627	0.337	0.805	6000.0
327	19.219	65.684	7.913	56.769	0.382	0.803	6000.0
328	17.787	60.837	7.162	54.645	0.355	0.807	6000.0
329	20.805	71.23	8.167	61.996	0.433	0.763	6000.0
330	19.203	65.761	7.635	57.614	0.368	0.789	6000.0
331	19.255	65.815	7.747	58.008	0.369	0.78	6000.0
332	18.386	62.894	7.308	56.445	0.359	0.792	6000.0
333	16.641	57.026	6.62	52.133	0.306	0.842	6000.0
334	17.253	59.052	6.418	53.003	0.325	0.827	6000.0
335	16.652	57.03	6.569	50.549	0.349	0.838	6000.0
336	18.726	63.93	7.323	58.087	0.383	0.786	6000.0
337	18.227	62.596	6.857	52.568	0.342	0.828	6000.0
338	18.07	61.867	7.429	56.469	0.355	0.796	6000.0
339	18.733	64.078	7.435	56.661	0.356	0.798	6000.0
340	17.811	61.109	6.998	55.983	0.339	0.802	6000.0
341	20.018	68.508	7.655	58.434	0.377	0.784	6000.0
342	17.216	58.957	6.768	55.485	0.314	0.807	6000.0
343	17.012	58.267	6.444	52.695	0.318	0.828	6000.0
344	15.533	53.293	6.29	51.717	0.264	0.832	6000.0
345	19.603	67.214	7.775	60.729	0.381	0.771	6000.0
346	17.691	60.594	6.701	53.64	0.343	0.82	6000.0
347	19.673	67.492	7.933	59.602	0.386	0.782	6000.0
348	17.231	59.011	6.689	50.762	0.318	0.843	6000.0
349	18.391	63.077	6.957	56.535	0.352	0.798	6000.0
350	18.303	62.761	6.943	54.994	0.368	0.808	6000.0
351	17.079	58.561	6.618	52.609	0.32	0.827	6000.0
352	20.169	69.199	7.421	56.843	0.381	0.79	6000.0
353	16.619	56.871	6.418	52.024	0.314	0.82	6000.0
354	16.316	55.749	6.229	49.674	0.311	0.843	6000.0
355	20.252	69.333	7.778	59.769	0.393	0.766	6000.0
356	17.84	61.102	6.793	53.665	0.319	0.817	6000.0
357	16.257	55.685	6.392	52.633	0.304	0.822	6000.0
358	17.129	58.733	6.686	53.47	0.317	0.816	6000.0
359	19.313	65.987	7.816	57.545	0.376	0.779	6000.0
360	17.374	59.464	6.672	51.853	0.313	0.839	6000.0
361	19.148	65.662	7.244	58.084	0.383	0.789	6000.0
362	18.401	63.026	6.745	54.06	0.342	0.816	6000.0
363	19.009	65.037	7.488	56.467	0.372	0.794	6000.0
364	17.268	58.972	6.552	51.527	0.323	0.83	6000.0
365	15.166	52.01	5.984	48.413	0.312	0.846	6000.0
366	17.347	59.342	6.672	52.937	0.327	0.818	6000.0
367	18.119	62.06	7.064	56.22	0.329	0.802	6000.0
368	18.236	62.306	6.946	55.74	0.342	0.799	6000.0
369	17.449	59.767	7.106	56.056	0.337	0.801	6000.0
370	18.121	62.124	7.244	56.613	0.351	0.79	6000.0
371	18.427	63.1	7.17	57.48	0.345	0.79	6000.0
372	18.229	62.456	6.889	53.288	0.372	0.822	6000.0
373	17.673	60.558	7.03	53.598	0.36	0.824	6000.0
374	18.242	62.579	7.215	56.997	0.329	0.794	6000.0
375	17.476	59.813	7.171	54.25	0.303	0.812	6000.0
376	17.153	58.852	6.473	53.649	0.355	0.811	6000.0
377	18.993	64.841	7.514	57.068	0.364	0.798	6000.0
378	19.883	68.132	7.843	60.282	0.389	0.764	6000.0
379	18.84	64.661	7.627	59.006	0.377	0.775	6000.0
380	16.292	55.838	5.984	49.318	0.295	0.849	6000.0
381	19.228	65.819	7.134	56.622	0.346	0.796	6000.0
382	17.288	59.354	6.564	53.543	0.32	0.824	6000.0
383	16.587	56.785	6.153	50.617	0.302	0.842	6000.0
384	18.596	63.542	7.365	55.876	0.387	0.789	6000.0
385	19.572	67.193	7.482	58.981	0.373	0.769	6000.0
386	17.882	61.336	7.023	55.857	0.345	0.796	6000.0
387	17.003	58.226	6.663	53.198	0.335	0.818	6000.0
388	16.974	58.111	6.499	52.698	0.331	0.82	6000.0
389	17.318	59.295	6.868	56.147	0.331	0.806	6000.0
390	17.694	60.597	6.786	54.351	0.329	0.806	6000.0
391	18.821	64.621	7.098	56.881	0.365	0.79	6000.0
392	20.985	71.912	8.266	61.128	0.406	0.766	6000.0
393	17.184	58.796	6.44	51.656	0.318	0.836	6000.0
394	19.277	66.028	7.747	58.411	0.372	0.779	6000.0
395	19.131	65.435	7.33	56.591	0.342	0.801	6000.0
396	16.651	57.171	6.642	50.304	0.297	0.843	6000.0
397	18.864	64.417	7.039	55.543	0.375	0.802	6000.0
398	19.292	66.062	7.899	57.831	0.385	0.794	6000.0
399	19.649	67.435	7.588	58.006	0.4	0.79	6000.0
400	17.422	59.712	6.669	53.871	0.336	0.809	6000.0
401	17.842	61.124	6.834	55.415	0.331	0.806	6000.0
402	18.429	63.208	7.053	56.7	0.371	0.793	6000.0
403	17.901	61.428	6.897	54.568	0.346	0.818	6000.0
404	19.632	67.369	7.25	56.68	0.424	0.792	6000.0
405	18.242	62.409	7.059	55.343	0.343	0.808	6000.0
406	17.268	59.107	6.636	53.218	0.338	0.826	6000.0
407	18.203	62.505	6.818	55.148	0.347	0.808	6000.0
408	17.714	60.488	6.746	55.057	0.339	0.811	6000.0
409	17.257	59.061	6.895	53.254	0.334	0.829	6000.0
410	17.674	60.444	7.21	54.441	0.322	0.82	6000.0
411	18.979	65.13	6.928	55.425	0.356	0.798	6000.0
412	19.15	65.54	7.477	58.248	0.354	0.788	6000.0
413	18.542	63.587	7.076	56.713	0.342	0.8	6000.0
414	16.7	57.223	6.412	52.219	0.293	0.833	6000.0
415	15.352	52.642	5.971	47.807	0.26	0.859	6000.0
416	19.225	65.884	7.321	59.021	0.368	0.782	6000.0
417	20.092	68.568	7.432	58.395	0.38	0.778	6000.0
418	17.68	60.619	6.798	54.408	0.353	0.815	6000.0
419	17.761	60.984	7.161	55.832	0.348	0.799	6000.0
420	18.035	61.814	6.828	54.448	0.358	0.808	6000.0
421	15.894	54.414	6.181	49.91	0.322	0.841	6000.0
422	18.962	65.121	7.154	55.362	0.349	0.805	6000.0
423	16.597	56.765	6.624	53.568	0.315	0.824	6000.0
424	17.919	61.35	6.759	53.778	0.345	0.818	6000.0
425	19.593	67.05	7.664	57.246	0.377	0.794	6000.0
426	19.504	67.008	7.226	57.116	0.375	0.788	6000.0
427	19.04	65.384	7.923	57.045	0.373	0.786	6000.0
428	19.411	66.672	7.309	56.843	0.39	0.794	6000.0
429	16.666	56.909	6.45	52.386	0.307	0.827	6000.0
430	16.992	58.195	6.653	53.048	0.31	0.819	6000.0
431	17.446	59.79	6.551	53.049	0.322	0.824	6000.0
432	18.721	64.238	7.274	56.859	0.355	0.796	6000.0
433	17.899	61.227	6.99	55.085	0.316	0.809	6000.0
434	17.375	59.486	6.703	53.292	0.3	0.826	6000.0
435	18.782	64.359	7.262	56.562	0.358	0.8	6000.0
436	21.246	72.889	7.912	59.626	0.463	0.762	6000.0
437	17.231	59.242	7.057	54.642	0.324	0.807	6000.0
438	19.319	66.072	7.124	55.863	0.394	0.801	6000.0
439	18.926	64.785	7.421	57.643	0.395	0.786	6000.0
440	17.671	60.537	6.854	54.948	0.338	0.811	6000.0
441	21.271	72.871	8.431	63.87	0.427	0.733	6000.0
442	20.28	69.596	7.809	60.155	0.424	0.768	6000.0
443	19.659	67.335	7.554	57.805	0.403	0.786	6000.0
444	18.069	61.89	6.617	54.855	0.334	0.809	6000.0
445	17.414	59.808	6.761	51.967	0.329	0.833	6000.0
446	19.007	65.254	7.753	59.64	0.392	0.779	6000.0
447	19.949	68.43	7.792	58.321	0.413	0.789	6000.0
448	19.513	66.931	7.36	59.008	0.361	0.783	6000.0
449	17.507	60.016	6.949	54.482	0.319	0.812	6000.0
450	19.707	67.463	7.533	58.823	0.381	0.778	6000.0
451	20.638	70.717	7.906	60.555	0.42	0.756	6000.0
452	17.946	61.554	7.032	57.134	0.334	0.796	6000.0
453	20.609	70.572	8.299	62.137	0.397	0.752	6000.0
454	18.518	63.531	7.337	57.577	0.361	0.794	6000.0
455	18.637	63.875	7.29	56.459	0.339	0.795	6000.0
456	17.993	61.685	6.784	53.96	0.337	0.814	6000.0
457	19.205	65.742	7.357	54.813	0.376	0.817	6000.0
458	17.82	60.963	6.7	53.324	0.311	0.824	6000.0
459	19.277	65.966	7.174	57.035	0.344	0.794	6000.0
460	17.768	60.752	6.887	54.351	0.331	0.819	6000.0
461	19.243	66.105	7.566	59.027	0.378	0.774	6000.0
462	18.276	62.619	6.795	55.034	0.35	0.808	6000.0
463	19.654	67.273	7.406	57.805	0.354	0.78	6000.0
464	19.849	68.028	7.465	58.311	0.37	0.787	6000.0
465	17.055	58.579	6.98	55.149	0.321	0.802	6000.0
466	17.785	60.862	6.937	55.738	0.354	0.802	6000.0
467	17.964	61.423	6.959	54.887	0.339	0.814	6000.0
468	18.758	64.111	7.799	59.904	0.359	0.771	6000.0
469	17.247	58.882	7.317	54.923	0.359	0.803	6000.0
470	18.644	63.737	7.47	59.449	0.374	0.772	6000.0
471	18.581	63.932	7.184	57.399	0.359	0.786	6000.0
472	18.38	62.955	7.051	55.359	0.357	0.805	6000.0
473	15.439	52.941	5.853	46.491	0.278	0.868	6000.0
474	18.151	62.14	7.292	55.025	0.356	0.805	6000.0
475	19.159	65.472	7.287	56.479	0.384	0.805	6000.0
476	15.933	54.528	5.894	48.226	0.272	0.859	6000.0
477	19.286	66.168	7.268	57.636	0.356	0.785	6000.0
478	19.875	68.05	7.987	60.385	0.395	0.778	6000.0
479	20.037	68.449	7.604	58.164	0.406	0.788	6000.0
480	17.14	58.623	7.169	55.653	0.337	0.802	6000.0
481	17.667	60.418	6.651	54.898	0.341	0.806	6000.0
482	18.165	62.237	7.303	57.233	0.329	0.794	6000.0
483	17.937	61.584	6.554	52.586	0.367	0.822	6000.0
484	17.573	59.99	6.978	53.656	0.334	0.806	6000.0
485	18.086	62.042	6.441	54.008	0.354	0.815	6000.0
486	15.894	54.357	6.179	49.152	0.272	0.853	6000.0
487	15.262	52.234	5.633	45.407	0.283	0.874	6000.0
488	18.042	61.804	6.736	54.71	0.357	0.812	6000.0
489	18.475	63.415	7.469	58.016	0.329	0.786	6000.0
490	19.185	65.613	7.498	58.496	0.374	0.785	6000.0
491	17.095	58.601	6.631	53.998	0.324	0.817	6000.0
492	15.899	54.35	5.97	49.78	0.253	0.843	6000.0
493	17.748	60.715	6.876	55.74	0.352	0.801	6000.0
494	18.337	62.74	7.079	56.279	0.376	0.796	6000.0
495	17.576	60.085	7.067	54.638	0.356	0.814	6000.0
496	19.883	68.135	8.018	60.341	0.405	0.761	6000.0
497	19.667	67.305	7.922	59.908	0.396	0.774	6000.0
498	17.962	61.608	7.582	57.358	0.37	0.786	6000.0
499	18.433	63.127	7.204	56.805	0.345	0.804	6000.0
500	16.509	56.492	6.091	50.799	0.32	0.832	6000.0
501	19.208	65.896	7.491	56.864	0.418	0.789	6000.0
502	17.517	60.14	6.799	53.398	0.308	0.822	6000.0
503	14.654	50.321	5.589	45.744	0.247	0.87	6000.0
504	19.243	65.984	7.639	58.415	0.389	0.784	6000.0
505	16.244	55.715	6.258	52.285	0.276	0.824	6000.0
506	17.607	60.347	6.658	52.623	0.33	0.823	6000.0
507	18.403	62.998	6.864	55.917	0.349	0.8	6000.0
508	17.945	61.449	7.096	55.606	0.328	0.814	6000.0
509	17.974	61.616	6.881	54.846	0.35	0.806	6000.0
510	18.086	62.079	7.131	56.715	0.345	0.792	6000.0
511	19.596	67.047	7.526	57.179	0.36	0.805	6000.0
512	18.086	61.973	7.259	57.449	0.35	0.79	6000.0
513	16.264	55.679	6.181	49.897	0.294	0.842	6000.0
514	18.159	62.334	6.833	54.886	0.331	0.806	6000.0
515	18.757	64.27	7.611	58.601	0.352	0.788	6000.0
516	18.931	64.874	7.266	57.934	0.353	0.795	6000.0
517	18.322	62.565	7.657	56.808	0.372	0.789	6000.0
518	17.703	60.558	6.892	54.812	0.329	0.816	6000.0
519	18.614	63.878	7.283	57.287	0.349	0.79	6000.0
520	15.777	54.11	5.906	49.243	0.28	0.848	6000.0
521	17.36	59.398	7.066	54.692	0.33	0.814	6000.0
522	17.857	61.248	6.526	53.224	0.318	0.825	6000.0
523	18.801	64.455	7.78	57.161	0.366	0.804	6000.0
524	16.308	56.003	6.404	52.755	0.291	0.825	6000.0
525	18.339	62.93	7.565	58.563	0.377	0.776	6000.0
526	18.423	63.216	7.013	55.523	0.34	0.804	6000.0
527	18.02	61.736	6.997	54.263	0.34	0.813	6000.0
528	17.893	61.361	7.03	54.704	0.35	0.809	6000.0
529	18.242	62.469	7.387	56.298	0.369	0.793	6000.0
530	18.713	64.252	7.165	56.566	0.359	0.795	6000.0
531	19.666	67.594	7.322	57.185	0.384	0.784	6000.0
532	18.692	64.14	7.264	57.166	0.365	0.793	6000.0
533	18.909	64.876	7.448	56.624	0.388	0.789	6000.0
534	17.09	58.56	6.391	50.642	0.311	0.833	6000.0
535	17.465	59.922	6.989	53.879	0.311	0.829	6000.0
536	17.607	60.308	7.081	55.045	0.34	0.818	6000.0
537	22.461	76.944	8.552	64.097	0.47	0.74	6000.0
538	18.976	64.94	7.258	57.699	0.358	0.791	6000.0
539	20.663	70.784	8.331	62.743	0.438	0.746	6000.0
540	18.222	62.543	6.9	54.226	0.377	0.813	6000.0
541	18.002	61.776	6.875	56.099	0.357	0.8	6000.0
542	17.379	59.538	6.709	52.433	0.336	0.832	6000.0
543	18.572	63.595	7.28	56.77	0.374	0.798	6000.0
544	18.555	63.494	7.108	56.821	0.335	0.795	6000.0
545	19.889	68.252	7.65	59.778	0.419	0.769	6000.0
546	18.074	61.832	7.142	54.797	0.331	0.809	6000.0
547	16.57	56.655	6.909	51.184	0.302	0.834	6000.0
548	17.828	61.007	6.864	54.199	0.332	0.817	6000.0
549	18.277	62.675	7.096	55.587	0.355	0.804	6000.0
550	16.879	57.908	6.259	50.509	0.307	0.842	6000.0
551	18.202	62.416	6.839	55.586	0.324	0.805	6000.0
552	17.848	61.164	6.688	54.911	0.342	0.807	6000.0
553	18.139	62.085	6.933	53.919	0.354	0.817	6000.0
554	18.567	63.68	7.237	57.883	0.371	0.79	6000.0
555	17.797	60.882	6.471	52.917	0.344	0.817	6000.0
556	17.009	58.287	6.565	52.118	0.319	0.83	6000.0
557	17.199	59.104	6.47	54.219	0.339	0.807	6000.0
558	19.3	66.16	7.572	59.632	0.365	0.772	6000.0
559	17.394	59.604	6.493	53.174	0.319	0.812	6000.0
560	19.159	65.632	6.984	56.269	0.349	0.797	6000.0
561	17.881	61.22	6.833	54.963	0.368	0.805	6000.0
562	15.906	54.453	5.845	48.967	0.273	0.851	6000.0
563	16.436	56.453	6.594	53.431	0.286	0.817	6000.0
564	18.453	63.324	7.127	55.768	0.345	0.796	6000.0
565	18.354	62.773	6.959	55.247	0.371	0.809	6000.0
566	19.713	67.478	7.53	58.37	0.394	0.776	6000.0
567	17.733	60.819	6.915	54.696	0.334	0.814	6000.0
568	20.804	71.464	8.238	61.461	0.448	0.755	6000.0
569	19.791	67.743	7.749	59.071	0.397	0.781	6000.0
570	17.726	60.844	6.854	54.876	0.32	0.812	6000.0
571	18.22	62.35	6.981	54.398	0.326	0.81	6000.0
572	17.268	59.058	6.777	54.257	0.302	0.818	6000.0
573	16.482	56.419	6.401	52.093	0.309	0.825	6000.0
574	17.727	60.796	6.649	53.682	0.355	0.814	6000.0
575	17.073	58.433	6.457	52.946	0.319	0.821	6000.0
576	18.553	63.662	7.297	56.116	0.346	0.807	6000.0
577	18.892	64.628	6.845	57.007	0.345	0.79	6000.0
578	18.507	63.393	7.483	58.652	0.385	0.783	6000.0
579	16.629	57.056	6.367	51.796	0.281	0.835	6000.0
580	18.465	63.246	7.255	57.657	0.36	0.789	6000.0
581	19.214	65.861	7.751	58.67	0.384	0.785	6000.0
582	18.359	62.882	6.929	54.859	0.375	0.81	6000.0
583	16.804	57.638	6.824	53.063	0.293	0.828	6000.0
584	17.313	59.348	6.848	54.558	0.318	0.812	6000.0
585	17.075	58.455	6.682	53.862	0.313	0.811	6000.0
586	17.541	60.082	6.694	53.573	0.327	0.816	6000.0
587	18.163	62.319	7.025	55.65	0.332	0.807	6000.0
588	17.557	60.138	6.872	54.19	0.32	0.816	6000.0
589	15.063	51.514	5.886	48.242	0.256	0.856	6000.0
590	18.577	63.683	6.953	55.315	0.338	0.81	6000.0
591	17.842	61.115	6.891	54.364	0.337	0.818	6000.0
592	17.734	60.751	6.799	53.638	0.333	0.816	6000.0
593	19.102	65.553	7.62	59.522	0.386	0.769	6000.0
594	16.966	58.158	6.495	52.913	0.29	0.827	6000.0
595	19.753	67.646	7.764	58.593	0.41	0.782	6000.0
596	18.852	64.716	7.532	58.785	0.37	0.779	6000.0
597	19.577	66.97	7.648	58.223	0.398	0.784	6000.0
598	19.337	66.08	7.182	58.226	0.369	0.786	6000.0
599	16.793	57.584	6.385	51.626	0.309	0.83	6000.0
600	16.344	55.944	6.138	50.582	0.286	0.838	6000.0
601	20.74	70.813	8.067	60.889	0.429	0.767	6000.0
602	18.383	62.998	7.363	57.329	0.364	0.792	6000.0
603	19.166	65.783	7.244	56.302	0.383	0.805	6000.0
604	18.369	62.878	7.25	56.012	0.348	0.798	6000.0
605	19.413	66.437	7.446	58.521	0.38	0.781	6000.0
606	18.796	64.341	6.92	56.175	0.352	0.806	6000.0
607	19.013	65.131	7.223	55.544	0.377	0.806	6000.0
608	18.3	62.65	7.263	57.361	0.367	0.796	6000.0
609	17.18	58.925	6.619	54.065	0.328	0.814	6000.0
610	17.635	60.416	6.733	53.091	0.342	0.821	6000.0
611	18.62	63.918	6.878	56.054	0.361	0.795	6000.0
612	18.415	63.159	7.136	55.326	0.358	0.81	6000.0
613	17.618	60.352	6.474	52.096	0.304	0.833	6000.0
614	18.379	63.095	6.799	54.533	0.339	0.819	6000.0
615	19.67	67.436	7.523	59.661	0.422	0.773	6000.0
616	20.276	69.411	8.179	59.887	0.42	0.773	6000.0
617	17.996	61.819	6.817	53.914	0.371	0.808	6000.0
618	17.449	59.699	6.771	53.855	0.333	0.816	6000.0
619	16.969	58.274	6.834	54.772	0.329	0.808	6000.0
620	17.098	58.581	7.108	55.133	0.34	0.813	6000.0
621	19.906	68.238	7.988	60.284	0.385	0.78	6000.0
622	18.773	64.26	7.372	58.294	0.354	0.782	6000.0
623	19.572	66.95	7.536	59.076	0.379	0.776	6000.0
624	16.02	54.831	6.027	49.972	0.286	0.841	6000.0
625	19.031	65.122	7.175	57.62	0.375	0.786	6000.0
626	16.924	57.908	6.477	52.131	0.308	0.836	6000.0
627	17.231	59.138	6.986	54.523	0.339	0.809	6000.0
628	19.079	65.404	7.34	57.783	0.363	0.785	6000.0
629	18.667	63.844	7.138	55.467	0.337	0.809	6000.0
630	20.042	68.623	7.715	59.574	0.382	0.774	6000.0
631	17.088	58.478	6.92	53.434	0.321	0.824	6000.0
632	17.937	61.385	7.258	56.492	0.358	0.793	6000.0
633	18.12	61.985	7.207	55.956	0.357	0.804	6000.0
634	19.663	67.241	7.512	57.664	0.415	0.789	6000.0
635	18.484	63.359	7.068	56.949	0.338	0.795	6000.0
636	16.731	57.353	6.247	50.536	0.304	0.838	6000.0
637	19.996	68.594	7.895	59.475	0.418	0.771	6000.0
638	16.327	56.037	6.305	52.38	0.311	0.825	6000.0
639	18.705	64.105	7.406	58.786	0.376	0.774	6000.0
640	19.94	68.201	7.791	60.51	0.423	0.766	6000.0
641	18.129	62.096	7.333	55.827	0.344	0.806	6000.0
642	17.5	59.963	6.489	53.415	0.326	0.821	6000.0
643	17.642	60.55	6.959	54.097	0.325	0.808	6000.0
644	18.753	64.206	7.669	59.102	0.374	0.781	6000.0
645	17.307	59.332	6.905	51.758	0.323	0.825	6000.0
646	17.411	59.61	7.021	54.943	0.317	0.818	6000.0
647	18.946	64.691	7.1	55.607	0.363	0.801	6000.0
648	17.692	60.488	6.853	53.74	0.327	0.817	6000.0
649	18.92	64.835	7.077	55.421	0.356	0.806	6000.0
650	18.348	62.829	7.71	57.151	0.377	0.794	6000.0
651	19.555	66.974	7.924	60.453	0.406	0.768	6000.0
652	19.621	67.244	7.647	57.705	0.39	0.797	6000.0
653	17.29	59.307	6.757	53.048	0.308	0.829	6000.0
654	18.433	63.184	7.134	57.249	0.368	0.792	6000.0
655	17.277	59.281	6.987	55.045	0.304	0.819	6000.0
656	16.68	57.25	6.494	52.631	0.307	0.822	6000.0
657	17.335	59.439	6.488	54.728	0.32	0.812	6000.0
658	18.322	62.735	6.625	54.16	0.359	0.815	6000.0
659	17.49	59.845	6.893	50.831	0.32	0.838	6000.0
660	16.629	56.882	6.475	52.646	0.322	0.828	6000.0
661	17.266	59.048	6.224	52.125	0.322	0.828	6000.0
662	16.158	55.27	6.243	50.637	0.28	0.841	6000.0
663	17.663	60.504	6.831	54.198	0.358	0.821	6000.0
664	17.864	61.159	7.014	54.398	0.344	0.813	6000.0
665	18.852	64.544	6.986	57.465	0.349	0.786	6000.0
666	16.351	56.03	6.75	53.82	0.318	0.821	6000.0
667	18.245	62.468	7.043	55.417	0.334	0.809	6000.0
668	18.013	61.756	6.936	55.746	0.337	0.808	6000.0
669	18.533	63.414	7.129	56.178	0.359	0.799	6000.0
670	17.985	61.384	7.341	54.601	0.329	0.817	6000.0
671	19.05	65.159	7.55	58.09	0.37	0.78	6000.0
672	19.014	65.071	7.355	56.738	0.386	0.796	6000.0
673	18.763	64.337	7.148	56.385	0.382	0.8	6000.0
674	18.526	63.618	7.342	56.67	0.357	0.795	6000.0
675	19.208	65.961	7.42	58.224	0.382	0.781	6000.0
676	19.687	67.46	7.401	57.299	0.386	0.788	6000.0
677	18.795	64.346	7.523	58.596	0.367	0.78	6000.0
678	18.898	64.854	7.473	56.399	0.368	0.796	6000.0
679	17.5	59.976	7.49	55.525	0.362	0.801	6000.0
680	18.828	64.515	7.389	57.073	0.384	0.778	6000.0
681	18.68	64.069	7.05	55.446	0.349	0.808	6000.0
682	18.383	63.215	7.131	56.873	0.352	0.796	6000.0
683	17.574	60.003	7.081	55.344	0.332	0.806	6000.0
684	18.526	63.619	7.375	57.181	0.355	0.789	6000.0
685	18.365	62.904	6.934	55.225	0.37	0.802	6000.0
686	19.002	65.058	7.084	55.436	0.359	0.799	6000.0
687	19.336	66.266	7.648	59.345	0.361	0.781	6000.0
688	19.32	66.15	7.844	59.743	0.366	0.77	6000.0
689	18.918	64.804	7.284	57.707	0.381	0.783	6000.0
690	19.996	68.533	7.579	59.355	0.401	0.784	6000.0
691	16.048	54.842	6.133	50.423	0.275	0.845	6000.0
692	17.11	58.519	6.65	52.228	0.332	0.828	6000.0
693	19.72	67.678	7.771	59.21	0.401	0.771	6000.0
694	17.629	60.311	6.718	53.967	0.305	0.819	6000.0
695	19.72	67.682	7.802	59.787	0.4	0.767	6000.0
696	20.09	68.862	7.496	59.415	0.406	0.771	6000.0
697	18.298	62.698	7.08	56.495	0.363	0.801	6000.0
698	17.656	60.342	7.105	55.645	0.356	0.804	6000.0
699	16.011	54.906	6.291	48.139	0.287	0.859	6000.0
700	17.072	58.547	6.877	54.668	0.33	0.81	6000.0
701	17.664	60.336	6.941	54.686	0.338	0.812	6000.0
702	17.057	58.486	6.755	50.729	0.323	0.826	6000.0
703	20.084	68.988	7.985	59.126	0.394	0.785	6000.0
704	17.17	58.881	6.925	54.24	0.347	0.814	6000.0
705	21.433	73.561	8.929	65.781	0.468	0.72	6000.0
706	21.038	72.088	8.02	62.491	0.413	0.752	6000.0
707	17.779	60.851	6.814	55.313	0.347	0.807	6000.0
708	17.446	59.769	6.647	53.908	0.302	0.818	6000.0
709	17.544	60.126	6.871	53.624	0.347	0.827	6000.0
710	18.692	64.112	6.906	54.667	0.359	0.819	6000.0
711	17.704	60.586	7.051	55.168	0.333	0.808	6000.0
712	18.211	62.418	7.392	56.688	0.368	0.802	6000.0
713	17.16	58.903	6.252	49.907	0.313	0.849	6000.0
714	18.097	62.14	7.032	55.462	0.336	0.812	6000.0
715	18.181	62.293	7.011	54.48	0.352	0.818	6000.0
716	19.404	66.507	7.625	59.163	0.376	0.777	6000.0
717	17.639	60.281	6.87	54.756	0.331	0.812	6000.0
718	18.711	64.073	7.162	56.46	0.347	0.805	6000.0
719	16.642	57.052	6.352	51.644	0.282	0.831	6000.0
720	16.933	58.147	6.64	53.267	0.322	0.825	6000.0
721	14.218	48.71	5.617	47.331	0.246	0.859	6000.0
722	19.0	65.129	7.222	56.483	0.372	0.798	6000.0
723	16.916	57.973	6.473	52.625	0.309	0.828	6000.0
724	19.152	65.588	7.408	56.991	0.365	0.805	6000.0
725	17.0	58.218	6.451	51.667	0.302	0.836	6000.0
726	17.071	58.472	6.477	52.805	0.311	0.832	6000.0
727	16.581	56.975	6.56	52.497	0.318	0.827	6000.0
728	16.915	58.104	6.438	50.468	0.332	0.84	6000.0
729	17.358	59.494	6.475	53.529	0.331	0.825	6000.0
730	19.525	66.965	7.981	58.788	0.373	0.783	6000.0
731	20.559	70.487	8.039	60.501	0.423	0.766	6000.0
732	18.393	63.045	7.219	56.409	0.369	0.796	6000.0
733	18.442	63.059	7.466	57.312	0.362	0.792	6000.0
734	17.868	61.289	6.898	54.881	0.353	0.808	6000.0
735	16.742	57.162	6.965	52.176	0.307	0.832	6000.0
736	19.239	65.991	7.267	58.095	0.35	0.784	6000.0
737	18.998	65.246	7.209	56.857	0.365	0.793	6000.0
738	18.512	63.571	7.133	57.834	0.339	0.785	6000.0
739	18.407	63.084	7.12	56.394	0.365	0.804	6000.0
740	19.293	66.126	7.32	57.25	0.372	0.788	6000.0
741	17.031	58.305	6.632	51.869	0.306	0.835	6000.0
742	19.823	67.873	7.647	60.96	0.383	0.761	6000.0
743	16.149	55.212	6.227	50.547	0.279	0.841	6000.0
744	17.929	61.439	6.929	54.474	0.318	0.816	6000.0
745	19.877	68.094	7.795	59.957	0.386	0.775	6000.0
746	18.192	62.135	7.52	55.57	0.341	0.804	6000.0
747	19.857	67.943	7.568	56.908	0.376	0.791	6000.0
748	18.226	62.428	6.823	54.263	0.329	0.818	6000.0
749	17.848	61.132	6.897	54.52	0.348	0.814	6000.0
750	19.442	66.506	7.631	58.035	0.382	0.782	6000.0
751	17.983	61.663	6.737	53.685	0.34	0.822	6000.0
752	17.485	59.867	7.11	54.57	0.343	0.81	6000.0
753	20.506	70.119	8.125	59.297	0.406	0.769	6000.0
754	18.258	62.66	7.021	55.863	0.363	0.797	6000.0
755	17.96	61.546	6.724	54.338	0.359	0.813	6000.0
756	17.881	61.359	6.52	54.237	0.348	0.816	6000.0
757	18.45	63.232	6.738	55.213	0.366	0.804	6000.0
758	17.459	59.799	6.788	53.298	0.318	0.82	6000.0
759	14.622	50.239	5.863	47.194	0.273	0.859	6000.0
760	18.841	64.587	7.373	57.571	0.381	0.785	6000.0
761	17.431	59.502	6.865	53.36	0.307	0.824	6000.0
762	17.224	59.123	6.727	54.768	0.353	0.804	6000.0
763	18.307	62.743	7.056	56.975	0.347	0.793	6000.0
764	17.983	61.586	6.786	53.062	0.354	0.822	6000.0
765	19.667	67.434	7.659	59.39	0.418	0.771	6000.0
766	16.011	54.913	6.158	50.092	0.292	0.844	6000.0
767	16.228	55.559	6.154	51.292	0.278	0.835	6000.0
768	17.8	60.784	7.345	54.152	0.351	0.816	6000.0
769	18.568	63.753	6.899	55.738	0.333	0.802	6000.0
770	20.125	68.993	7.444	57.149	0.396	0.786	6000.0
771	20.316	69.564	8.307	61.002	0.403	0.765	6000.0
772	18.86	64.578	7.206	58.746	0.376	0.777	6000.0
773	15.934	54.642	6.107	50.102	0.295	0.838	6000.0
774	18.446	63.162	6.992	55.822	0.319	0.809	6000.0
775	16.365	56.176	6.365	52.531	0.333	0.821	6000.0
776	18.129	62.049	7.142	54.343	0.329	0.81	6000.0
777	18.786	64.526	7.323	56.113	0.399	0.788	6000.0
778	17.755	60.843	6.869	55.973	0.353	0.804	6000.0
779	17.436	59.709	6.779	53.443	0.315	0.819	6000.0
780	18.004	61.721	7.181	54.969	0.36	0.812	6000.0
781	18.687	64.111	7.483	58.194	0.346	0.786	6000.0
782	17.279	59.28	6.475	52.894	0.321	0.819	6000.0
783	17.903	61.287	7.251	56.992	0.332	0.788	6000.0
784	18.598	64.017	7.456	57.904	0.386	0.784	6000.0
785	16.181	55.543	6.319	50.362	0.299	0.839	6000.0
786	17.175	58.688	6.484	51.357	0.307	0.839	6000.0
787	20.559	70.448	7.772	59.829	0.425	0.769	6000.0
788	16.741	57.39	6.282	51.49	0.319	0.833	6000.0
789	17.014	58.377	6.171	51.897	0.309	0.829	6000.0
790	16.717	57.229	6.465	52.124	0.294	0.832	6000.0
791	19.52	66.673	7.771	58.534	0.398	0.782	6000.0
792	16.661	57.113	6.435	51.462	0.303	0.839	6000.0
793	19.23	65.944	7.675	59.038	0.373	0.79	6000.0
794	17.876	61.155	6.875	54.979	0.334	0.81	6000.0
795	18.167	62.158	7.04	55.818	0.342	0.805	6000.0
796	18.066	61.802	6.924	53.954	0.324	0.821	6000.0
797	18.378	63.142	7.137	53.254	0.355	0.829	6000.0
798	18.966	64.877	7.308	57.471	0.357	0.788	6000.0
799	17.874	61.154	7.041	53.573	0.324	0.816	6000.0
800	19.255	66.037	7.417	57.088	0.357	0.796	6000.0
801	18.015	61.8	7.126	55.184	0.367	0.81	6000.0
802	16.416	56.303	6.18	51.372	0.296	0.831	6000.0
803	18.809	64.512	6.927	55.863	0.331	0.806	6000.0
804	19.235	66.09	7.086	57.455	0.376	0.789	6000.0
805	15.859	54.272	6.464	50.823	0.289	0.838	6000.0
806	16.974	58.008	6.926	55.087	0.333	0.812	6000.0
807	17.583	60.123	6.991	55.143	0.33	0.811	6000.0
808	18.296	62.834	7.106	55.78	0.334	0.804	6000.0
809	17.849	61.115	6.631	53.659	0.332	0.82	6000.0
810	17.423	59.567	6.779	52.466	0.342	0.829	6000.0
811	19.107	65.369	7.444	57.984	0.381	0.789	6000.0
812	17.119	58.571	6.822	53.681	0.308	0.819	6000.0
813	18.138	61.99	6.634	53.627	0.343	0.816	6000.0
814	18.4	63.039	7.354	56.969	0.351	0.8	6000.0
815	17.659	60.358	6.654	51.923	0.316	0.835	6000.0
816	19.123	65.492	7.153	56.234	0.36	0.799	6000.0
817	17.379	59.503	7.017	55.527	0.335	0.806	6000.0
818	17.943	61.379	6.992	55.217	0.359	0.803	6000.0
819	17.159	58.758	6.509	52.006	0.321	0.83	6000.0
820	16.829	57.649	6.615	53.771	0.312	0.818	6000.0
821	19.794	67.784	7.87	58.141	0.395	0.784	6000.0
822	17.213	58.983	6.733	54.324	0.325	0.815	6000.0
823	15.759	54.058	6.03	49.004	0.29	0.848	6000.0
824	17.338	59.256	6.683	51.072	0.319	0.838	6000.0
825	18.799	64.397	7.47	58.35	0.366	0.778	6000.0
826	17.85	61.071	6.993	53.582	0.32	0.83	6000.0
827	18.408	63.105	6.953	56.616	0.336	0.804	6000.0
828	18.77	64.396	7.083	57.322	0.347	0.792	6000.0
829	16.32	55.965	6.044	50.228	0.287	0.846	6000.0
830	18.181	62.355	6.928	56.432	0.35	0.802	6000.0
831	18.007	61.727	7.249	57.347	0.353	0.792	6000.0
832	19.431	66.685	7.256	57.747	0.413	0.786	6000.0
833	17.196	58.917	6.634	55.256	0.334	0.802	6000.0
834	19.246	65.847	7.245	57.671	0.368	0.793	6000.0
835	17.571	60.21	6.921	55.274	0.354	0.804	6000.0
836	18.596	63.586	6.999	56.129	0.367	0.798	6000.0
837	16.29	55.741	6.382	50.87	0.325	0.844	6000.0
838	17.783	61.082	6.793	55.51	0.34	0.796	6000.0
839	18.973	65.114	7.425	56.717	0.37	0.794	6000.0
840	18.057	61.877	6.831	55.385	0.347	0.795	6000.0
841	21.267	72.71	8.616	62.752	0.42	0.754	6000.0
842	18.847	64.535	6.94	55.491	0.37	0.808	6000.0
843	16.354	55.902	6.285	51.861	0.316	0.833	6000.0
844	18.851	64.634	7.377	58.525	0.4	0.788	6000.0
845	16.281	55.927	6.266	50.791	0.305	0.835	6000.0
846	17.064	58.502	6.82	55.273	0.318	0.808	6000.0
847	19.301	66.153	7.72	60.222	0.401	0.764	6000.0
848	15.934	54.415	6.11	50.534	0.303	0.836	6000.0
849	16.774	57.522	6.324	51.673	0.318	0.828	6000.0
850	19.708	67.452	7.792	59.185	0.41	0.767	6000.0
851	18.018	61.799	6.866	55.255	0.339	0.802	6000.0
852	14.803	50.734	5.585	47.025	0.246	0.862	6000.0
853	18.394	63.13	6.769	55.124	0.344	0.804	6000.0
854	19.654	67.255	7.445	58.444	0.403	0.785	6000.0
855	17.922	61.398	6.834	55.161	0.32	0.813	6000.0
856	16.865	57.691	6.405	51.507	0.296	0.835	6000.0
857	17.116	58.648	6.425	52.385	0.314	0.835	6000.0
858	20.462	69.952	7.845	59.342	0.391	0.782	6000.0
859	17.938	61.515	6.848	55.105	0.361	0.81	6000.0
860	20.654	70.79	8.02	59.96	0.443	0.771	6000.0
861	17.191	58.967	6.379	52.386	0.314	0.826	6000.0
862	17.557	60.111	6.779	53.954	0.311	0.815	6000.0
863	20.365	69.886	7.445	59.747	0.423	0.77	6000.0
864	17.978	61.618	7.413	57.729	0.369	0.786	6000.0
865	18.502	63.516	7.551	57.505	0.362	0.794	6000.0
866	17.899	61.19	6.91	55.229	0.325	0.809	6000.0
867	18.627	63.784	7.013	56.401	0.357	0.797	6000.0
868	17.27	59.205	6.725	52.603	0.317	0.836	6000.0
869	17.386	59.566	6.723	55.145	0.324	0.807	6000.0
870	19.538	66.935	7.561	57.926	0.384	0.784	6000.0
871	18.175	62.375	7.264	55.223	0.353	0.806	6000.0
872	17.891	61.408	6.974	55.361	0.359	0.806	6000.0
873	18.924	64.927	7.1	56.841	0.403	0.787	6000.0
874	18.705	64.099	7.356	56.488	0.366	0.793	6000.0
875	20.79	71.434	7.95	60.893	0.416	0.758	6000.0
876	17.521	60.018	7.373	56.197	0.327	0.805	6000.0
877	18.958	64.894	7.406	56.5	0.355	0.796	6000.0
878	17.189	58.914	6.522	52.861	0.308	0.828	6000.0
879	18.884	64.82	7.18	54.628	0.337	0.808	6000.0
880	19.479	66.915	7.375	57.013	0.403	0.791	6000.0
881	18.047	61.801	7.43	56.863	0.336	0.798	6000.0
882	20.679	70.774	8.167	59.998	0.41	0.772	6000.0
883	16.683	57.124	6.715	52.381	0.291	0.833	6000.0
884	18.567	63.775	7.28	57.461	0.364	0.792	6000.0
885	16.765	57.413	6.415	52.136	0.313	0.827	6000.0
886	17.602	60.362	7.085	54.698	0.315	0.814	6000.0
887	18.359	63.045	7.205	56.603	0.341	0.804	6000.0
888	17.074	58.494	6.542	52.256	0.309	0.835	6000.0
889	16.104	55.364	6.634	52.425	0.3	0.828	6000.0
890	18.835	64.515	7.099	56.458	0.375	0.796	6000.0
891	19.558	66.989	7.459	58.8	0.385	0.779	6000.0
892	18.871	64.63	7.228	57.201	0.369	0.801	6000.0
893	17.313	59.279	6.532	54.427	0.354	0.807	6000.0
894	17.357	59.523	6.402	51.447	0.306	0.836	6000.0
895	17.506	59.973	6.704	53.326	0.322	0.827	6000.0
896	17.953	61.373	7.085	54.602	0.347	0.815	6000.0
897	19.542	67.065	7.334	57.519	0.383	0.79	6000.0
898	18.435	63.287	7.0	55.837	0.374	0.797	6000.0
899	18.235	62.554	6.905	55.664	0.347	0.798	6000.0
900	18.874	64.653	7.209	58.779	0.381	0.779	6000.0
901	17.651	60.588	7.015	54.66	0.329	0.813	6000.0
902	13.237	45.284	5.55	43.243	0.239	0.887	6000.0
903	16.83	57.718	6.257	52.539	0.33	0.822	6000.0
904	16.394	56.192	6.479	52.669	0.297	0.825	6000.0
905	18.153	62.088	7.116	55.178	0.337	0.812	6000.0
906	18.809	64.483	7.17	56.535	0.382	0.792	6000.0
907	18.185	62.235	7.138	55.006	0.345	0.814	6000.0
908	18.341	63.106	6.88	54.003	0.337	0.812	6000.0
909	18.779	64.383	7.269	55.518	0.368	0.809	6000.0
910	18.41	62.97	7.121	56.672	0.342	0.799	6000.0
911	19.214	65.725	7.217	55.834	0.391	0.795	6000.0
912	19.925	68.455	7.78	58.534	0.42	0.784	6000.0
913	16.775	57.693	6.492	51.814	0.317	0.826	6000.0
914	18.932	64.819	7.567	57.58	0.371	0.787	6000.0
915	19.059	65.255	7.33	57.65	0.369	0.788	6000.0
916	16.646	57.025	6.818	52.308	0.342	0.833	6000.0
917	18.482	63.277	6.991	55.139	0.371	0.808	6000.0
918	16.923	57.915	6.513	53.608	0.323	0.824	6000.0
919	19.537	66.826	7.52	59.269	0.383	0.776	6000.0
920	19.066	65.361	7.449	56.498	0.363	0.801	6000.0
921	18.696	64.031	7.407	56.437	0.352	0.802	6000.0
922	17.872	61.083	6.95	54.309	0.329	0.814	6000.0
923	17.699	60.553	7.097	54.182	0.329	0.818	6000.0
924	18.286	62.635	6.9	55.568	0.352	0.809	6000.0
925	17.26	59.273	6.942	54.68	0.313	0.81	6000.0
926	16.879	57.791	6.544	53.26	0.305	0.824	6000.0
927	18.031	61.685	7.231	56.278	0.343	0.796	6000.0
928	17.183	58.746	6.755	53.767	0.317	0.823	6000.0
929	18.447	63.256	7.263	56.793	0.323	0.797	6000.0
930	20.634	70.586	8.33	61.843	0.445	0.755	6000.0
931	15.882	54.221	6.223	49.386	0.275	0.841	6000.0
932	20.496	70.349	7.734	60.062	0.429	0.764	6000.0
933	17.541	60.04	6.741	52.377	0.325	0.832	6000.0
934	19.459	66.85	7.918	60.348	0.411	0.76	6000.0
935	17.644	60.245	7.146	53.333	0.333	0.82	6000.0
936	18.605	63.543	7.057	54.668	0.352	0.808	6000.0
937	16.05	55.053	6.275	50.913	0.298	0.846	6000.0
938	17.621	60.311	6.59	53.671	0.34	0.822	6000.0
939	18.848	64.529	7.26	57.308	0.359	0.79	6000.0
940	18.956	64.983	7.271	57.454	0.358	0.786	6000.0
941	19.348	66.265	7.537	57.251	0.391	0.791	6000.0
942	18.885	65.005	7.243	56.591	0.394	0.795	6000.0
943	17.714	60.793	6.846	55.58	0.346	0.803	6000.0
944	18.833	64.68	7.371	56.499	0.376	0.797	6000.0
945	17.733	60.705	7.065	52.36	0.307	0.833	6000.0
946	19.187	65.807	7.358	58.245	0.386	0.783	6000.0
947	18.701	64.028	7.18	55.944	0.357	0.806	6000.0
948	17.35	59.444	6.431	52.932	0.302	0.827	6000.0
949	17.46	59.822	6.631	52.216	0.326	0.829	6000.0
950	18.779	64.485	7.025	56.343	0.366	0.803	6000.0
951	19.125	65.591	7.828	59.992	0.375	0.773	6000.0
952	17.847	61.268	6.82	53.862	0.35	0.814	6000.0
953	17.66	60.495	6.8	53.666	0.33	0.828	6000.0
954	17.677	60.745	6.906	54.978	0.349	0.799	6000.0
955	17.505	60.017	6.809	54.931	0.325	0.806	6000.0
956	16.015	54.862	6.179	51.214	0.291	0.836	6000.0
957	20.902	71.642	8.12	60.347	0.429	0.768	6000.0
958	17.647	60.28	6.908	54.19	0.349	0.816	6000.0
959	19.615	67.015	7.753	58.437	0.409	0.778	6000.0
960	17.781	60.9	6.525	52.976	0.322	0.824	6000.0
961	20.405	69.824	8.061	60.239	0.41	0.77	6000.0
962	17.785	60.913	7.16	55.85	0.362	0.802	6000.0
963	19.86	67.987	7.335	57.772	0.419	0.783	6000.0
964	18.949	65.201	7.278	58.335	0.383	0.777	6000.0
965	19.143	65.637	7.208	56.42	0.378	0.797	6000.0
966	18.647	63.818	7.317	55.474	0.379	0.81	6000.0
967	17.566	60.306	6.652	53.385	0.347	0.824	6000.0
968	15.879	54.357	6.343	50.105	0.29	0.843	6000.0
969	16.611	56.868	6.606	52.798	0.301	0.832	6000.0
970	18.46	63.281	7.283	57.278	0.343	0.797	6000.0
971	18.761	64.374	7.065	56.28	0.381	0.798	6000.0
972	17.967	61.598	7.02	55.984	0.33	0.805	6000.0
973	18.566	63.643	7.077	54.588	0.325	0.818	6000.0
974	19.503	66.803	7.579	60.156	0.394	0.776	6000.0
975	19.011	65.001	7.501	56.876	0.341	0.8	6000.0
976	17.254	59.136	6.806	53.819	0.319	0.811	6000.0
977	19.547	67.161	8.478	58.939	0.405	0.775	6000.0
978	19.154	65.619	7.347	59.842	0.418	0.769	6000.0
979	17.908	61.342	6.581	54.45	0.329	0.811	6000.0
980	19.476	66.836	7.26	57.306	0.388	0.796	6000.0
981	18.679	63.832	6.991	54.488	0.37	0.813	6000.0
982	16.775	57.478	6.452	54.596	0.297	0.811	6000.0
983	16.703	57.288	6.34	50.812	0.287	0.844	6000.0
984	18.223	62.371	7.386	56.543	0.338	0.8	6000.0
985	17.804	60.867	7.356	55.359	0.341	0.816	6000.0
986	17.846	61.117	6.946	52.354	0.342	0.829	6000.0
987	15.668	53.587	6.212	50.011	0.285	0.846	6000.0
988	18.035	61.775	6.608	54.627	0.337	0.808	6000.0
989	19.342	66.21	7.513	58.336	0.379	0.784	6000.0
990	19.703	67.666	7.951	59.333	0.383	0.776	6000.0
991	18.394	62.967	7.021	56.726	0.363	0.8	6000.0
992	18.406	63.094	7.112	57.436	0.336	0.792	6000.0
993	17.764	60.792	6.751	54.485	0.337	0.816	6000.0
994	17.09	58.607	6.699	54.577	0.305	0.808	6000.0
995	17.314	59.45	6.574	51.637	0.317	0.833	6000.0
996	17.419	59.74	7.142	55.006	0.325	0.806	6000.0
997	17.031	58.374	6.375	50.533	0.334	0.841	6000.0
998	18.981	64.77	7.057	55.38	0.353	0.807	6000.0
999	18.207	62.501	6.91	55.087	0.363	0.801	6000.0
1000	21.574	73.927	8.766	63.702	0.452	0.745	6000.0
